0 0.005333333333333333 0.016587677725118485 0.024888888888888887 0.11374407582938388
0 0.04533333333333334 0.8625592417061612 0.12266666666666666 0.11137440758293839
0 0.04888888888888889 0.07819905213270142 0.058666666666666666 0.08767772511848342
0 0.7493333333333333 0.6765402843601895 0.03911111111111111 0.052132701421800945
0 0.6506666666666666 0.6789099526066351 0.07644444444444465 0.0947867298578199
0 0.5048888888888889 0.20616113744075829 0.06222222222222202 0.05924170616113744
0 0.3662222222222222 0.5438388625592417 0.051555555555555556 0.08056872037914678
0 0.4737777777777778 0.23696682464454977 0.06933333333333333 0.06872037914691943
0 0.07822222222222222 0.15876777251184834 0.07466666666666667 0.12796208530805686
0 0.15466666666666667 0.2914691943127962 0.06755555555555555 0.08056872037914692
0 0.48355555555555557 0.0462085308056872 0.06222222222222222 0.07345971563981042
