0 0.6316526610644257 0.1791044776119403 0.056022408963585436 0.08955223880597014
0 0.511204481792717 0.4216417910447761 0.05322128851540616 0.07835820895522388
0 0.30392156862745096 0.36380597014925375 0.044817927170868424 0.05970149253731343
0 0.5868347338935574 0.36007462686567165 0.0784313725490196 0.08208955223880597
0 0.6722689075630253 0.7033582089552238 0.05602240896358528 0.0708955223880597
0 0.6820728291316527 0.6044776119402985 0.056022408963585436 0.07835820895522388
0 0.3949579831932773 0.23880597014925373 0.05042016806722689 0.07835820895522388
0 0.43137254901960786 0.8414179104477612 0.04201680672268908 0.08208955223880597
0 0.06442577030812324 0.6996268656716418 0.05602240896358546 0.06343283582089553
0 0.9551820728291317 0.11567164179104478 0.0700280112044818 0.05970149253731343
0 0.21008403361344538 0.34328358208955223 0.06442577030812324 0.0708955223880597
0 0.21288515406162464 0.09888059701492537 0.06442577030812324 0.06716417910447761
0 0.0938375350140056 0.44776119402985076 0.047619047619047616 0.055970149253731345
0 0.4341736694677871 0.7630597014925373 0.0392156862745098 0.0708955223880597
0 0.7338935574229691 0.125 0.03361344537815126 0.07462686567164178
0 0.35154061624649857 0.5970149253731343 0.053221288515406244 0.07462686567164178
0 0.6848739495798319 0.8563432835820896 0.06162464985994398 0.08208955223880597
0 0.46638655462184875 0.9794776119402985 0.047619047619047616 0.0708955223880597
0 0.24789915966386555 0.40671641791044777 0.056022408963585436 0.05970149253731343
0 0.8137254901960784 0.9514925373134329 0.056022408963585436 0.08955223880597014
0 0.7633053221288515 0.27611940298507465 0.056022408963585436 0.055970149253731345
0 0.46638655462184875 0.5111940298507462 0.04481792717086835 0.08955223880597014
0 0.4019607843137255 0.47201492537313433 0.07282913165266107 0.08955223880597014
0 0.36134453781512604 0.10820895522388059 0.056022408963585436 0.07462686567164181
0 0.7829131652661064 0.8675373134328358 0.047619047619047616 0.07462686567164178
0 0.33473389355742295 0.8656716417910447 0.044817927170868424 0.07462686567164158
0 0.757703081232493 0.47201492537313433 0.06722689075630252 0.08582089552238806
0 0.2759103641456583 0.5466417910447762 0.047619047619047616 0.048507462686567165
0 0.6274509803921569 0.26865671641791045 0.036414565826330535 0.06716417910447761
0 0.3067226890756303 0.7444029850746269 0.042016806722688996 0.05223880597014925
0 0.18487394957983194 0.9216417910447762 0.04201680672268908 0.055970149253731345
0 0.5252100840336135 0.07649253731343283 0.0392156862745098 0.055970149253731345
0 0.7366946778711485 0.7686567164179104 0.0700280112044818 0.1044776119402985
0 0.4677871148459384 0.38992537313432835 0.047619047619047616 0.0708955223880597
0 0.6400560224089635 0.8022388059701493 0.030812324929972146 0.048507462686567165
0 0.1092436974789916 0.5970149253731343 0.05042016806722689 0.08208955223880597
0 0.1792717086834734 0.7014925373134329 0.047619047619047616 0.06716417910447761
0 0.42997198879551823 0.08022388059701492 0.047619047619047616 0.06716417910447761
0 0.21008403361344538 0.6753731343283582 0.047619047619047616 0.06343283582089553
0 0.19047619047619047 0.4458955223880597 0.05042016806722689 0.06343283582089553
0 0.3277310924369748 0.27798507462686567 0.036414565826330535 0.0708955223880597
0 0.19327731092436976 0.6324626865671642 0.04201680672268908 0.048507462686567165
0 0.4411764705882353 0.6082089552238806 0.06442577030812324 0.07835820895522388
0 0.7857142857142857 0.07276119402985075 0.0700280112044818 0.07835820895522388
0 0.1568627450980392 0.5839552238805971 0.06162464985994398 0.06343283582089553
0 0.22829131652661064 0.5970149253731343 0.028011204481792718 0.05223880597014925
0 0.1134453781512605 0.1287313432835821 0.05042016806722689 0.06343283582089553
0 0.2619047619047619 0.6305970149253731 0.05322128851540616 0.06343283582089553
0 0.1638655462184874 0.4925373134328358 0.05042016806722689 0.06716417910447761
0 0.49719887955182074 0.024253731343283583 0.0392156862745098 0.05970149253731343
0 0.5532212885154062 0.15111940298507462 0.047619047619047616 0.06343283582089553
0 0.08263305322128851 0.5130597014925373 0.047619047619047616 0.06716417910447761
