0 0.4019607843137255 0.18097014925373134 0.04201680672268908 0.05223880597014925
0 0.3865546218487395 0.027985074626865673 0.04201680672268908 0.0708955223880597
0 0.43137254901960786 0.06902985074626866 0.03361344537815126 0.048507462686567165
0 0.4495798319327731 0.16977611940298507 0.05322128851540616 0.05970149253731343
0 0.7549019607843137 0.835820895522388 0.04201680672268908 0.06343283582089553
0 0.5084033613445378 0.03731343283582089 0.0392156862745098 0.03731343283582089
0 0.5238095238095238 0.005597014925373134 0.047619047619047616 0.026119402985074626
0 0.32212885154061627 0.43283582089552236 0.0616246498599439 0.09701492537313422
0 0.21708683473389356 0.9832089552238806 0.05322128851540616 0.12313432835820895
0 0.4957983193277311 0.39365671641791045 0.036414565826330535 0.06716417910447761
0 0.4887955182072829 0.2462686567164179 0.03081232492997199 0.04477611940298507
0 0.5028011204481793 0.21082089552238806 0.047619047619047616 0.05970149253731343
0 0.9523809523809523 0.6548507462686567 0.06722689075630252 0.07835820895522388
0 0.865546218487395 0.26119402985074625 0.0392156862745098 0.041044776119402986
0 0.438375350140056 0.4552238805970149 0.04201680672268908 0.07835820895522388
0 0.8865546218487395 0.21641791044776118 0.04481792717086835 0.04477611940298513
0 0.7801120448179272 0.06716417910447761 0.06442577030812324 0.08582089552238806
0 0.4831932773109244 0.44776119402985076 0.05322128851540616 0.08208955223880597
0 0.4411764705882353 0.28544776119402987 0.047619047619047616 0.05970149253731343
0 0.5630252100840336 0.08395522388059702 0.047619047619047616 0.08208955223880597
0 0.9285714285714286 0.7611940298507462 0.05042016806722689 0.05223880597014925
0 0.46218487394957986 0.5018656716417911 0.036414565826330535 0.05223880597014925
0 0.8361344537815126 0.1044776119402985 0.06442577030812324 0.07462686567164178
0 0.4565826330532213 0.333955223880597 0.03361344537815126 0.041044776119402986
0 0.9411764705882353 0.2873134328358209 0.05042016806722689 0.06716417910447761
0 0.3949579831932773 0.09514925373134328 0.0392156862745098 0.08208955223880597
0 0.5098039215686274 0.0914179104477612 0.06162464985994398 0.0708955223880597
0 0.3963585434173669 0.22574626865671643 0.04481792717086835 0.05970149253731343
