0 0.6008403361344538 0.8264925373134329 0.0392156862745098 0.048507462686567165
0 0.22549019607843138 0.5541044776119403 0.056022408963585436 0.06343283582089553
0 0.7843137254901961 0.6809701492537313 0.058823529411764705 0.06343283582089553
0 0.757703081232493 0.7350746268656716 0.03081232492997199 0.03731343283582089
0 0.7170868347338936 0.5205223880597015 0.036414565826330535 0.0708955223880597
0 0.46078431372549017 0.6865671641791045 0.058823529411764705 0.06343283582089553
0 0.5588235294117647 0.48880597014925375 0.058823529411764705 0.05970149253731343
0 0.6302521008403361 0.4123134328358209 0.03081232492997199 0.04477611940298507
0 0.9565826330532213 0.34701492537313433 0.04201680672268908 0.048507462686567165
0 0.7296918767507002 0.38619402985074625 0.022408963585434174 0.05223880597014925
0 0.742296918767507 0.46455223880597013 0.036414565826330535 0.06343283582089553
0 0.7843137254901961 0.871268656716418 0.047619047619047616 0.0708955223880597
0 0.7450980392156863 0.020522388059701493 0.03081232492997199 0.06716417910447761
0 0.7535014005602241 0.3824626865671642 0.03081232492997199 0.03731343283582089
0 0.5700280112044818 0.5764925373134329 0.05322128851540616 0.06343283582089553
0 0.9089635854341737 0.5597014925373134 0.056022408963585436 0.05970149253731343
0 0.757703081232493 0.7779850746268657 0.047619047619047616 0.048507462686567165
0 0.48739495798319327 0.9477611940298507 0.05042016806722689 0.04477611940298507
0 0.7745098039215687 0.621268656716418 0.036414565826330535 0.05223880597014925
0 0.6358543417366946 0.8992537313432836 0.028011204481792718 0.04477611940298507
0 0.8025210084033614 0.026119402985074626 0.04201680672268908 0.07462686567164178
0 0.6400560224089635 0.8488805970149254 0.047619047619047776 0.06716417910447761
0 0.8599439775910365 0.6828358208955224 0.058823529411764705 0.08208955223880597
0 0.7997198879551821 0.458955223880597 0.05042016806722689 0.048507462686567165
0 0.5518207282913166 0.664179104477612 0.03081232492997199 0.04477611940298507
0 0.4803921568627451 0.5578358208955224 0.04201680672268908 0.055970149253731345
0 0.5294117647058824 0.9347014925373134 0.036414565826330535 0.04477611940298507
0 0.592436974789916 0.17350746268656717 0.03081232492997199 0.05970149253731343
0 0.8235294117647058 0.582089552238806 0.05322128851540616 0.05970149253731343
0 0.6722689075630253 0.7388059701492538 0.02801120448179256 0.05223880597014925
0 0.5042016806722689 0.21641791044776118 0.06442577030812324 0.0895522388059702
0 0.6162464985994398 0.30223880597014924 0.036414565826330535 0.04477611940298507
0 0.7240896358543417 0.6623134328358209 0.0392156862745098 0.04477611940298507
0 0.5658263305322129 0.23880597014925373 0.056022408963585436 0.07835820895522388
0 0.9299719887955182 0.46828358208955223 0.0392156862745098 0.05970149253731343
0 0.32633053221288516 0.6753731343283582 0.0392156862745098 0.04477611940298507
0 0.8319327731092437 0.9309701492537313 0.05042016806722689 0.0708955223880597
1 0.9033613445378151 0.40298507462686567 0.0784313725490196 0.08955223880597014
0 0.3907563025210084 0.6921641791044776 0.056022408963585436 0.048507462686567165
0 0.572829131652661 0.9235074626865671 0.04201680672268908 0.055970149253731345
0 0.603641456582633 0.009328358208955223 0.04201680672268908 0.03731343283582089
0 0.7002801120448179 0.6175373134328358 0.03921568627450996 0.04477611940298507
0 0.7801120448179272 0.8208955223880597 0.03081232492997199 0.04477611940298507
0 0.5966386554621849 0.7798507462686567 0.03081232492997199 0.048507462686567165
0 0.5560224089635855 0.8078358208955224 0.05042016806722689 0.06343283582089553
0 0.803921568627451 0.8507462686567164 0.03081232492997199 0.041044776119402986
0 0.5 0.6436567164179104 0.03081232492997199 0.04477611940298507
0 0.6092436974789915 0.9477611940298507 0.036414565826330694 0.041044776119402986
0 0.8403361344537815 0.43843283582089554 0.03361344537815126 0.041044776119402986
0 0.6526610644257703 0.3675373134328358 0.03081232492997199 0.06343283582089553
0 0.834733893557423 0.30970149253731344 0.0392156862745098 0.048507462686567165
0 0.7170868347338936 0.8246268656716418 0.05322128851540616 0.07835820895522388
0 0.6078431372549019 0.9048507462686567 0.04201680672268923 0.055970149253731345
0 0.8319327731092437 0.871268656716418 0.03361344537815126 0.05223880597014925
