0 0.43733333333333335 0.754739336492891 0.09066666666666667 0.11374407582938388
0 0.1902222222222222 0.8045023696682464 0.08177777777777782 0.11611374407582939
0 0.5795555555555556 0.39454976303317535 0.04088888888888889 0.06398104265402843
0 0.5617777777777778 0.9383886255924171 0.06755555555555555 0.06635071090047394
0 0.6097777777777778 0.9917061611374408 0.04622222222222222 0.04028436018957346
0 0.5955555555555555 0.4727488151658768 0.07288888888888909 0.1018957345971564
0 0.9813333333333333 0.7535545023696683 0.10133333333333333 0.10900473933649289
0 0.8808888888888889 0.7618483412322274 0.06222222222222202 0.08530805687203792
0 0.5342222222222223 0.4976303317535545 0.058666666666666666 0.0924170616113744
0 0.3857777777777778 0.7713270142180095 0.05333333333333334 0.08293838862559241
0 0.7093333333333334 0.9976303317535545 0.03911111111111111 0.02132701421800948
0 0.6142222222222222 0.3815165876777251 0.05511111111111111 0.0947867298578199
0 0.17955555555555555 0.07701421800947868 0.13866666666666666 0.14691943127962084
0 0.31022222222222223 0.07819905213270142 0.10666666666666667 0.13270142180094788
0 0.16622222222222222 0.18601895734597157 0.11555555555555555 0.13507109004739337
0 0.8648888888888889 0.8234597156398105 0.058666666666666666 0.05924170616113744
0 0.3333333333333333 0.4514218009478673 0.09066666666666667 0.07345971563981042
0 0.27644444444444444 0.6919431279620853 0.09066666666666667 0.11611374407582939
0 0.8302222222222222 0.17890995260663506 0.096 0.0971563981042654
0 0.2648888888888889 0.7855450236966824 0.09422222222222222 0.10426540284360189
0 0.2808888888888889 0.5367298578199052 0.10311111111111111 0.13744075829383887
0 0.5253333333333333 0.8661137440758294 0.032 0.054502369668246446
0 0.5662222222222222 0.6682464454976303 0.03911111111111111 0.0971563981042654
0 0.3937777777777778 0.6729857819905213 0.07644444444444444 0.11137440758293839
0 0.2088888888888889 0.9111374407582938 0.07288888888888884 0.0947867298578199
0 0.7777777777777778 0.9514218009478673 0.049777777777777775 0.07109004739336493
