0 0.20728291316526612 0.5018656716417911 0.024545284780578894 0.036553016905991255
0 0.8067226890756303 0.5485074626865671 0.08966573295985047 0.13492961731626227
0 0.31512605042016806 0.6082089552238806 0.027525676937441654 0.04106246021079443
0 0.2857142857142857 0.6417910447761194 0.03123809523809531 0.04898493315413448
0 0.23022222222222222 0.04976303317535545 0.019555555555555555 0.030805687203791468
0 0.7619047619047619 0.7555970149253731 0.061968253968254026 0.09070170474641007
0 0.20588235294117646 0.6529850746268657 0.03267973856209154 0.051849755959538724
0 0.232 0.8436018957345972 0.019555555555555555 0.04028436018957346
0 0.03081232492997199 0.5 0.030819794584500466 0.035545023696682464
0 0.3333333333333333 0.5335820895522388 0.02311111111111111 0.04657989672490613
0 0.3641456582633053 0.6921641791044776 0.02726423902894496 0.03598712598146708
0 0.13244444444444445 0.24289099526066352 0.02311111111111111 0.035545023696682464
0 0.43137254901960786 0.5242537313432836 0.03325490196078428 0.06746480865813113
0 0.31512605042016806 0.7910447761194029 0.0399701213818861 0.05365353328145978
0 0.31733333333333336 0.278436018957346 0.017777777777777778 0.030805687203791468
0 0.453781512605042 0.7220149253731343 0.025770308123249278 0.04412180802150393
0 0.33955555555555555 0.28080568720379145 0.028444444444444446 0.030805687203791468
0 0.6316526610644257 0.42350746268656714 0.05936134453781516 0.06502440404612007
0 0.04481792717086835 0.7033582089552238 0.025919701213818865 0.038781212421305916
0 0.2995555555555556 0.5106635071090048 0.02666666666666667 0.04265402843601896
0 0.3753501400560224 0.9421641791044776 0.047521942110177406 0.06442314493881306
0 0.9089635854341737 0.4496268656716418 0.08607282913165262 0.13859022423427877
0 0.3123249299719888 0.23880597014925373 0.018905695611577962 0.03186673268727453
0 0.7703081232492998 0.9402985074626866 0.0558281979458449 0.06963995189927125
0 0.29688888888888887 0.2796208530805687 0.032 0.030805687203791468
0 0.28991596638655465 0.24253731343283583 0.021056956115779638 0.026773714366555824
0 0.3022222222222222 0.013033175355450236 0.024888888888888887 0.04265402843601896
