0 0.45866666666666667 0.30450236966824645 0.05688888888888889 0.06872037914691943
0 0.009777777777777778 0.17535545023696683 0.037333333333333336 0.052132701421800945
0 0.4746666666666667 0.46800947867298576 0.048 0.04028436018957346
0 0.21244444444444444 0.24881516587677724 0.058666666666666666 0.052132701421800945
0 0.39111111111111113 0.17417061611374407 0.028444444444444446 0.06635071090047394
0 0.1431111111111111 0.245260663507109 0.06933333333333333 0.05924170616113744
0 0.4151111111111111 0.9727488151658767 0.028444444444444446 0.05924170616113744
0 0.2728888888888889 0.023696682464454975 0.07111111111111111 0.09004739336492891
0 0.5253333333333333 0.4466824644549763 0.032 0.054502369668246446
0 0.33511111111111114 0.2985781990521327 0.03555555555555545 0.03791469194312803
0 0.4177777777777778 0.4561611374407583 0.04622222222222212 0.05924170616113744
0 0.5662222222222222 0.4395734597156398 0.058666666666666666 0.054502369668246446
0 0.4275555555555556 0.5023696682464455 0.048 0.045023696682464455
0 0.12977777777777777 0.10308056872037914 0.08177777777777778 0.0947867298578199
0 0.6533333333333333 0.011848341232227487 0.024888888888888887 0.04028436018957346
0 0.456 0.9774881516587678 0.06755555555555555 0.09004739336492891
0 0.7617777777777778 0.3744075829383886 0.051555555555555556 0.05924170616113744
0 0.6942222222222222 0.8021327014218009 0.060444444444444446 0.08530805687203792
0 0.4151111111111111 0.7606635071090048 0.02666666666666667 0.04739336492890995
0 0.384 0.2796208530805687 0.064 0.08767772511848342
0 0.4231111111111111 0.8234597156398105 0.051555555555555556 0.07109004739336493
0 0.5902222222222222 0.4087677725118483 0.042666666666666665 0.035545023696682464
0 0.3297777777777778 0.1066350710900474 0.07822222222222222 0.1066350710900474
0 0.048 0.15758293838862558 0.033777777777777775 0.054502369668246446
0 0.39644444444444443 0.5248815165876777 0.02666666666666667 0.05213270142180081
0 0.20977777777777779 0.14336492890995262 0.07111111111111111 0.08767772511848337
0 0.5013333333333333 0.3080568720379147 0.03911111111111111 0.04976303317535545
0 0.7795555555555556 0.9123222748815166 0.042666666666666665 0.07109004739336493
0 0.5982222222222222 0.3803317535545024 0.048 0.04028436018957346
0 0.45155555555555554 0.8969194312796208 0.049777777777777775 0.08767772511848342
0 0.8213333333333334 0.5912322274881516 0.037333333333333336 0.054502369668246446
0 0.3662222222222222 0.34834123222748814 0.03911111111111111 0.04028436018957346
0 0.014222222222222223 0.11137440758293839 0.037333333333333336 0.04739336492890995
0 0.5564444444444444 0.31398104265402843 0.048 0.07582938388625593
