0 0.5952380952380952 0.36380597014925375 0.07282913165266107 0.06716417910447761
0 0.4957983193277311 0.6380597014925373 0.06162464985994398 0.08955223880597014
0 0.4957983193277311 0.5223880597014925 0.025210084033613446 0.07835820895522388
0 0.41316526610644255 0.4496268656716418 0.09243697478991597 0.08955223880597014
0 0.469187675070028 0.7611940298507462 0.047619047619047616 0.10074626865671642
0 0.5210084033613446 0.43283582089552236 0.0896358543417367 0.11567164179104467
0 0.5042016806722689 0.75 0.0392156862745098 0.10074626865671642
0 0.9159663865546218 0.5261194029850746 0.08123249299719888 0.08955223880597014
0 0.4733893557422969 0.832089552238806 0.0392156862745098 0.0708955223880597
0 0.5238095238095238 0.5503731343283582 0.0392156862745098 0.05223880597014925
0 0.5938375350140056 0.5634328358208955 0.05322128851540616 0.041044776119402986
0 0.4677871148459384 0.3712686567164179 0.08123249299719888 0.0708955223880597
0 0.6974789915966386 0.30783582089552236 0.07282913165266107 0.08955223880597005
