0 0.952 0.7049763033175356 0.02311111111111111 0.03317535545023697
0 0.9333333333333333 0.490521327014218 0.042666666666666665 0.06398104265402843
0 0.15466666666666667 0.08649289099526067 0.05333333333333334 0.04976303317535545
0 0.39466666666666667 0.01066350710900474 0.033777777777777775 0.035545023696682464
0 0.11288888888888889 0.9218009478672986 0.030222222222222223 0.052132701421800945
0 0.17422222222222222 0.052132701421800945 0.049777777777777775 0.04028436018957346
0 0.024 0.9004739336492891 0.049777777777777775 0.052132701421800945
0 0.41688888888888886 0.0509478672985782 0.032 0.035545023696682464
0 0.30577777777777776 0.014218009478672985 0.04088888888888889 0.04976303317535545
0 0.936 0.7180094786729858 0.021333333333333333 0.030805687203791468
0 0.64 0.022511848341232227 0.05688888888888889 0.06872037914691943
0 0.672 0.7914691943127962 0.04088888888888889 0.054502369668246446
