1 0.1431111111111111 0.5213270142180095 0.08355555555555555 0.0639810426540283
1 0.7706666666666667 0.8518957345971564 0.10844444444444425 0.17535545023696683
0 0.26844444444444443 0.4419431279620853 0.08177777777777778 0.0971563981042654
0 0.4142222222222222 0.4466824644549763 0.06222222222222222 0.06872037914691943
0 0.37066666666666664 0.4834123222748815 0.049777777777777775 0.06872037914691943
1 0.8853333333333333 0.20853080568720378 0.09955555555555555 0.2037914691943128
0 0.7297777777777777 0.909952606635071 0.06933333333333333 0.10426540284360189
0 0.43466666666666665 0.754739336492891 0.06755555555555555 0.08293838862559241
1 0.6542222222222223 0.38744075829383884 0.09422222222222222 0.13744075829383887
1 0.4648888888888889 0.38388625592417064 0.06222222222222222 0.08530805687203792
0 0.7546666666666667 0.11137440758293839 0.09244444444444444 0.12796208530805686
