0 0.7955182072829131 0.8507462686567164 0.09803921568627451 0.13059701492537312
0 0.6792717086834734 0.291044776119403 0.0392156862745098 0.03731343283582089
0 0.7436974789915967 0.026119402985074626 0.0700280112044818 0.09701492537313433
0 0.7408963585434174 0.585820895522388 0.09243697478991597 0.11194029850746269
0 0.6750700280112045 0.06902985074626866 0.06442577030812309 0.10074626865671642
0 0.5406162464985994 0.07276119402985075 0.08403361344537816 0.10820895522388059
0 0.2549019607843137 0.8917910447761194 0.047619047619047616 0.048507462686567165
0 0.23949579831932774 0.832089552238806 0.07563025210084033 0.10820895522388059
0 0.8515406162464986 0.11380597014925373 0.07282913165266107 0.12313432835820895
0 0.7128851540616247 0.8899253731343284 0.08683473389355742 0.11567164179104478
0 0.8795518207282913 0.4123134328358209 0.04201680672268908 0.055970149253731345
0 0.19887955182072828 0.9664179104477612 0.07282913165266107 0.08582089552238806
0 0.6680672268907563 0.31902985074626866 0.05042016806722705 0.029850746268656716
0 0.2927170868347339 0.6921641791044776 0.06442577030812324 0.08582089552238806
0 0.9047619047619048 0.457089552238806 0.07282913165266107 0.04477611940298507
0 0.8305322128851541 0.417910447761194 0.06722689075630252 0.07835820895522388
0 0.2535014005602241 0.6194029850746269 0.0784313725490196 0.1044776119402985
0 0.10784313725490197 0.16977611940298507 0.08403361344537816 0.08582089552238806
0 0.4789915966386555 0.6921641791044776 0.04201680672268908 0.05223880597014925
0 0.65406162464986 0.7817164179104478 0.0896358543417367 0.12313432835820895
0 0.9299719887955182 0.36380597014925375 0.058823529411764705 0.06716417910447761
0 0.15966386554621848 0.2593283582089552 0.08123249299719892 0.08955223880597014
0 0.896358543417367 0.9850746268656716 0.0700280112044818 0.033582089552238806
0 0.7843137254901961 0.4048507462686567 0.03081232492997199 0.03731343283582089
