0 0.46218487394957986 0.792910447761194 0.04481792717086835 0.05970149253731343
0 0.20728291316526612 0.7201492537313433 0.04201680672268908 0.0708955223880597
0 0.1484593837535014 0.8992537313432836 0.03081232492997199 0.041044776119402986
0 0.1722689075630252 0.6902985074626866 0.036414565826330535 0.055970149253731345
0 0.19187675070028012 0.8264925373134329 0.025210084033613446 0.04477611940298507
0 0.25910364145658266 0.6380597014925373 0.03921568627450973 0.048507462686567165
0 0.3557422969187675 0.7910447761194029 0.028011204481792718 0.041044776119402986
0 0.17086834733893558 0.8451492537313433 0.03081232492997199 0.041044776119402986
0 0.3487394957983193 0.667910447761194 0.047619047619047616 0.06343283582089553
0 0.2913165266106443 0.7686567164179104 0.028011204481792718 0.048507462686567165
0 0.1134453781512605 0.8078358208955224 0.05042016806722689 0.04477611940298507
0 0.11484593837535013 0.9365671641791045 0.06162464985994398 0.08208955223880597
0 0.12464985994397759 0.7425373134328358 0.047619047619047616 0.055970149253731345
0 0.27310924369747897 0.7966417910447762 0.042016806722689155 0.029850746268656716
0 0.13165266106442577 0.8470149253731343 0.0392156862745098 0.04477611940298507
0 0.1876750700280112 0.8731343283582089 0.03081232492997199 0.048507462686567165
0 0.3963585434173669 0.7444029850746269 0.05042016806722689 0.055970149253731345
0 0.00980392156862745 0.8805970149253731 0.03361344537815126 0.05970149253731343
0 0.17507002801120447 0.7388059701492538 0.0336134453781513 0.05223880597014925
0 0.3963585434173669 0.8376865671641791 0.058823529411764705 0.048507462686567165
0 0.39775910364145656 0.7835820895522388 0.0392156862745098 0.04477611940298507
0 0.29411764705882354 0.6380597014925373 0.04481792717086835 0.055970149253731345
0 0.29971988795518206 0.8619402985074627 0.04481792717086835 0.0708955223880597
0 0.2184873949579832 0.8526119402985075 0.03081232492997199 0.04477611940298507
0 0.012605042016806723 0.9253731343283582 0.047619047619047616 0.04477611940298507
0 0.05322128851540616 0.8414179104477612 0.056022408963585436 0.03731343283582089
0 0.4173669467787115 0.8059701492537313 0.036414565826330535 0.048507462686567165
0 0.21288515406162464 0.6585820895522388 0.04481792717086835 0.05223880597014925
0 0.25630252100840334 0.7238805970149254 0.030812324929972067 0.04477611940298507
0 0.09103641456582633 0.8824626865671642 0.0700280112044818 0.0708955223880597
0 0.3753501400560224 0.6921641791044776 0.03361344537815126 0.04477611940298507
0 0.32633053221288516 0.7854477611940298 0.036414565826330535 0.041044776119402986
0 0.26330532212885155 0.753731343283582 0.03081232492997199 0.041044776119402986
0 0.4103641456582633 0.7089552238805971 0.0392156862745098 0.04477611940298507
0 0.22829131652661064 0.9738805970149254 0.07282913165266107 0.08955223880597014
0 0.226890756302521 0.7873134328358209 0.03361344537815126 0.04477611940298507
0 0.2703081232492997 0.8432835820895522 0.04481792717086835 0.055970149253731345
0 0.34593837535014005 0.753731343283582 0.0392156862745098 0.041044776119402986
0 0.16666666666666666 0.7854477611940298 0.04481792717086835 0.041044776119402986
0 0.28711484593837533 0.7145522388059702 0.03641456582633061 0.048507462686567165
