0 0.8524444444444444 0.5343601895734598 0.05688888888888889 0.04739336492890982
0 0.6053333333333333 0.48578199052132703 0.06577777777777798 0.08293838862559241
0 0.17777777777777778 0.5912322274881516 0.048 0.06398104265402843
0 0.7928888888888889 0.25829383886255924 0.04088888888888889 0.04976303317535545
0 0.6213333333333333 0.6066350710900474 0.06222222222222222 0.08767772511848342
0 0.608 0.7511848341232228 0.06755555555555555 0.08293838862559241
0 0.6648888888888889 0.6848341232227488 0.06933333333333333 0.08293838862559241
0 0.31466666666666665 0.6066350710900474 0.048 0.05924170616113744
0 0.5191111111111111 0.0995260663507109 0.058666666666666666 0.0971563981042654
0 0.033777777777777775 0.6990521327014217 0.09422222222222222 0.07109004739336493
0 0.31733333333333336 0.08767772511848342 0.09422222222222222 0.12559241706161137
0 0.13066666666666665 0.8210900473933649 0.0995555555555556 0.11374407582938388
0 0.21511111111111111 0.8175355450236966 0.08888888888888889 0.12559241706161137
0 0.13955555555555554 0.9265402843601895 0.09066666666666667 0.1018957345971564
0 0.5751111111111111 0.9063981042654028 0.035555555555555556 0.045023696682464455
0 0.9591111111111111 0.23222748815165878 0.08888888888888889 0.1018957345971564
0 0.8897777777777778 0.4028436018957346 0.06222222222222222 0.05687203791469194
0 0.712 0.6042654028436019 0.08 0.10426540284360189
0 0.6595555555555556 0.9300947867298578 0.05333333333333334 0.06398104265402843
0 0.015111111111111112 0.12796208530805686 0.05511111111111111 0.07582938388625596
0 0.7848888888888889 0.4822274881516588 0.07644444444444444 0.0947867298578199
0 0.7217777777777777 0.22037914691943128 0.07466666666666667 0.11374407582938388
