0 0.27111111111111114 0.19194312796208532 0.05333333333333334 0.07819905213270142
0 0.37866666666666665 0.9644549763033176 0.048 0.0947867298578199
0 0.7493333333333333 0.2109004739336493 0.032 0.035545023696682464
0 0.8462222222222222 0.4395734597156398 0.042666666666666665 0.061611374407582936
0 0.44266666666666665 0.4656398104265403 0.064 0.08530805687203792
0 0.06311111111111112 0.9609004739336493 0.040888888888888864 0.07109004739336493
0 0.44533333333333336 0.5545023696682464 0.05333333333333323 0.07582938388625579
0 0.8533333333333334 0.1504739336492891 0.05688888888888868 0.061611374407582936
0 0.6871111111111111 0.2156398104265403 0.058666666666666666 0.045023696682464455
0 0.22044444444444444 0.20023696682464456 0.044444444444444446 0.04976303317535545
0 0.4186666666666667 0.5770142180094787 0.024888888888888887 0.04028436018957359
0 0.2702222222222222 0.4324644549763033 0.030222222222222223 0.037914691943127965
0 0.5235555555555556 0.6232227488151659 0.07288888888888889 0.08767772511848342
0 0.288 0.017772511848341232 0.05511111111111111 0.08056872037914692
0 0.6631111111111111 0.058056872037914695 0.04622222222222222 0.09004739336492891
0 0.22044444444444444 0.7784360189573459 0.06222222222222222 0.07819905213270142
0 0.3582222222222222 0.533175355450237 0.06222222222222222 0.07109004739336493
0 0.6924444444444444 0.2665876777251185 0.07111111111111111 0.07582938388625593
0 0.39911111111111114 0.4158767772511848 0.05333333333333323 0.061611374407582936
0 0.4568888888888889 0.6895734597156398 0.049777777777777775 0.07819905213270142
0 0.344 0.027251184834123223 0.05866666666666677 0.06872037914691943
0 0.64 0.017772511848341232 0.02666666666666667 0.03317535545023697
0 0.20444444444444446 0.8507109004739336 0.058666666666666666 0.08293838862559241
0 0.009777777777777778 0.985781990521327 0.035555555555555556 0.052132701421800945
0 0.8497777777777777 0.36611374407582936 0.051555555555555556 0.07345971563981042
