0 0.5336134453781513 0.208955223880597 0.025210084033613446 0.05223880597014925
0 0.4649859943977591 0.07462686567164178 0.0392156862745098 0.04477611940298507
0 0.7773109243697479 0.625 0.036414565826330535 0.05223880597014925
0 0.7282913165266106 0.8526119402985075 0.036414565826330535 0.048507462686567165
0 0.5126050420168067 0.1417910447761194 0.036414565826330694 0.055970149253731345
0 0.5910364145658263 0.27425373134328357 0.03081232492997199 0.05223880597014925
0 0.7773109243697479 0.9365671641791045 0.0392156862745098 0.05970149253731343
0 0.5574229691876751 0.22014925373134328 0.03081232492997199 0.05223880597014925
0 0.3333333333333333 0.43843283582089554 0.05042016806722689 0.08208955223880597
0 0.5014005602240896 0.9029850746268657 0.0392156862745098 0.06716417910447761
0 0.7030812324929971 0.8973880597014925 0.03921568627450996 0.048507462686567165
