1 0.5964444444444444 0.6054502369668247 0.07111111111111111 0.11374407582938388
1 0.5084444444444445 0.35071090047393366 0.06933333333333333 0.12796208530805686
0 0.6524444444444445 0.11374407582938388 0.16177777777777777 0.22274881516587677
0 0.22755555555555557 0.4324644549763033 0.11555555555555555 0.12322274881516587
0 0.19733333333333333 0.6030805687203792 0.10133333333333333 0.07109004739336479
1 0.5404444444444444 0.7843601895734598 0.049777777777777775 0.045023696682464455
1 0.5715555555555556 0.5260663507109005 0.05511111111111111 0.07819905213270142
0 0.43733333333333335 0.31516587677725116 0.064 0.1018957345971564
1 0.6053333333333333 0.966824644549763 0.024888888888889092 0.03317535545023697
0 0.088 0.7796208530805687 0.12088888888888889 0.13981042654028436
0 0.8773333333333333 0.6540284360189573 0.15644444444444444 0.14454976303317535
0 0.104 0.5758293838862559 0.096 0.13744075829383887
0 0.012444444444444444 0.7109004739336493 0.12266666666666666 0.14218009478672985
1 0.592 0.7298578199052133 0.028444444444444446 0.06398104265402843
0 0.37422222222222223 0.4514218009478673 0.08711111111111111 0.1066350710900474
1 0.5813333333333334 0.8791469194312796 0.04622222222222222 0.07345971563981042
0 0.5777777777777777 0.9774881516587678 0.03377777777777798 0.045023696682464455
0 0.29688888888888887 0.4928909952606635 0.06577777777777778 0.11374407582938388
