0 0.992 0.20616113744075829 0.037333333333333336 0.04976303317535545
0 0.13066666666666665 0.8447867298578199 0.049591036414565845 0.09027728655301687
0 0.6444444444444445 0.7120853080568721 0.047245564892623576 0.07956072716983782
0 0.5395555555555556 0.1457345971563981 0.04974042950513543 0.05181438777675602
0 0.7333333333333333 0.7808056872037915 0.048739495798319585 0.0727169838013723
0 0.752 0.6398104265402843 0.06182633053221289 0.07485675885972992
0 0.3413333333333333 0.36729857819905215 0.04842577030812328 0.06668670863691029
0 0.7866666666666666 0.05924170616113744 0.042913165266106584 0.05688972200608333
0 0.3288888888888889 0.08530805687203792 0.03129785247432302 0.04953313998726745
0 0.8888888888888888 0.14218009478672985 0.056956115779645294 0.06638607908325671
0 0.9546666666666667 0.08412322274881516 0.05145098039215701 0.06682818136804132
0 0.3546666666666667 0.022511848341232227 0.035764705882352865 0.05572257197425197
0 0.7546666666666667 0.03317535545023697 0.0536918767507003 0.07917167715922754
0 0.1991111111111111 0.683649289099526 0.03315032679738561 0.05434321284572412
0 0.3377777777777778 0.6291469194312796 0.06674136321195141 0.09991511636132122
0 0.2311111111111111 0.3744075829383886 0.05318394024276381 0.08327438636202873
0 0.7102222222222222 0.02132701421800948 0.05294491129785253 0.08048029992219
0 0.7546666666666667 0.556872037914692 0.06489635854341738 0.0616290584989743
0 0.5911111111111111 0.9395734597156398 0.05867413632119512 0.06944542689396604
0 0.41155555555555556 0.28791469194312796 0.045236227824463154 0.058498974322699286
0 0.05511111111111111 0.12440758293838862 0.09986181139122316 0.1280505057650138
0 0.3368888888888889 0.19312796208530805 0.04891129785247431 0.06150526985923466
0 0.27555555555555555 0.14336492890995262 0.0511297852474323 0.06401641083681116
0 0.3208888888888889 0.011848341232227487 0.03609337068160598 0.06212421305793308
0 0.12977777777777777 0.7582938388625592 0.05416993464052288 0.07296456108085181
0 0.9173333333333333 0.0035545023696682463 0.04488515406162465 0.04512980123081276
0 0.2728888888888889 0.4976303317535545 0.07046872082166197 0.07936620216453287
0 0.5066666666666667 0.9478672985781991 0.056694677871148326 0.07857041805192042
0 0.7048888888888889 0.26066350710900477 0.07481605975723626 0.08688194100587107
0 0.4533333333333333 0.7985781990521327 0.05131652661064424 0.07476833840277282
0 0.24444444444444444 0.2985781990521327 0.04612511671335201 0.06702270637334659
0 0.288 0.09597156398104266 0.0346442577030813 0.05432552875433258
0 0.2817777777777778 0.20971563981042654 0.05829318394024275 0.07310603381198273
0 0.6853333333333333 0.7274881516587678 0.055103641456582544 0.05621772653321064
0 0.3937777777777778 0.1895734597156398 0.049979458450046706 0.057420244747824895
0 0.18577777777777776 0.5201421800947867 0.03740802987861813 0.04926787861639664
0 0.6426666666666667 0.08056872037914692 0.0676078431372548 0.08886255924170616
0 0.4391111111111111 0.6824644549763034 0.05174976657329602 0.06044422437575153
0 0.09866666666666667 0.6267772511848341 0.060369747899159686 0.08226639315271997
