0 0.07703081232492998 0.13432835820895522 0.036414565826330535 0.04477611940298507
0 0.6498599439775911 0.416044776119403 0.056022408963585436 0.07835820895522388
0 0.8921568627450981 0.8414179104477612 0.058823529411764705 0.0708955223880597
0 0.530812324929972 0.8264925373134329 0.04201680672268908 0.048507462686567165
0 0.28711484593837533 0.7761194029850746 0.03641456582633061 0.055970149253731345
0 0.1876750700280112 0.7910447761194029 0.03361344537815126 0.048507462686567165
0 0.09663865546218488 0.7854477611940298 0.056022408963585436 0.05970149253731343
0 0.44677871148459386 0.9664179104477612 0.03361344537815126 0.048507462686567165
0 0.04341736694677871 0.5485074626865671 0.036414565826330535 0.05970149253731343
0 0.02661064425770308 0.5074626865671642 0.036414565826330535 0.03731343283582089
0 0.0742296918767507 0.5839552238805971 0.04481792717086835 0.05223880597014925
0 0.8333333333333334 0.7574626865671642 0.04481792717086835 0.06716417910447761
0 0.3333333333333333 0.8041044776119403 0.04481792717086835 0.048507462686567165
0 0.3319327731092437 0.8899253731343284 0.04481792717086835 0.05223880597014925
0 0.4117647058823529 0.8152985074626866 0.036414565826330535 0.055970149253731345
0 0.3753501400560224 0.8152985074626866 0.04201680672268908 0.05970149253731343
0 0.38235294117647056 0.9197761194029851 0.03081232492997199 0.048507462686567165
0 0.23249299719887956 0.7761194029850746 0.028011204481792718 0.03731343283582089
