0 0.8557422969187675 0.5093283582089553 0.05042016806722689 0.06716417910447782
0 0.742296918767507 0.31902985074626866 0.06442577030812324 0.055970149253731345
0 0.14425770308123248 0.2798507462686567 0.039215686274509845 0.05223880597014925
0 0.2857142857142857 0.291044776119403 0.056022408963585436 0.07835820895522388
0 0.8977591036414566 0.6902985074626866 0.0700280112044818 0.09328358208955224
0 0.9789915966386554 0.48134328358208955 0.06162464985994398 0.08955223880597014
0 0.9257703081232493 0.26865671641791045 0.06722689075630252 0.04477611940298507
0 0.9481792717086834 0.625 0.08123249299719888 0.10820895522388059
0 0.788515406162465 0.21455223880597016 0.056022408963585436 0.08208955223880597
0 0.8865546218487395 0.5876865671641791 0.056022408963585436 0.08955223880597014
0 0.7352941176470589 0.8582089552238806 0.06442577030812324 0.05970149253731343
0 0.1792717086834734 0.3376865671641791 0.04481792717086835 0.048507462686567165
0 0.9397759103641457 0.957089552238806 0.05042016806722689 0.08208955223880597
0 0.8179271708683473 0.9552238805970149 0.06442577030812324 0.08208955223880597
0 0.7605042016806722 0.19402985074626866 0.047619047619047616 0.06716417910447761
0 0.7787114845938375 0.08208955223880597 0.06162464985994398 0.08582089552238806
0 0.8641456582633054 0.7238805970149254 0.05322128851540616 0.07462686567164178
0 0.8221288515406162 0.27611940298507465 0.0700280112044818 0.08208955223880597
0 0.8319327731092437 0.5261194029850746 0.028011204481792718 0.04477611940298507
