0 0.5322128851540616 0.4123134328358209 0.047619047619047616 0.0708955223880597
0 0.5812324929971989 0.44402985074626866 0.05042016806722673 0.06343283582089553
0 0.38375350140056025 0.8414179104477612 0.07563025210084033 0.09328358208955224
0 0.3753501400560224 0.21641791044776118 0.056022408963585436 0.05223880597014931
0 0.8179271708683473 0.8973880597014925 0.04481792717086835 0.055970149253731345
0 0.561624649859944 0.5671641791044776 0.06442577030812324 0.07462686567164178
0 0.4341736694677871 0.251865671641791 0.04481792717086835 0.06343283582089553
0 0.8972686275946496 0.4623541887592789 0.03659506762132061 0.04878048780487805
0 0.9290904255262328 0.2926829268292683 0.03659506762132061 0.044538706256627786
0 0.7240896358543417 0.11007462686567164 0.04481792717086835 0.055970149253731345
0 0.5687085639510537 0.07317073170731707 0.030230708035004158 0.042417815482502653
0 0.4811986196392002 0.11346765641569459 0.035003977724741446 0.053022269353128315
