0 0.5882352941176471 0.34701492537313433 0.05322128851540616 0.05223880597014925
0 0.27170868347338933 0.498134328358209 0.042016806722689155 0.055970149253731345
0 0.9467787114845938 0.1623134328358209 0.06162464985994398 0.07835820895522388
0 0.2969187675070028 0.6473880597014925 0.04481792717086835 0.06716417910447761
0 0.9761904761904762 0.029850746268656716 0.06442577030812324 0.0708955223880597
0 0.9873949579831933 0.11940298507462686 0.04201680672268908 0.08208955223880597
0 0.6274509803921569 0.31343283582089554 0.07282913165266107 0.05970149253731343
0 0.4733893557422969 0.47947761194029853 0.04481792717086835 0.06716417910447761
0 0.3389355742296919 0.48507462686567165 0.05042016806722689 0.041044776119402986
0 0.4341736694677871 0.5578358208955224 0.056022408963585436 0.0708955223880597
0 0.542016806722689 0.30783582089552236 0.058823529411764705 0.06343283582089562
0 0.5294117647058824 0.35261194029850745 0.04481792717086835 0.055970149253731345
0 0.9355742296918768 0.582089552238806 0.05042016806722689 0.05223880597014925
0 0.8795518207282913 0.4832089552238806 0.05322128851540616 0.055970149253731345
0 0.49859943977591037 0.4048507462686567 0.0392156862745098 0.05223880597014925
0 0.834733893557423 0.13805970149253732 0.07563025210084033 0.09328358208955224
0 0.9957983193277311 0.4906716417910448 0.05042016806722689 0.0708955223880597
0 0.4733893557422969 0.34701492537313433 0.0392156862745098 0.041044776119402986
0 0.4579831932773109 0.3805970149253731 0.05042016806722689 0.041044776119402986
0 0.8725490196078431 0.31343283582089554 0.05042016806722689 0.06716417910447761
0 0.9243697478991597 0.2555970149253731 0.06722689075630252 0.07835820895522388
0 0.9201680672268907 0.3283582089552239 0.05042016806722689 0.05970149253731343
