0 0.424 0.6125592417061612 0.049777777777777775 0.08530805687203792
0 0.2311111111111111 0.254739336492891 0.04088888888888889 0.04265402843601896
0 0.8453333333333334 0.4158767772511848 0.033777777777777775 0.061611374407582936
0 0.4533333333333333 0.6777251184834123 0.05511111111111111 0.07109004739336493
0 0.26755555555555555 0.07345971563981042 0.033777777777777775 0.047393364928909935
0 0.43644444444444447 0.14691943127962084 0.033777777777777775 0.05213270142180092
0 0.27555555555555555 0.1990521327014218 0.033777777777777775 0.052132701421800945
0 0.1928888888888889 0.7772511848341233 0.051555555555555556 0.06635071090047394
0 0.4737777777777778 0.15402843601895735 0.04088888888888889 0.052132701421800945
0 0.3804444444444444 0.2334123222748815 0.05688888888888899 0.08767772511848342
1 0.376 0.9407582938388626 0.08 0.0971563981042654
0 0.09777777777777778 0.42298578199052134 0.048 0.061611374407582936
0 0.416 0.41232227488151657 0.03911111111111111 0.08293838862559241
0 0.19822222222222222 0.10426540284360189 0.02666666666666667 0.02132701421800948
0 0.8924444444444445 0.5225118483412322 0.042666666666666665 0.07582938388625593
1 0.6853333333333333 0.013033175355450236 0.08533333333333333 0.1018957345971564
0 0.352 0.30450236966824645 0.060444444444444446 0.08056872037914692
0 0.02666666666666667 0.7191943127962085 0.06577777777777778 0.08293838862559241
0 0.8631111111111112 0.35308056872037913 0.05688888888888868 0.06398104265402843
0 0.4791111111111111 0.6303317535545023 0.07288888888888889 0.0971563981042654
0 0.21955555555555556 0.740521327014218 0.06577777777777778 0.07109004739336493
0 0.41333333333333333 0.32701421800947866 0.035555555555555556 0.08056872037914692
0 0.328 0.5035545023696683 0.042666666666666665 0.05687203791469194
0 0.12533333333333332 0.07464454976303317 0.08355555555555555 0.09478672985781988
0 0.014222222222222223 0.8009478672985783 0.042666666666666665 0.061611374407582936
0 0.336 0.13270142180094788 0.032 0.030805687203791503
0 0.09955555555555555 0.30213270142180093 0.06755555555555555 0.05687203791469194
0 0.41688888888888886 0.523696682464455 0.051555555555555556 0.0924170616113744
0 0.7342222222222222 0.1457345971563981 0.02666666666666667 0.035545023696682464
0 0.9048888888888889 0.26895734597156395 0.05333333333333334 0.08056872037914699
0 0.944 0.6350710900473934 0.04622222222222222 0.054502369668246446
0 0.7573333333333333 0.23104265402843602 0.028444444444444446 0.05924170616113744
