0 0.8782222222222222 0.5983412322274881 0.064 0.06398104265402843
0 0.6844444444444444 0.2914691943127962 0.03911111111111111 0.06398104265402843
0 0.5155555555555555 0.5817535545023697 0.051555555555555556 0.06398104265402843
0 0.6684444444444444 0.43483412322274884 0.044444444444444446 0.06635071090047394
0 0.6417777777777778 0.235781990521327 0.03911111111111111 0.05687203791469194
0 0.7688888888888888 0.6753554502369669 0.049777777777777775 0.05924170616113744
1 0.30933333333333335 0.5154028436018957 0.1671111111111111 0.16113744075829398
0 0.13777777777777778 0.5414691943127962 0.17422222222222222 0.19431279620853095
0 0.5226666666666666 0.03317535545023697 0.03733333333333354 0.04739336492890994
0 0.5013333333333333 0.12203791469194313 0.048 0.05924170616113744
0 0.5591111111111111 0.04028436018957346 0.037333333333333336 0.05924170616113744
0 0.5591111111111111 0.08412322274881516 0.032 0.02843601895734597
0 0.7688888888888888 0.21445497630331753 0.05333333333333334 0.06398104265402843
0 0.8773333333333333 0.29976303317535546 0.048 0.06635071090047394
1 0.8951111111111111 0.8329383886255924 0.09422222222222222 0.11848341232227488
0 0.7004444444444444 0.5082938388625592 0.044444444444444446 0.059241706161137574
0 0.584 0.11729857819905214 0.03911111111111111 0.04976303317535545
0 0.43466666666666665 0.11374407582938388 0.042666666666666665 0.06872037914691943
0 0.9164444444444444 0.7559241706161137 0.06755555555555555 0.07345971563981042
0 0.9155555555555556 0.32701421800947866 0.05511111111111111 0.05924170616113744
0 0.9288888888888889 0.2381516587677725 0.049777777777777775 0.08293838862559241
0 0.7982222222222223 0.6646919431279621 0.02844444444444424 0.045023696682464455
0 0.472 0.20260663507109006 0.04088888888888889 0.061611374407582936
0 0.9617777777777777 0.8755924170616114 0.06933333333333333 0.07819905213270142
0 0.5306666666666666 0.6978672985781991 0.07111111111111111 0.08056872037914692
0 0.768 0.4277251184834123 0.049777777777777775 0.054502369668246446
0 0.6622222222222223 0.011848341232227487 0.037333333333333336 0.035545023696682464
0 0.5235555555555556 0.24170616113744076 0.048 0.04976303317535545
0 0.9608888888888889 0.7191943127962085 0.058666666666666666 0.0995260663507109
0 0.8995555555555556 0.4158767772511848 0.05333333333333334 0.06398104265402843
