0 0.9297777777777778 0.9182464454976303 0.05511111111111111 0.054502369668246446
0 0.6862222222222222 0.6350710900473934 0.04088888888888889 0.05924170616113744
0 0.42133333333333334 0.8281990521327014 0.04622222222222222 0.07582938388625593
0 0.8222222222222222 0.7428909952606635 0.048 0.07582938388625593
0 0.6915555555555556 0.8045023696682464 0.060444444444444446 0.08530805687203792
0 0.6746666666666666 0.29976303317535546 0.058666666666666666 0.08056872037914692
0 0.6008888888888889 0.518957345971564 0.048 0.0971563981042654
0 0.6551111111111111 0.5627962085308057 0.03911111111111111 0.061611374407582936
0 0.30844444444444447 0.46327014218009477 0.060444444444444446 0.07582938388625593
1 0.04533333333333334 0.23222748815165878 0.13866666666666666 0.15165876777251186
0 0.12088888888888889 0.7239336492890995 0.08711111111111111 0.06872037914691943
0 0.6568888888888889 0.38388625592417064 0.051555555555555556 0.10426540284360189
0 0.8942222222222223 0.726303317535545 0.051555555555555556 0.045023696682464455
0 0.7102222222222222 0.9395734597156398 0.064 0.07819905213270142
0 0.6346666666666667 0.5876777251184834 0.030222222222222223 0.061611374407583075
0 0.656 0.466824644549763 0.058666666666666666 0.08293838862559241
0 0.8497777777777777 0.580568720379147 0.07644444444444444 0.10900473933649275
0 0.9884444444444445 0.7808056872037915 0.044444444444444446 0.07345971563981042
0 0.6551111111111111 0.9454976303317536 0.05688888888888889 0.07345971563981042
0 0.32266666666666666 0.7488151658767772 0.060444444444444446 0.0947867298578199
0 0.6168888888888889 0.20260663507109006 0.06933333333333333 0.0947867298578199
0 0.9937777777777778 0.9253554502369669 0.044444444444444446 0.08056872037914692
0 0.184 0.9490521327014217 0.11022222222222222 0.1066350710900474
0 0.864 0.9312796208530806 0.07466666666666667 0.1066350710900474
