0 0.576 0.035545023696682464 0.064 0.0924170616113744
0 0.312 0.2796208530805687 0.042666666666666665 0.07819905213270142
0 0.5457777777777778 0.35545023696682465 0.05333333333333334 0.06398104265402843
0 0.6791111111111111 0.3353080568720379 0.048 0.035545023696682464
0 0.768 0.07701421800947868 0.06755555555555555 0.0947867298578199
0 0.48444444444444446 0.2914691943127962 0.05511111111111111 0.061611374407582936
0 0.45155555555555554 0.5059241706161137 0.058666666666666666 0.06398104265402843
0 0.9182222222222223 0.14336492890995262 0.05333333333333334 0.08767772511848337
0 0.7582222222222222 0.3068720379146919 0.048 0.052132701421800945
0 0.9484444444444444 0.008293838862559242 0.07466666666666667 0.08530805687203792
0 0.5386666666666666 0.9680094786729858 0.048 0.08056872037914692
0 0.4231111111111111 0.3281990521327014 0.058666666666666666 0.07109004739336493
0 0.4008888888888889 0.16350710900473933 0.07644444444444444 0.11137440758293839
