0 0.36533333333333334 0.9537914691943128 0.06755555555555555 0.08056872037914692
0 0.20533333333333334 0.5308056872037915 0.05688888888888889 0.07109004739336479
0 0.7973333333333333 0.9289099526066351 0.08533333333333333 0.0947867298578199
0 0.6657777777777778 0.9739336492890995 0.060444444444444446 0.0924170616113744
0 0.6311111111111111 0.7997630331753555 0.06933333333333333 0.08530805687203792
0 0.9004444444444445 0.9111374407582938 0.058666666666666666 0.08293838862559241
0 0.6106666666666667 0.9277251184834123 0.049777777777777775 0.08056872037914692
0 0.21511111111111111 0.7215639810426541 0.06933333333333333 0.07819905213270142
0 0.2728888888888889 0.8364928909952607 0.037333333333333336 0.04265402843601896
0 0.9342222222222222 0.7215639810426541 0.035555555555555556 0.04028436018957346
0 0.6088888888888889 0.995260663507109 0.02311111111111111 0.02132701421800948
0 0.4791111111111111 0.9751184834123223 0.06933333333333333 0.07345971563981042
0 0.30133333333333334 0.9703791469194313 0.06222222222222222 0.07345971563981042
0 0.7395555555555555 0.8661137440758294 0.07644444444444444 0.1018957345971564
0 0.8426666666666667 0.8945497630331753 0.051555555555555556 0.07109004739336493
0 0.2248888888888889 0.9585308056872038 0.037333333333333336 0.04028436018957346
0 0.34844444444444445 0.5438388625592417 0.07111111111111111 0.09478672985781977
0 0.21777777777777776 0.7950236966824644 0.042666666666666714 0.07819905213270142
0 0.5351111111111111 0.8791469194312796 0.044444444444444446 0.061611374407582936
