0 0.17422222222222222 0.07345971563981042 0.044444444444444446 0.042654028436018974
0 0.26844444444444443 0.15758293838862558 0.032 0.054502369668246446
0 0.4826666666666667 0.04383886255924171 0.037333333333333336 0.04028436018957346
0 0.21866666666666668 0.06872037914691943 0.033777777777777775 0.052132701421800945
0 0.23466666666666666 0.7476303317535545 0.048 0.05924170616113744
0 0.7217777777777777 0.7725118483412322 0.058666666666666666 0.08530805687203792
0 0.7342222222222222 0.18601895734597157 0.042666666666666665 0.035545023696682464
0 0.7813333333333333 0.8755924170616114 0.05333333333333334 0.07819905213270142
0 0.2702222222222222 0.2559241706161137 0.037333333333333336 0.04265402843601902
0 0.11911111111111111 0.018957345971563982 0.03911111111111111 0.05924170616113744
0 0.9555555555555556 0.6433649289099526 0.05511111111111111 0.07345971563981042
0 0.9297777777777778 0.05568720379146919 0.049777777777777775 0.05687203791469194
0 0.22577777777777777 0.4419431279620853 0.051555555555555556 0.06398104265402843
0 0.7297777777777777 0.9739336492890995 0.044444444444444446 0.0947867298578199
0 0.45066666666666666 0.43601895734597157 0.030222222222222223 0.08056872037914692
0 0.43555555555555553 0.7890995260663507 0.04444444444444454 0.08293838862559241
0 0.3048888888888889 0.3684834123222749 0.030222222222222223 0.035545023696682464
0 0.5857777777777777 0.1338862559241706 0.017777777777777778 0.045023696682464455
0 0.7253333333333334 0.14336492890995262 0.026666666666666464 0.04265402843601899
0 0.04 0.7286729857819905 0.06933333333333333 0.05924170616113744
0 0.6248888888888889 0.3033175355450237 0.048 0.05924170616113744
0 0.4737777777777778 0.43601895734597157 0.030222222222222223 0.04739336492890995
0 0.6995555555555556 0.5853080568720379 0.051555555555555556 0.09004739336492891
0 0.6177777777777778 0.8436018957345972 0.048 0.06635071090047394
0 0.712 0.27488151658767773 0.049777777777777775 0.05687203791469194
0 0.7315555555555555 0.6765402843601895 0.058666666666666666 0.07582938388625593
0 0.9911111111111112 0.5971563981042654 0.051555555555555556 0.06872037914691957
0 0.21955555555555556 0.8566350710900474 0.033777777777777775 0.06635071090047394
0 0.8497777777777777 0.54739336492891 0.05511111111111111 0.0639810426540283
0 0.09066666666666667 0.7132701421800948 0.04799999999999997 0.04739336492890995
0 0.216 0.9537914691943128 0.05511111111111111 0.06872037914691943
0 0.5626666666666666 0.35071090047393366 0.021333333333333333 0.030805687203791468
0 0.552 0.014218009478672985 0.028444444444444446 0.03317535545023697
0 0.49866666666666665 0.9395734597156398 0.06755555555555555 0.08293838862559241
0 0.3893333333333333 0.6101895734597157 0.044444444444444446 0.07582938388625593
0 0.8595555555555555 0.9609004739336493 0.06933333333333333 0.11137440758293839
0 0.3662222222222222 0.7440758293838863 0.049777777777777775 0.07345971563981042
0 0.9075555555555556 0.48696682464454977 0.064 0.06872037914691943
0 0.8222222222222222 0.42417061611374407 0.06577777777777778 0.07345971563981042
0 0.5466666666666666 0.3293838862559242 0.035555555555555556 0.02843601895734597
0 0.7066666666666667 0.3400473933649289 0.028444444444444446 0.05687203791469194
0 0.2737777777777778 0.38270142180094785 0.032 0.04739336492890995
0 0.3244444444444444 0.6469194312796208 0.048 0.07109004739336493
0 0.2702222222222222 0.3305687203791469 0.033777777777777775 0.04265402843601896
0 0.9377777777777778 0.5592417061611374 0.05688888888888889 0.054502369668246446
0 0.33244444444444443 0.6919431279620853 0.06933333333333333 0.05924170616113744
0 0.4222222222222222 0.4277251184834123 0.037333333333333336 0.08056872037914692
0 0.2328888888888889 0.18127962085308058 0.032 0.035545023696682464
0 0.8862222222222222 0.8080568720379147 0.060444444444444446 0.05924170616113744
0 0.8488888888888889 0.6635071090047393 0.035555555555555556 0.06398104265402843
