0 0.2 0.13744075829383887 0.05333333333333334 0.07819905213270142
0 0.19466666666666665 0.30450236966824645 0.037333333333333336 0.04028436018957346
0 0.6088888888888889 0.04739336492890995 0.03911111111111111 0.035545023696682464
0 0.24355555555555555 0.2571090047393365 0.04088888888888889 0.06398104265402837
0 0.6284444444444445 0.9502369668246445 0.042666666666666665 0.05687203791469194
0 0.6684444444444444 0.4881516587677725 0.032 0.054502369668246446
0 0.37333333333333335 0.254739336492891 0.033777777777777775 0.030805687203791468
0 0.17155555555555554 0.28791469194312796 0.028444444444444446 0.04028436018957346
0 0.3511111111111111 0.17298578199052134 0.032 0.04739336492890995
0 0.2951111111111111 0.24289099526066352 0.048 0.05687203791469194
0 0.5626666666666666 0.1018957345971564 0.033777777777777775 0.037914691943127965
0 0.2088888888888889 0.2334123222748815 0.03911111111111106 0.052132701421800945
