0 0.7004444444444444 0.18127962085308058 0.07466666666666667 0.1018957345971564
0 0.7208888888888889 0.27606635071090047 0.05511111111111111 0.08530805687203792
1 0.5742222222222222 0.016587677725118485 0.07111111111111111 0.06872037914691943
1 0.6284444444444445 0.4146919431279621 0.060444444444444446 0.06635071090047394
1 0.6702222222222223 0.8258293838862559 0.06577777777777757 0.11611374407582939
0 0.7617777777777778 0.017772511848341232 0.05688888888888889 0.07109004739336493
0 0.6826666666666666 0.03672985781990521 0.07111111111111111 0.1066350710900474
1 0.7946666666666666 0.17061611374407584 0.08533333333333333 0.12796208530805686
0 0.6168888888888889 0.5035545023696683 0.07466666666666667 0.1018957345971564
1 0.368 0.5947867298578199 0.11377777777777778 0.13744075829383887
