0 0.14985994397759103 0.22574626865671643 0.047619047619047616 0.05223880597014925
0 0.3179271708683473 0.27611940298507465 0.05322128851540616 0.0708955223880597
0 0.4649859943977591 0.166044776119403 0.05322128851540616 0.06716417910447761
0 0.43137254901960786 0.05783582089552239 0.05042016806722689 0.06343283582089553
0 0.3445378151260504 0.029850746268656716 0.05322128851540616 0.06343283582089553
0 0.1568627450980392 0.7910447761194029 0.05322128851540616 0.0708955223880597
0 0.5644257703081232 0.43656716417910446 0.058823529411764705 0.07835820895522388
0 0.13725490196078433 0.45149253731343286 0.044817927170868306 0.05223880597014925
0 0.10784313725490197 0.23880597014925373 0.0392156862745098 0.041044776119402986
0 0.1134453781512605 0.19776119402985073 0.047619047619047616 0.048507462686567165
