0 0.22044444444444444 0.5201421800947867 0.07822222222222222 0.0947867298578199
0 0.6373333333333333 0.5876777251184834 0.058666666666666666 0.0592417061611373
0 0.20533333333333334 0.41113744075829384 0.042666666666666665 0.052132701421800945
0 0.3804444444444444 0.9454976303317536 0.0800000000000001 0.11611374407582939
0 0.13866666666666666 0.5687203791469194 0.07111111111111111 0.0924170616113744
0 0.06311111111111112 0.35071090047393366 0.058666666666666645 0.052132701421800945
0 0.7706666666666667 0.2014218009478673 0.07822222222222203 0.0995260663507109
0 0.5137777777777778 0.806872037914692 0.06222222222222222 0.0947867298578199
0 0.24444444444444444 0.9822274881516587 0.05333333333333334 0.04265402843601896
0 0.47644444444444445 0.6267772511848341 0.06755555555555555 0.0971563981042654
0 0.7368888888888889 0.9881516587677726 0.064 0.04265402843601896
0 0.9635555555555556 0.8045023696682464 0.021333333333333333 0.045023696682464455
0 0.5111111111111111 0.05568720379146919 0.037333333333333336 0.03317535545023697
0 0.9422222222222222 0.38744075829383884 0.04088888888888889 0.06872037914691943
0 0.7422222222222222 0.8341232227488151 0.07111111111111111 0.08530805687203792
0 0.2986666666666667 0.5995260663507109 0.06577777777777778 0.0947867298578199
0 0.13422222222222221 0.7760663507109005 0.10844444444444444 0.1018957345971564
0 0.5866666666666667 0.7440758293838863 0.06933333333333333 0.08767772511848342
0 0.15288888888888888 0.4419431279620853 0.08177777777777778 0.09004739336492891
0 0.7057777777777777 0.5296208530805687 0.05688888888888909 0.06635071090047394
0 0.6168888888888889 0.8151658767772512 0.07822222222222222 0.09004739336492891
0 0.3466666666666667 0.8637440758293838 0.035555555555555556 0.037914691943127965
0 0.8142222222222222 0.8661137440758294 0.09422222222222222 0.08530805687203792
0 0.992 0.48696682464454977 0.024888888888888887 0.04976303317535545
0 0.6595555555555556 0.514218009478673 0.04088888888888889 0.0663507109004738
0 0.33511111111111114 0.1504739336492891 0.05511111111111101 0.04976303317535545
0 0.43555555555555553 0.10071090047393365 0.07644444444444455 0.07345971563981042
0 0.8497777777777777 0.6895734597156398 0.09066666666666667 0.1018957345971564
