0 0.11733333333333333 0.726303317535545 0.049777777777777775 0.05687203791469194
0 0.376 0.43601895734597157 0.08711111111111111 0.11848341232227488
0 0.5546666666666666 0.6137440758293838 0.064 0.09004739336492891
0 0.872 0.23459715639810427 0.044444444444444446 0.054502369668246446
0 0.7706666666666667 0.6161137440758294 0.03022222222222202 0.037914691943127965
0 0.7457777777777778 0.3744075829383886 0.028444444444444446 0.037914691943127965
0 0.7804444444444445 0.9845971563981043 0.05511111111111091 0.07109004739336493
0 0.14933333333333335 0.7985781990521327 0.05333333333333334 0.06635071090047394
0 0.8008888888888889 0.7748815165876777 0.064 0.07109004739336493
0 0.2906666666666667 0.35308056872037913 0.07466666666666667 0.1018957345971564
0 0.9208888888888889 0.5781990521327014 0.028444444444444446 0.045023696682464455
0 0.9822222222222222 0.8720379146919431 0.033777777777777775 0.06635071090047394
0 0.6604444444444444 0.476303317535545 0.030222222222222424 0.04265402843601896
0 0.9484444444444444 0.03909952606635071 0.033777777777777775 0.04739336492890995
0 0.13244444444444445 0.6741706161137441 0.064 0.0924170616113744
0 0.8506666666666667 0.018957345971563982 0.024888888888888887 0.03317535545023697
0 0.9537777777777777 0.3495260663507109 0.035555555555555556 0.04739336492890995
0 0.936 0.9324644549763034 0.06222222222222222 0.07345971563981042
0 0.9466666666666667 0.6445497630331753 0.035555555555555556 0.035545023696682464
0 0.9893333333333333 0.6718009478672986 0.030222222222222223 0.045023696682464455
0 0.9404444444444444 0.49644549763033174 0.037333333333333336 0.04265402843601896
0 0.7288888888888889 0.4206161137440758 0.035555555555555556 0.054502369668246446
0 0.7004444444444444 0.3921800947867299 0.030222222222222223 0.03317535545023697
0 0.8355555555555556 0.6232227488151659 0.044444444444444245 0.04739336492890995
0 0.808 0.5924170616113744 0.0319999999999998 0.04028436018957346
0 0.9511111111111111 0.7061611374407583 0.051555555555555556 0.05924170616113744
0 0.6568888888888889 0.9206161137440758 0.058666666666666666 0.08767772511848342
0 0.8666666666666667 0.030805687203791468 0.028444444444444446 0.04028436018957346
0 0.7742222222222223 0.46445497630331756 0.032 0.035545023696682464
0 0.8017777777777778 0.38981042654028436 0.04088888888888889 0.052132701421800945
0 0.3333333333333333 0.523696682464455 0.07466666666666667 0.0924170616113744
0 0.848 0.5402843601895735 0.024888888888888887 0.035545023696682464
0 0.37422222222222223 0.6658767772511849 0.08888888888888889 0.11611374407582939
0 0.4017777777777778 0.5983412322274881 0.07822222222222222 0.1066350710900474
0 0.7164444444444444 0.7097156398104265 0.028444444444444446 0.054502369668246446
0 0.9315555555555556 0.41232227488151657 0.04088888888888889 0.05687203791469194
0 0.8968888888888888 0.9739336492890995 0.051555555555555556 0.06398104265402843
0 0.9884444444444445 0.2381516587677725 0.033777777777777775 0.045023696682464455
0 0.8391111111111111 0.08767772511848342 0.037333333333333336 0.04739336492890995
0 0.8728888888888889 0.7144549763033176 0.035555555555555556 0.030805687203791468
0 0.19822222222222222 0.6492890995260664 0.08355555555555555 0.11137440758293839
