0 0.376 0.12440758293838862 0.051555555555555556 0.06872037914691943
0 0.7013333333333334 0.04976303317535545 0.049777777777777775 0.04976303317535545
0 0.6382222222222222 0.4928909952606635 0.07644444444444444 0.06872037914691943
0 0.4186666666666667 0.11255924170616113 0.048 0.06872037914691943
0 0.8008888888888889 0.7950236966824644 0.032 0.07819905213270142
0 0.8026666666666666 0.26895734597156395 0.02666666666666667 0.07345971563981049
0 0.8142222222222222 0.8886255924170616 0.03911111111111111 0.08530805687203792
0 0.496 0.5438388625592417 0.04622222222222222 0.04265402843601909
0 0.5528888888888889 0.495260663507109 0.05688888888888889 0.06872037914691943
0 0.7404444444444445 0.04265402843601896 0.049777777777777775 0.08530805687203792
0 0.76 0.10900473933649289 0.028444444444444446 0.06635071090047394
0 0.784 0.1646919431279621 0.028444444444444446 0.045023696682464455
0 0.4524444444444444 0.840047393364929 0.035555555555555556 0.07582938388625593
0 0.4488888888888889 0.9265402843601895 0.037333333333333336 0.08530805687203792
0 0.3422222222222222 0.058056872037914695 0.03911111111111111 0.06635071090047394
0 0.4471111111111111 0.03909952606635071 0.035555555555555556 0.05687203791469194
0 0.5991111111111111 0.41350710900473936 0.04088888888888889 0.05687203791469194
