0 0.6151111111111112 0.7132701421800948 0.07288888888888868 0.05924170616113744
0 0.7893333333333333 0.8554502369668247 0.04622222222222222 0.05687203791469194
0 0.3457777777777778 0.4312796208530806 0.051555555555555556 0.052132701421800945
0 0.392 0.533175355450237 0.058666666666666666 0.06398104265402843
0 0.3288888888888889 0.5462085308056872 0.05333333333333334 0.054502369668246446
0 0.5146666666666667 0.4537914691943128 0.06222222222222222 0.06398104265402843
0 0.384 0.4727488151658768 0.064 0.07582938388625593
0 0.2071111111111111 0.46800947867298576 0.037333333333333336 0.04739336492890995
0 0.43822222222222224 0.5592417061611374 0.042666666666666665 0.06635071090047394
0 0.48 0.5071090047393365 0.044444444444444446 0.07109004739336493
0 0.34044444444444444 0.2985781990521327 0.02666666666666667 0.04265402843601902
0 0.44533333333333336 0.15639810426540285 0.05155555555555545 0.08056872037914692
0 0.5013333333333333 0.22156398104265404 0.032 0.03317535545023697
0 0.5155555555555555 0.6741706161137441 0.06577777777777778 0.08056872037914692
0 0.08177777777777778 0.466824644549763 0.06222222222222222 0.04265402843601896
0 0.24711111111111111 0.4431279620853081 0.032 0.035545023696682464
0 0.2817777777777778 0.4146919431279621 0.05688888888888889 0.06635071090047394
0 0.7351111111111112 0.3400473933649289 0.032 0.06872037914691943
0 0.4568888888888889 0.2523696682464455 0.035555555555555556 0.045023696682464524
0 0.768 0.10781990521327015 0.060444444444444446 0.07345971563981042
0 0.48088888888888887 0.10426540284360189 0.04088888888888889 0.08293838862559241
0 0.051555555555555556 0.5521327014218009 0.08177777777777778 0.06635071090047394
0 0.4951111111111111 0.005924170616113744 0.051555555555555556 0.052132701421800945
0 0.1671111111111111 0.504739336492891 0.064 0.05687203791469181
0 0.3111111111111111 0.46800947867298576 0.051555555555555556 0.07819905213270142
0 0.9226666666666666 0.008293838862559242 0.04088888888888889 0.045023696682464455
0 0.8 0.9395734597156398 0.05511111111111111 0.06872037914691943
0 0.7582222222222222 0.8957345971563981 0.042666666666666665 0.061611374407582936
0 0.8097777777777778 0.27488151658767773 0.044444444444444446 0.04976303317535545
0 0.23822222222222222 0.47985781990521326 0.037333333333333336 0.037914691943127965
0 0.8871111111111111 0.5402843601895735 0.06933333333333333 0.07109004739336493
0 0.9004444444444445 0.4490521327014218 0.07466666666666667 0.07109004739336493
0 0.42044444444444445 0.19312796208530805 0.024888888888888887 0.05687203791469194
0 0.37777777777777777 0.25829383886255924 0.04088888888888889 0.04976303317535545
0 0.49333333333333335 0.17654028436018956 0.035555555555555556 0.07109004739336493
0 0.14044444444444446 0.4786729857819905 0.035555555555555556 0.037914691943127965
0 0.344 0.20971563981042654 0.06755555555555566 0.0995260663507109
0 0.4711111111111111 0.16587677725118483 0.014222222222222223 0.03317535545023697
0 0.6871111111111111 0.2381516587677725 0.060444444444444446 0.06635071090047394
0 0.28 0.5284360189573459 0.06755555555555545 0.07345971563981056
0 0.7013333333333334 0.4466824644549763 0.05333333333333334 0.054502369668246446
0 0.035555555555555556 0.4940758293838863 0.09777777777777778 0.07345971563981042
0 0.43644444444444447 0.22511848341232227 0.044444444444444446 0.06635071090047394
0 0.408 0.5781990521327014 0.046222222222222324 0.052132701421800945
0 0.752 0.6113744075829384 0.03911111111111111 0.052132701421800945
0 0.6613333333333333 0.1623222748815166 0.05688888888888889 0.08530805687203792
0 0.7733333333333333 0.2381516587677725 0.05333333333333334 0.06635071090047394
0 0.38755555555555554 0.3175355450236967 0.064 0.07109004739336493
0 0.44622222222222224 0.3755924170616114 0.042666666666666665 0.07345971563981042
0 0.38222222222222224 0.3933649289099526 0.049777777777777775 0.06635071090047394
0 0.32266666666666666 0.273696682464455 0.02666666666666667 0.04028436018957339
0 0.784 0.1504739336492891 0.05333333333333334 0.05924170616113744
0 0.4488888888888889 0.08649289099526067 0.03911111111111111 0.07345971563981042
0 0.34933333333333333 0.3578199052132701 0.04622222222222222 0.06872037914691943
0 0.47733333333333333 0.6030805687203792 0.05688888888888889 0.061611374407582804
0 0.416 0.37203791469194314 0.035555555555555556 0.052132701421800945
0 0.7751111111111111 0.32701421800947866 0.06577777777777778 0.054502369668246446
0 0.31733333333333336 0.3068720379146919 0.021333333333333333 0.030805687203791468
0 0.8817777777777778 0.9869668246445498 0.048 0.05687203791469194
0 0.9875555555555555 0.5853080568720379 0.042666666666666665 0.054502369668246446
0 0.3031111111111111 0.36611374407582936 0.044444444444444446 0.06635071090047394
0 0.33955555555555555 0.5035545023696683 0.04622222222222222 0.04739336492890995
0 0.36444444444444446 0.10426540284360189 0.064 0.09004739336492891
0 0.5413333333333333 0.20971563981042654 0.044444444444444446 0.045023696682464455
0 0.9306666666666666 0.919431279620853 0.060444444444444446 0.07345971563981042
0 0.3928888888888889 0.17180094786729858 0.03911111111111111 0.06872037914691943
0 0.5831111111111111 0.4549763033175355 0.06755555555555555 0.045023696682464455
0 0.7946666666666666 0.0071090047393364926 0.042666666666666665 0.04739336492890995
