0 0.226890756302521 0.40111940298507465 0.036414565826330535 0.04477611940298507
0 0.43557422969187676 0.47388059701492535 0.0392156862745098 0.055970149253731345
0 0.4887955182072829 0.3824626865671642 0.036414565826330535 0.05223880597014925
0 0.09663865546218488 0.36380597014925375 0.036414565826330535 0.055970149253731345
0 0.5532212885154062 0.5951492537313433 0.06442577030812324 0.08208955223880597
0 0.65406162464986 0.5447761194029851 0.06162464985994398 0.08208955223880597
0 0.15546218487394958 0.17723880597014927 0.0392156862745098 0.05223880597014925
0 0.45518207282913165 0.18097014925373134 0.03361344537815126 0.048507462686567165
0 0.42296918767507 0.13805970149253732 0.0392156862745098 0.055970149253731345
0 0.21428571428571427 0.0708955223880597 0.0392156862745098 0.048507462686567165
0 0.2549019607843137 0.013059701492537313 0.0392156862745098 0.041044776119402986
0 0.927170868347339 0.31902985074626866 0.047619047619047616 0.05223880597014925
0 0.26330532212885155 0.8507462686567164 0.03361344537815126 0.03731343283582089
0 0.4565826330532213 0.5708955223880597 0.04201680672268908 0.03731343283582089
0 0.5868347338935574 0.47761194029850745 0.036414565826330535 0.05970149253731343
0 0.44537815126050423 0.5373134328358209 0.036414565826330535 0.029850746268656716
0 0.3907563025210084 0.5485074626865671 0.036414565826330535 0.048507462686567165
0 0.36834733893557425 0.5466417910447762 0.028011204481792718 0.041044776119402986
0 0.3319327731092437 0.5932835820895522 0.036414565826330535 0.04477611940298507
0 0.3319327731092437 0.8694029850746269 0.04481792717086835 0.05223880597014925
0 0.4481792717086835 0.8805970149253731 0.04481792717086835 0.06716417910447761
0 0.27170868347338933 0.9794776119402985 0.03641456582633061 0.041044776119402986
0 0.242296918767507 0.8917910447761194 0.03361344537815126 0.05223880597014925
0 0.12324929971988796 0.8600746268656716 0.03081232492997199 0.04477611940298507
0 0.09103641456582633 0.7555970149253731 0.03361344537815126 0.055970149253731345
0 0.16246498599439776 0.6660447761194029 0.036414565826330535 0.048507462686567165
0 0.21988795518207283 0.6940298507462687 0.03361344537815126 0.04477611940298507
0 0.0896358543417367 0.5279850746268657 0.03361344537815126 0.055970149253731345
0 0.18207282913165265 0.2966417910447761 0.03361344537815126 0.048507462686567165
0 0.16526610644257703 0.2574626865671642 0.0392156862745098 0.048507462686567165
0 0.13725490196078433 0.21641791044776118 0.03641456582633049 0.048507462686567214
0 0.5490196078431373 0.47201492537313433 0.05042016806722673 0.06343283582089553
0 0.3711484593837535 0.24813432835820895 0.036414565826330535 0.05223880597014925
0 0.3753501400560224 0.457089552238806 0.0392156862745098 0.03731343283582089
0 0.3445378151260504 0.416044776119403 0.036414565826330535 0.04477611940298507
0 0.3739495798319328 0.40298507462686567 0.03081232492997199 0.03731343283582089
0 0.20448179271708683 0.6399253731343284 0.03361344537815126 0.04477611940298507
0 0.26750700280112044 0.6044776119402985 0.03361344537815126 0.048507462686567165
