0 0.8133333333333334 0.29976303317535546 0.05511111111111111 0.08767772511848342
0 0.144 0.24881516587677724 0.06933333333333333 0.06635071090047394
0 0.43466666666666665 0.38744075829383884 0.042666666666666665 0.052132701421800945
0 0.8986666666666666 0.6196682464454977 0.06577777777777798 0.10900473933649289
0 0.30666666666666664 0.18246445497630331 0.06222222222222222 0.08530805687203792
0 0.8844444444444445 0.7239336492890995 0.064 0.0971563981042654
0 0.48 0.3578199052132701 0.058666666666666666 0.06872037914691943
0 0.4613333333333333 0.31990521327014215 0.032 0.04265402843601896
0 0.12088888888888889 0.18127962085308058 0.035555555555555556 0.04265402843601896
0 0.39644444444444443 0.9632701421800948 0.07466666666666667 0.10426540284360189
0 0.472 0.5319905213270142 0.030222222222222223 0.04028436018957346
0 0.8888888888888888 0.9182464454976303 0.08177777777777778 0.11848341232227488
0 0.19555555555555557 0.806872037914692 0.042666666666666665 0.07109004739336493
0 0.21777777777777776 0.8945497630331753 0.07822222222222228 0.08056872037914692
0 0.18933333333333333 0.6386255924170616 0.042666666666666665 0.07109004739336493
0 0.64 0.7962085308056872 0.04622222222222222 0.0995260663507109
0 0.328 0.1504739336492891 0.02311111111111111 0.04265402843601896
0 0.7466666666666667 0.4146919431279621 0.06933333333333333 0.08056872037914692
0 0.18133333333333335 0.4609004739336493 0.02488888888888884 0.04028436018957346
0 0.616 0.4052132701421801 0.05511111111111111 0.08056872037914692
