0 0.3591111111111111 0.6552132701421801 0.060444444444444446 0.07345971563981042
0 0.7351111111111112 0.47511848341232227 0.08533333333333333 0.12085308056872038
0 0.6391111111111111 0.027251184834123223 0.07644444444444444 0.11137440758293839
0 0.022222222222222223 0.8779620853080569 0.044444444444444446 0.05687203791469194
0 0.24 0.004739336492890996 0.06755555555555555 0.02132701421800948
0 0.09955555555555555 0.9229857819905213 0.032 0.04739336492890995
0 0.6 0.8518957345971564 0.05333333333333334 0.06398104265402843
0 0.6097777777777778 0.6919431279620853 0.06222222222222222 0.07582938388625593
0 0.4222222222222222 0.8364928909952607 0.05511111111111111 0.054502369668246446
0 0.9831111111111112 0.07582938388625593 0.09955555555555555 0.14454976303317535
0 0.13066666666666665 0.9893364928909952 0.037333333333333385 0.04265402843601896
0 0.02311111111111111 0.8246445497630331 0.02666666666666667 0.037914691943127965
0 0.5777777777777777 0.740521327014218 0.05866666666666687 0.07582938388625593
0 0.25155555555555553 0.1670616113744076 0.048 0.07819905213270142
1 0.6888888888888889 0.7144549763033176 0.051555555555555556 0.07109004739336493
0 0.22933333333333333 0.28672985781990523 0.048 0.07345971563981035
0 0.7031111111111111 0.9170616113744076 0.049777777777777775 0.08056872037914692
0 0.5137777777777778 0.8969194312796208 0.048 0.06872037914691943
0 0.23377777777777778 0.42890995260663506 0.049777777777777775 0.07345971563981042
0 0.16622222222222222 0.39928909952606634 0.08 0.07819905213270142
