0 0.4271708683473389 0.5541044776119403 0.05042016806722689 0.07462686567164178
0 0.8627450980392157 0.5932835820895522 0.04201680672268908 0.06343283582089553
0 0.05182072829131653 0.7555970149253731 0.06162464985994398 0.10074626865671642
0 0.7002801120448179 0.8152985074626866 0.05322128851540632 0.07835820895522388
0 0.8151260504201681 0.2574626865671642 0.05322128851540616 0.07835820895522388
0 0.42016806722689076 0.498134328358209 0.058823529411764705 0.0708955223880597
0 0.9243697478991597 0.9813432835820896 0.036414565826330535 0.04477611940298507
0 0.8053221288515406 0.18470149253731344 0.056022408963585436 0.07462686567164178
0 0.8725490196078431 0.9813432835820896 0.0392156862745098 0.048507462686567165
0 0.7815126050420168 0.22761194029850745 0.036414565826330535 0.05970149253731343
0 0.4803921568627451 0.7705223880597015 0.058823529411764705 0.0708955223880597
0 0.4523809523809524 0.3712686567164179 0.047619047619047616 0.06343283582089553
