0 0.8515406162464986 0.39925373134328357 0.036414565826330535 0.055970149253731345
0 0.8095238095238095 0.43656716417910446 0.05042016806722689 0.0708955223880597
0 0.5294117647058824 0.8078358208955224 0.036414565826330535 0.07835820895522388
0 0.34593837535014005 0.18470149253731344 0.08123249299719888 0.1044776119402985
0 0.4103641456582633 0.7910447761194029 0.05042016806722689 0.08582089552238806
0 0.48739495798319327 0.9197761194029851 0.047619047619047616 0.0708955223880597
0 0.6246498599439776 0.6473880597014925 0.04201680672268908 0.0708955223880597
0 0.634453781512605 0.7313432835820896 0.05322128851540616 0.06716417910447761
0 0.6022408963585434 0.6977611940298507 0.04481792717086835 0.055970149253731345
0 0.6428571428571429 0.23507462686567165 0.06442577030812309 0.08955223880597014
0 0.592436974789916 0.5615671641791045 0.058823529411764705 0.08582089552238806
0 0.927170868347339 0.3582089552238806 0.0392156862745098 0.048507462686567165
