0 0.21688888888888888 0.8649289099526066 0.048 0.07109004739336493
0 0.5857777777777777 0.566350710900474 0.07288888888888889 0.08530805687203792
0 0.22933333333333333 0.7286729857819905 0.035555555555555556 0.045023696682464455
0 0.568 0.037914691943127965 0.06755555555555576 0.1066350710900474
0 0.4737777777777778 0.5722748815165877 0.058666666666666666 0.08767772511848342
0 0.16622222222222222 0.9727488151658767 0.06577777777777778 0.09004739336492891
0 0.3164444444444444 0.9383886255924171 0.0640000000000001 0.08530805687203792
0 0.7342222222222222 0.9751184834123223 0.09066666666666667 0.08767772511848342
0 0.7208888888888889 0.13033175355450238 0.04088888888888889 0.0663507109004739
0 0.6177777777777778 0.9834123222748815 0.05688888888888889 0.061611374407582936
0 0.2942222222222222 0.44075829383886256 0.05333333333333334 0.06872037914691943
0 0.7502222222222222 0.3104265402843602 0.07644444444444444 0.0971563981042654
0 0.8648888888888889 0.20023696682464456 0.07288888888888889 0.07345971563981042
0 0.4613333333333333 0.9917061611374408 0.04088888888888889 0.037914691943127965
0 0.1448888888888889 0.17890995260663506 0.08888888888888889 0.0971563981042654
0 0.104 0.273696682464455 0.08 0.08530805687203785
0 0.256 0.36492890995260663 0.051555555555555556 0.07582938388625593
0 0.9502222222222222 0.9443127962085308 0.11555555555555555 0.15876777251184834
0 0.9911111111111112 0.7215639810426541 0.049777777777777775 0.1066350710900474
0 0.3368888888888889 0.48696682464454977 0.04622222222222222 0.061611374407582936
0 0.036444444444444446 0.7203791469194313 0.06755555555555555 0.06398104265402843
0 0.7813333333333333 0.37796208530805686 0.064 0.0971563981042654
0 0.7635555555555555 0.15165876777251186 0.051555555555555556 0.11374407582938388
0 0.4071111111111111 0.8732227488151659 0.06577777777777778 0.09004739336492891
0 0.32266666666666666 0.25829383886255924 0.060444444444444446 0.07345971563981042
0 0.8995555555555556 0.8021327014218009 0.096 0.13981042654028436
0 0.4 0.3281990521327014 0.07111111111111111 0.10426540284360189
0 0.4106666666666667 0.7796208530805687 0.064 0.08767772511848342
0 0.3768888888888889 0.5 0.060444444444444446 0.08767772511848342
0 0.05333333333333334 0.6587677725118484 0.06399999999999999 0.06635071090047394
0 0.6124444444444445 0.504739336492891 0.07111111111111111 0.08767772511848354
0 0.17777777777777778 0.6291469194312796 0.064 0.08530805687203792
0 0.328 0.6966824644549763 0.06222222222222222 0.09004739336492891
0 0.37155555555555553 0.38981042654028436 0.062222222222222325 0.08056872037914692
0 0.19822222222222222 0.31635071090047395 0.042666666666666665 0.08056872037914692
0 0.4968888888888889 0.4052132701421801 0.05333333333333334 0.08530805687203792
