1 0.6995555555555556 0.9881516587677726 0.05333333333333334 0.03317535545023697
0 0.8968888888888888 0.3353080568720379 0.08177777777777778 0.0924170616113744
0 0.2737777777777778 0.9881516587677726 0.06755555555555555 0.06398104265402843
0 0.6604444444444444 0.26895734597156395 0.05511111111111131 0.06635071090047387
0 0.7368888888888889 0.22867298578199052 0.06933333333333333 0.08056872037914692
1 0.8942222222222223 0.4514218009478673 0.09422222222222222 0.13744075829383887
0 0.5768888888888889 0.011848341232227487 0.07111111111111111 0.06398104265402843
0 0.4631111111111111 0.7725118483412322 0.033777777777777775 0.07345971563981042
1 0.36533333333333334 0.48933649289099523 0.11377777777777778 0.13270142180094788
0 0.39022222222222225 0.8518957345971564 0.05155555555555545 0.07109004739336493
0 0.8213333333333334 0.7440758293838863 0.08711111111111111 0.11848341232227488
0 0.7991111111111111 0.26421800947867297 0.07111111111111111 0.10426540284360196
0 0.9884444444444445 0.46327014218009477 0.048 0.061611374407582936
0 0.6115555555555555 0.981042654028436 0.02666666666666667 0.04265402843601896
0 0.34044444444444444 0.985781990521327 0.064 0.05687203791469194
0 0.8728888888888889 0.20616113744075829 0.11377777777777778 0.12796208530805686
0 0.9822222222222222 0.35071090047393366 0.08888888888888889 0.11611374407582939
0 0.7804444444444445 0.06872037914691943 0.10666666666666647 0.12085308056872038
0 0.4648888888888889 0.8886255924170616 0.05511111111111111 0.05924170616113744
0 0.9697777777777777 0.11848341232227488 0.09955555555555555 0.15639810426540285
0 0.864 0.02132701421800948 0.09422222222222222 0.10426540284360189
0 0.5626666666666666 0.9893364928909952 0.051555555555555556 0.045023696682464455
0 0.19733333333333333 0.966824644549763 0.042666666666666665 0.05687203791469194
0 0.9466666666666667 0.5367298578199052 0.060444444444444446 0.08056872037914692
0 0.6106666666666667 0.3080568720379147 0.064 0.08056872037914692
0 0.6222222222222222 0.07938388625592417 0.048 0.07109004739336493
0 0.5511111111111111 0.254739336492891 0.07822222222222222 0.1066350710900474
0 0.2728888888888889 0.7950236966824644 0.049777777777777775 0.06635071090047394
