0 0.6708683473389355 0.16791044776119404 0.04481792717086851 0.07462686567164178
0 0.2619047619047619 0.7873134328358209 0.0392156862745098 0.055970149253731345
0 0.32492997198879553 0.7369402985074627 0.03361344537815126 0.05223880597014925
0 0.8081232492997199 0.4291044776119403 0.05322128851540616 0.05970149253731343
0 0.5126050420168067 0.4906716417910448 0.06162464985994413 0.09701492537313433
0 0.6050420168067226 0.4869402985074627 0.07282913165266122 0.10074626865671642
0 0.20588235294117646 0.6268656716417911 0.04201680672268908 0.05223880597014925
0 0.47619047619047616 0.3787313432835821 0.036414565826330535 0.055970149253731345
0 0.4943977591036415 0.05783582089552239 0.05042016806722689 0.05970149253731343
0 0.6260504201680672 0.04477611940298507 0.04201680672268908 0.04477611940298507
0 0.896358543417367 0.06529850746268656 0.07563025210084033 0.08955223880597014
0 0.7871148459383753 0.1865671641791045 0.04201680672268908 0.048507462686567165
0 0.40476190476190477 0.3675373134328358 0.04481792717086835 0.055970149253731345
0 0.726890756302521 0.3694029850746269 0.07282913165266107 0.08955223880597014
0 0.36694677871148457 0.34701492537313433 0.0392156862745098 0.05970149253731343
0 0.19887955182072828 0.5541044776119403 0.03081232492997199 0.048507462686567165
0 0.11904761904761904 0.9328358208955224 0.047619047619047616 0.06343283582089553
0 0.29551820728291317 0.7630597014925373 0.03081232492997199 0.055970149253731345
