1 0.41155555555555556 0.0509478672985782 0.07644444444444444 0.13033175355450238
1 0.368 0.4004739336492891 0.09422222222222222 0.12085308056872038
1 0.5022222222222222 0.1966824644549763 0.11377777777777778 0.16824644549763032
1 0.14044444444444446 0.5379146919431279 0.07288888888888889 0.08767772511848354
0 0.3511111111111111 0.9703791469194313 0.033777777777777775 0.035545023696682464
1 0.36 0.24289099526066352 0.10844444444444444 0.13507109004739337
1 0.022222222222222223 0.38270142180094785 0.07822222222222222 0.0995260663507109
0 0.10577777777777778 0.9928909952606635 0.06933333333333333 0.052132701421800945
0 0.7155555555555555 0.054502369668246446 0.0960000000000002 0.18246445497630331
1 0.616 0.6184834123222749 0.14577777777777778 0.1966824644549763
1 0.23555555555555555 0.542654028436019 0.06755555555555555 0.08767772511848342
0 0.6737777777777778 0.2938388625592417 0.096 0.13270142180094793
1 0.18755555555555556 0.28672985781990523 0.14044444444444446 0.14928909952606628
1 0.4728888888888889 0.4419431279620853 0.06577777777777778 0.14691943127962084
0 0.368 0.5687203791469194 0.048 0.052132701421800945
1 0.42133333333333334 0.6421800947867299 0.048 0.0971563981042654
