0 0.7884444444444444 0.716824644549763 0.042666666666666866 0.07109004739336493
0 0.9466666666666667 0.6125592417061612 0.032 0.04739336492890995
0 0.7608888888888888 0.7950236966824644 0.04088888888888909 0.054502369668246446
0 0.012444444444444444 0.027251184834123223 0.030222222222222223 0.061611374407582936
0 0.31377777777777777 0.5154028436018957 0.048 0.07345971563981056
0 0.37866666666666665 0.4443127962085308 0.064 0.0924170616113744
0 0.92 0.31516587677725116 0.07111111111111111 0.0995260663507109
0 0.08177777777777778 0.30924170616113744 0.044444444444444446 0.054502369668246446
0 0.7111111111111111 0.8222748815165877 0.060444444444444446 0.07819905213270142
0 0.2995555555555556 0.2950236966824645 0.051555555555555556 0.06398104265402837
0 0.21955555555555556 0.3791469194312796 0.05333333333333334 0.08056872037914692
0 0.9884444444444445 0.36255924170616116 0.033777777777777775 0.0995260663507109
0 0.14844444444444443 0.015402843601895734 0.051555555555555556 0.07582938388625593
0 0.6737777777777778 0.990521327014218 0.035555555555555556 0.04028436018957346
0 0.248 0.3341232227488152 0.033777777777777775 0.07109004739336493
0 0.028444444444444446 0.18838862559241706 0.033777777777777775 0.037914691943127965
0 0.08355555555555555 0.8684834123222749 0.05511111111111111 0.061611374407582936
0 0.3253333333333333 0.235781990521327 0.04088888888888899 0.05924170616113744
0 0.288 0.6054502369668247 0.058666666666666666 0.07582938388625593
0 0.3448888888888889 0.7867298578199052 0.05333333333333334 0.08293838862559241
1 0.17777777777777778 0.6030805687203792 0.048 0.08056872037914706
0 0.37777777777777777 0.018957345971563982 0.04622222222222222 0.1066350710900474
0 0.057777777777777775 0.1362559241706161 0.03911111111111111 0.040284360189573494
0 0.22044444444444444 0.8507109004739336 0.07288888888888889 0.08767772511848342
1 0.49422222222222223 0.9395734597156398 0.04622222222222222 0.08293838862559241
0 0.336 0.2985781990521327 0.04622222222222222 0.08293838862559248
0 0.1831111111111111 0.716824644549763 0.037333333333333336 0.052132701421800945
0 0.38222222222222224 0.8021327014218009 0.04622222222222222 0.08293838862559241
0 0.34755555555555556 0.023696682464454975 0.044444444444444446 0.0971563981042654
0 0.16 0.13033175355450238 0.049777777777777775 0.0616113744075829
0 0.312 0.35071090047393366 0.049777777777777775 0.06872037914691943
0 0.048 0.8495260663507109 0.044444444444444446 0.052132701421800945
0 0.104 0.20734597156398105 0.030222222222222223 0.04976303317535545
0 0.08088888888888889 0.20971563981042654 0.028444444444444446 0.06635071090047394
0 0.2773333333333333 0.41350710900473936 0.048 0.05687203791469194
