0 0.40336134453781514 0.6585820895522388 0.03081232492997199 0.04477611940298507
0 0.6554621848739496 0.5876865671641791 0.06722689075630252 0.07462686567164178
0 0.49719887955182074 0.5970149253731343 0.056022408963585436 0.06716417910447761
0 0.9705882352941176 0.667910447761194 0.07563025210084033 0.11940298507462686
0 0.9397759103641457 0.7854477611940298 0.056022408963585436 0.05970149253731343
0 0.4103641456582633 0.707089552238806 0.04481792717086835 0.05223880597014925
0 0.08543417366946779 0.5485074626865671 0.05322128851540616 0.06716417910447761
0 0.11624649859943978 0.2966417910447761 0.04201680672268908 0.048507462686567165
0 0.014005602240896359 0.22388059701492538 0.03361344537815126 0.05970149253731343
0 0.06442577030812324 0.22574626865671643 0.036414565826330555 0.04477611940298507
0 0.12745098039215685 0.21455223880597016 0.047619047619047616 0.05223880597014925
0 0.04481792717086835 0.2966417910447761 0.03361344537815126 0.04477611940298507
