0 0.4622222222222222 0.06753554502369669 0.04088888888888889 0.06872037914691943
0 0.4311111111111111 0.46445497630331756 0.060444444444444446 0.061611374407582936
0 0.43822222222222224 0.1338862559241706 0.06755555555555555 0.0995260663507109
0 0.7146666666666667 0.10308056872037914 0.048 0.07345971563981042
0 0.39466666666666667 0.24170616113744076 0.06933333333333333 0.1066350710900474
0 0.52 0.4786729857819905 0.064 0.07109004739336493
0 0.4471111111111111 0.9265402843601895 0.08711111111111111 0.13270142180094788
0 0.3546666666666667 0.5308056872037915 0.06933333333333333 0.08767772511848328
0 0.26666666666666666 0.5710900473933649 0.04622222222222222 0.061611374407583075
0 0.6746666666666666 0.49881516587677727 0.048 0.08056872037914692
0 0.6817777777777778 0.5959715639810427 0.048 0.08056872037914692
0 0.6435555555555555 0.10308056872037914 0.06933333333333333 0.1066350710900474
0 0.38222222222222224 0.830568720379147 0.07111111111111111 0.0995260663507109
0 0.5884444444444444 0.18009478672985782 0.07822222222222222 0.0995260663507109
0 0.584 0.08175355450236967 0.06577777777777778 0.10426540284360189
