0 0.3487394957983193 0.5317164179104478 0.0392156862745098 0.06343283582089553
0 0.08123249299719888 0.5466417910447762 0.04481792717086835 0.05223880597014925
0 0.30392156862745096 0.43283582089552236 0.0476190476190477 0.06343283582089541
0 0.18347338935574228 0.6175373134328358 0.05042016806722689 0.06343283582089553
0 0.04201680672268908 0.6082089552238806 0.04481792717086834 0.041044776119402986
0 0.2338935574229692 0.5690298507462687 0.04201680672268908 0.05970149253731343
0 0.3445378151260504 0.3880597014925373 0.058823529411764705 0.06716417910447761
0 0.31932773109243695 0.9421641791044776 0.0476190476190477 0.055970149253731345
0 0.36834733893557425 0.9067164179104478 0.047619047619047616 0.05970149253731343
0 0.5056022408963585 0.9645522388059702 0.05042016806722689 0.0708955223880597
0 0.16526610644257703 0.7966417910447762 0.03361344537815126 0.055970149253731345
0 0.36694677871148457 0.43097014925373134 0.04201680672268908 0.05970149253731343
0 0.21428571428571427 0.8246268656716418 0.04481792717086835 0.05223880597014925
0 0.6148459383753502 0.24253731343283583 0.04481792717086835 0.05970149253731343
0 0.6330532212885154 0.06902985074626866 0.04481792717086835 0.05223880597014925
0 0.6204481792717087 0.024253731343283583 0.05322128851540616 0.04477611940298507
0 0.6624649859943977 0.013059701492537313 0.047619047619047616 0.033582089552238806
0 0.5840336134453782 0.03544776119402985 0.036414565826330535 0.055970149253731345
0 0.511204481792717 0.07835820895522388 0.04201680672268908 0.06716417910447761
0 0.47198879551820727 0.13992537313432835 0.036414565826330535 0.05970149253731343
0 0.5 0.15671641791044777 0.036414565826330535 0.055970149253731345
0 0.35154061624649857 0.024253731343283583 0.05602240896358551 0.06343283582089553
0 0.21988795518207283 0.21641791044776118 0.0392156862745098 0.055970149253731394
0 0.03081232492997199 0.3619402985074627 0.047619047619047616 0.06716417910447761
0 0.6470588235294118 0.8059701492537313 0.0392156862745098 0.05223880597014925
