0 0.6231111111111111 0.4786729857819905 0.042666666666666866 0.08293838862559241
0 0.011555555555555555 0.31516587677725116 0.049777777777777775 0.07582938388625593
0 0.5546666666666666 0.7002369668246445 0.033777777777777775 0.08293838862559241
0 0.6053333333333333 0.5580568720379147 0.04977777777777798 0.07109004739336507
0 0.28888888888888886 0.041469194312796206 0.046222222222222324 0.04739336492890995
0 0.9324444444444444 0.8459715639810427 0.07466666666666667 0.08530805687203792
0 0.5173333333333333 0.8969194312796208 0.04088888888888889 0.08530805687203792
0 0.22755555555555557 0.06516587677725119 0.044444444444444446 0.06398104265402842
0 0.4666666666666667 0.4490521327014218 0.08533333333333333 0.0971563981042654
0 0.232 0.14218009478672985 0.042666666666666665 0.05687203791469194
0 0.104 0.39928909952606634 0.04622222222222222 0.04739336492890995
0 0.0791111111111111 0.46208530805687204 0.05511111111111114 0.061611374407582936
0 0.5697777777777778 0.5936018957345972 0.04622222222222222 0.05450236966824631
0 0.5395555555555556 0.8175355450236966 0.032 0.07819905213270142
