0 0.5 0.4458955223880597 0.05042016806722689 0.08582089552238806
0 0.6218487394957983 0.46828358208955223 0.0392156862745098 0.07835820895522388
0 0.9215686274509803 0.7873134328358209 0.05322128851540616 0.0708955223880597
0 0.865546218487395 0.6884328358208955 0.047619047619047616 0.06716417910447761
0 0.7296918767507002 0.27238805970149255 0.07282913165266107 0.08955223880597014
0 0.5140056022408963 0.3414179104477612 0.03921568627450996 0.06716417910447761
0 0.8879551820728291 0.6044776119402985 0.058823529411764705 0.055970149253731345
0 0.3753501400560224 0.8003731343283582 0.056022408963585436 0.08208955223880597
0 0.3165266106442577 0.9235074626865671 0.05042016806722689 0.05970149253731343
0 0.4495798319327731 0.4253731343283582 0.058823529411764705 0.09328358208955224
