0 0.328 0.6978672985781991 0.06577777777777778 0.0947867298578199
0 0.5368888888888889 0.7677725118483413 0.058666666666666666 0.0924170616113744
0 0.041777777777777775 0.8270142180094787 0.07288888888888889 0.08056872037914692
1 0.03111111111111111 0.5011848341232228 0.08888888888888889 0.14928909952606623
0 0.2648888888888889 0.3815165876777251 0.07288888888888889 0.08767772511848342
0 0.2853333333333333 0.9419431279620853 0.06222222222222222 0.09004739336492891
0 0.5982222222222222 0.41232227488151657 0.09066666666666667 0.13033175355450238
0 0.3217777777777778 0.47393364928909953 0.06222222222222222 0.0947867298578199
0 0.424 0.8649289099526066 0.06222222222222222 0.07582938388625593
0 0.3368888888888889 0.995260663507109 0.030222222222222223 0.018957345971563982
0 0.7288888888888889 0.9881516587677726 0.06222222222222222 0.04265402843601896
0 0.3128888888888889 0.9822274881516587 0.030222222222222223 0.04265402843601896
1 0.5475555555555556 0.6469194312796208 0.08177777777777778 0.13270142180094788
0 0.4648888888888889 0.8080568720379147 0.06222222222222222 0.0924170616113744
1 0.5084444444444445 0.2476303317535545 0.1368888888888889 0.1848341232227488
0 0.5457777777777778 0.3933649289099526 0.06755555555555555 0.0995260663507109
0 0.2693333333333333 0.8483412322274881 0.04622222222222222 0.07819905213270142
