0 0.6097777777777778 0.22985781990521326 0.03911111111111111 0.04265402843601896
0 0.5955555555555555 0.8518957345971564 0.04444444444444465 0.06635071090047394
0 0.9084444444444445 0.8625592417061612 0.10844444444444425 0.14691943127962084
0 0.568 0.4052132701421801 0.06933333333333354 0.0971563981042654
0 0.5244444444444445 0.5201421800947867 0.03911111111111111 0.07582938388625593
0 0.5475555555555556 0.75 0.06933333333333333 0.10900473933649289
0 0.15288888888888888 0.09597156398104266 0.10311111111111111 0.0995260663507109
0 0.20355555555555555 0.06872037914691943 0.08355555555555555 0.1066350710900474
0 0.7226666666666667 0.9822274881516587 0.06577777777777778 0.07109004739336493
0 0.2942222222222222 0.14336492890995262 0.08888888888888889 0.11611374407582935
0 0.5333333333333333 0.6327014218009479 0.05511111111111111 0.0924170616113744
0 0.5226666666666666 0.8471563981042654 0.07111111111111132 0.10900473933649289
0 0.504 0.957345971563981 0.064 0.10900473933649289
