0 0.6355555555555555 0.9881516587677726 0.02311111111111111 0.026066350710900472
0 0.42044444444444445 0.42890995260663506 0.07466666666666667 0.10426540284360189
0 0.312 0.7180094786729858 0.060444444444444446 0.06635071090047394
0 0.8186666666666667 0.3175355450236967 0.08711111111111111 0.1018957345971564
0 0.6444444444444445 0.6172985781990521 0.07822222222222222 0.0995260663507109
0 0.616 0.70260663507109 0.04088888888888889 0.05687203791469194
1 0.16444444444444445 0.4146919431279621 0.10844444444444444 0.15165876777251186
0 0.8355555555555556 0.41113744075829384 0.11555555555555536 0.11848341232227488
0 0.6275555555555555 0.8921800947867299 0.042666666666666665 0.07109004739336493
0 0.6222222222222222 0.9620853080568721 0.032 0.07109004739336493
0 0.7448888888888889 0.7393364928909952 0.096 0.08056872037914692
0 0.6053333333333333 0.6386255924170616 0.024888888888889092 0.05687203791469194
0 0.7173333333333334 0.8518957345971564 0.05688888888888889 0.08293838862559241
0 0.5928888888888889 0.75 0.05688888888888889 0.07819905213270142
0 0.9875555555555555 0.5497630331753555 0.10133333333333333 0.12796208530805686
0 0.037333333333333336 0.7109004739336493 0.07822222222222222 0.0995260663507109
0 0.7048888888888889 0.9229857819905213 0.048 0.061611374407582936
0 0.17866666666666667 0.8530805687203792 0.064 0.06872037914691943
1 0.7475555555555555 0.8815165876777251 0.048 0.08530805687203792
0 0.6408888888888888 0.8033175355450237 0.04622222222222222 0.06398104265402843
0 0.017777777777777778 0.7938388625592417 0.04622222222222222 0.06872037914691943
0 0.08711111111111111 0.44075829383886256 0.07288888888888889 0.08767772511848342
0 0.6693333333333333 0.7772511848341233 0.060444444444444446 0.08056872037914692
0 0.35555555555555557 0.5770142180094787 0.07466666666666667 0.08530805687203778
0 0.5822222222222222 0.8530805687203792 0.06222222222222222 0.08530805687203792
0 0.7911111111111111 0.9834123222748815 0.048 0.05687203791469194
