1 0.6524444444444445 0.5864928909952607 0.05688888888888889 0.04028436018957346
1 0.08355555555555555 0.41113744075829384 0.037333333333333336 0.06635071090047394
1 0.7884444444444444 0.4585308056872038 0.0320000000000002 0.06398104265402843
1 0.31733333333333336 0.6528436018957346 0.08177777777777778 0.1018957345971564
1 0.7928888888888889 0.5485781990521327 0.08 0.08530805687203792
1 0.456 0.5888625592417062 0.08533333333333333 0.0995260663507109
0 0.10044444444444445 0.4703791469194313 0.037333333333333336 0.054502369668246446
1 0.27466666666666667 0.08056872037914692 0.07288888888888889 0.0971563981042654
1 0.5688888888888889 0.5556872037914692 0.07288888888888889 0.1018957345971564
1 0.13244444444444445 0.10781990521327015 0.10488888888888889 0.12322274881516587
0 0.3422222222222222 0.764218009478673 0.048 0.06635071090047394
0 0.036444444444444446 0.5710900473933649 0.042666666666666665 0.059241706161137574
