0 0.757703081232493 0.7164179104477612 0.03081232492997199 0.04477611940298507
0 0.6988795518207283 0.5541044776119403 0.04481792717086851 0.04477611940298507
0 0.6974789915966386 0.871268656716418 0.03081232492997199 0.05223880597014925
0 0.6820728291316527 0.7630597014925373 0.036414565826330535 0.048507462686567165
0 0.6638655462184874 0.5727611940298507 0.05042016806722689 0.048507462686567165
0 0.6918767507002801 0.8041044776119403 0.03081232492997199 0.04477611940298507
0 0.6834733893557423 0.8376865671641791 0.03081232492997199 0.041044776119402986
0 0.30952380952380953 0.9216417910447762 0.04201680672268908 0.06716417910447761
0 0.7296918767507002 0.625 0.04481792717086835 0.041044776119402986
0 0.48599439775910364 0.9832089552238806 0.04201680672268908 0.06716417910447761
0 0.7058823529411765 0.9421641791044776 0.03081232492997183 0.06343283582089553
