0 0.48533333333333334 0.46208530805687204 0.028444444444444446 0.04265402843601896
0 0.8106666666666666 0.6196682464454977 0.07111111111111111 0.08530805687203792
0 0.8693333333333333 0.2618483412322275 0.04088888888888889 0.07819905213270142
0 0.6888888888888889 0.6054502369668247 0.049777777777777775 0.05924170616113744
0 0.728 0.46208530805687204 0.06577777777777778 0.09004739336492891
0 0.20266666666666666 0.7037914691943128 0.05333333333333334 0.07109004739336493
0 0.9831111111111112 0.976303317535545 0.10311111111111111 0.12796208530805686
0 0.37066666666666664 0.9585308056872038 0.08533333333333333 0.13270142180094788
0 0.7102222222222222 0.10545023696682465 0.06933333333333333 0.08767772511848342
0 0.8097777777777778 0.34360189573459715 0.032 0.05687203791469194
0 0.4524444444444444 0.46445497630331756 0.058666666666666666 0.05924170616113744
0 0.7715555555555556 0.3424170616113744 0.05688888888888889 0.10426540284360189
0 0.488 0.39691943127962087 0.06222222222222222 0.08056872037914692
