0 0.060444444444444446 0.5687203791469194 0.03911111111111111 0.04265402843601896
0 0.7626666666666667 0.3933649289099526 0.10133333333333333 0.11611374407582939
0 0.6826666666666666 0.5687203791469194 0.08177777777777778 0.0947867298578199
0 0.7742222222222223 0.6409952606635071 0.10844444444444444 0.10426540284360189
1 0.8133333333333334 0.5485781990521327 0.14222222222222222 0.16350710900473933
0 0.08266666666666667 0.14336492890995262 0.07822222222222222 0.10900473933649285
1 0.8693333333333333 0.27606635071090047 0.1368888888888889 0.15165876777251186
0 0.5431111111111111 0.33649289099526064 0.07466666666666667 0.08293838862559241
0 0.43466666666666665 0.20853080568720378 0.03911111111111111 0.06635071090047394
0 0.2826666666666667 0.22393364928909953 0.06933333333333333 0.07345971563981042
0 0.4702222222222222 0.11018957345971564 0.04088888888888889 0.08530805687203792
0 0.9253333333333333 0.5829383886255924 0.13155555555555556 0.12085308056872038
1 0.3075555555555556 0.026066350710900472 0.09422222222222212 0.07819905213270142
0 0.0071111111111111115 0.35071090047393366 0.021333333333333333 0.052132701421800945
0 0.9724444444444444 0.02014218009478673 0.07288888888888889 0.0971563981042654
0 0.35733333333333334 0.25829383886255924 0.05511111111111111 0.06635071090047394
0 0.4888888888888889 0.2665876777251185 0.04088888888888889 0.06635071090047394
0 0.1688888888888889 0.75 0.030222222222222223 0.052132701421800945
0 0.6106666666666667 0.5675355450236966 0.09066666666666667 0.09715639810426553
1 0.11555555555555555 0.47511848341232227 0.048 0.052132701421800945
0 0.059555555555555556 0.7227488151658767 0.04088888888888889 0.035545023696682464
0 0.3431111111111111 0.4774881516587678 0.07288888888888889 0.0924170616113744
0 0.09422222222222222 0.6623222748815166 0.037333333333333336 0.04976303317535545
0 0.6462222222222223 0.5011848341232228 0.09244444444444444 0.08530805687203778
0 0.5297777777777778 0.24881516587677724 0.05688888888888889 0.08530805687203792
0 0.042666666666666665 0.5497630331753555 0.058666666666666666 0.04739336492890995
0 0.08088888888888889 0.6978672985781991 0.030222222222222223 0.035545023696682464
0 0.88 0.07938388625592417 0.08355555555555555 0.07582938388625593
0 0.5075555555555555 0.1528436018957346 0.058666666666666666 0.061611374407582936
0 0.8586666666666667 0.6670616113744076 0.09066666666666667 0.10900473933649289
0 0.7066666666666667 0.01066350710900474 0.05511111111111111 0.05924170616113744
0 0.21155555555555555 0.024881516587677725 0.058666666666666666 0.08056872037914692
0 0.8195555555555556 0.009478672985781991 0.03911111111111111 0.026066350710900472
0 0.04711111111111111 0.4881516587677725 0.035555555555555556 0.035545023696682464
1 0.2604444444444444 0.95260663507109 0.04622222222222222 0.04028436018957346
0 0.6053333333333333 0.33767772511848343 0.05688888888888909 0.052132701421800945
1 0.06844444444444445 0.9466824644549763 0.09066666666666667 0.08767772511848342
0 0.7377777777777778 0.5592417061611374 0.08355555555555555 0.10900473933649289
0 0.176 0.3447867298578199 0.049777777777777775 0.04739336492890995
0 0.4871111111111111 0.3566350710900474 0.06577777777777778 0.05687203791469194
0 0.17866666666666667 0.2962085308056872 0.051555555555555556 0.06635071090047394
