0 0.208 0.5343601895734598 0.033777777777777775 0.04502369668246432
0 0.8755555555555555 0.014218009478672985 0.032 0.037914691943127965
0 0.9324444444444444 0.6824644549763034 0.033777777777777775 0.04028436018957346
0 0.8648888888888889 0.7618483412322274 0.035555555555555556 0.04739336492890995
1 0.8257777777777778 0.11255924170616113 0.04088888888888869 0.05687203791469194
0 0.8311111111111111 0.8542654028436019 0.030222222222222223 0.04265402843601896
0 0.9146666666666666 0.8116113744075829 0.02666666666666667 0.04265402843601896
0 0.8346666666666667 0.7085308056872038 0.02666666666666667 0.037914691943127965
0 0.8871111111111111 0.6777251184834123 0.030222222222222223 0.04028436018957346
0 0.9431111111111111 0.17772511848341233 0.024888888888888887 0.030805687203791468
0 0.9404444444444444 0.6018957345971564 0.035555555555555556 0.04265402843601896
0 0.64 0.95260663507109 0.030222222222222223 0.04739336492890995
0 0.952 0.40165876777251186 0.042666666666666665 0.04739336492890995
0 0.9768888888888889 0.08649289099526067 0.03911111111111111 0.037914691943127965
0 0.1991111111111111 0.4099526066350711 0.10488888888888889 0.12085308056872038
0 0.29333333333333333 0.2938388625592417 0.07111111111111111 0.07345971563981049
0 0.936 0.7867298578199052 0.02311111111111111 0.045023696682464455
0 0.27644444444444444 0.4253554502369668 0.064 0.08293838862559241
1 0.9777777777777777 0.754739336492891 0.05333333333333334 0.08530805687203792
0 0.22133333333333333 0.4881516587677725 0.064 0.07582938388625593
0 0.30044444444444446 0.3566350710900474 0.08 0.07819905213270142
0 0.9208888888888889 0.1481042654028436 0.02666666666666667 0.04028436018957346
0 0.992 0.17654028436018956 0.03911111111111111 0.045023696682464455
0 0.9626666666666667 0.6682464454976303 0.033777777777777775 0.045023696682464455
0 0.3982222222222222 0.30924170616113744 0.06222222222222222 0.06398104265402843
0 0.11911111111111111 0.4786729857819905 0.028444444444444446 0.04265402843601896
