0 0.18907563025210083 0.8955223880597015 0.0392156862745098 0.055970149253731345
0 0.29411764705882354 0.34701492537313433 0.058823529411764705 0.0708955223880597
0 0.5336134453781513 0.7966417910447762 0.05322128851540616 0.07835820895522388
0 0.32492997198879553 0.7593283582089553 0.03081232492997199 0.06343283582089532
0 0.2619047619047619 0.416044776119403 0.04201680672268908 0.055970149253731345
0 0.4803921568627451 0.6847014925373134 0.07282913165266107 0.08208955223880597
0 0.2815126050420168 0.5466417910447762 0.04481792717086835 0.06716417910447761
0 0.3123249299719888 0.2798507462686567 0.04201680672268908 0.05970149253731343
0 0.29551820728291317 0.6361940298507462 0.036414565826330535 0.05970149253731343
0 0.22549019607843138 0.4533582089552239 0.0392156862745098 0.05970149253731343
0 0.48739495798319327 0.6119402985074627 0.05322128851540616 0.06716417910447761
0 0.20028011204481794 0.9682835820895522 0.04201680672268908 0.04477611940298507
0 0.27310924369747897 0.11567164179104478 0.03361344537815134 0.06716417910447761
