0 0.5854341736694678 0.027985074626865673 0.04201680672268908 0.05970149253731343
0 0.19047619047619047 0.7089552238805971 0.0784313725490196 0.09328358208955224
0 0.469187675070028 0.21641791044776118 0.06162464985994398 0.055970149253731394
0 0.25630252100840334 0.4197761194029851 0.03921568627450989 0.05223880597014925
0 0.7969187675070029 0.5130597014925373 0.06722689075630252 0.08582089552238806
0 0.48599439775910364 0.47574626865671643 0.06162464985994398 0.08208955223880597
0 0.39775910364145656 0.2593283582089552 0.04481792717086835 0.05223880597014925
0 0.47058823529411764 0.27052238805970147 0.04481792717086835 0.048507462686567165
0 0.49719887955182074 0.7686567164179104 0.06442577030812324 0.08955223880597014
0 0.18347338935574228 0.5018656716417911 0.05322128851540616 0.0708955223880597
