0 0.42997198879551823 0.11940298507462686 0.05042016806722689 0.06343283582089553
0 0.876750700280112 0.4123134328358209 0.05322128851540616 0.08208955223880597
0 0.6330532212885154 0.3656716417910448 0.04201680672268908 0.05970149253731343
0 0.484593837535014 0.19962686567164178 0.0392156862745098 0.05970149253731343
0 0.6092436974789915 0.32276119402985076 0.05042016806722705 0.06343283582089553
0 0.9439775910364145 0.33955223880597013 0.047619047619047616 0.05970149253731343
0 0.35014005602240894 0.21082089552238806 0.03361344537815134 0.041044776119402986
0 0.7857142857142857 0.753731343283582 0.05322128851540616 0.07835820895522388
0 0.5168067226890757 0.9925373134328358 0.04761904761904746 0.04477611940298507
0 0.6022408963585434 0.5335820895522388 0.056022408963585436 0.08208955223880597
0 0.6610644257703081 0.6007462686567164 0.06162464985994398 0.08955223880597014
0 0.9649859943977591 0.7779850746268657 0.06442577030812324 0.08208955223880597
0 0.5700280112044818 0.9757462686567164 0.036414565826330535 0.0708955223880597
0 0.5084033613445378 0.6380597014925373 0.04481792717086835 0.05223880597014925
0 0.4677871148459384 0.5335820895522388 0.04201680672268908 0.0708955223880597
0 0.4579831932773109 0.4608208955223881 0.047619047619047616 0.07462686567164178
0 0.37815126050420167 0.3246268656716418 0.04201680672268908 0.05970149253731343
0 0.3403361344537815 0.333955223880597 0.03361344537815126 0.048507462686567165
0 0.32072829131652664 0.3582089552238806 0.03641456582633045 0.048507462686567165
0 0.29831932773109243 0.3656716417910448 0.028011204481792718 0.041044776119402986
0 0.30392156862745096 0.39552238805970147 0.030812324929972067 0.03731343283582089
0 0.27310924369747897 0.5018656716417911 0.03361344537815134 0.05223880597014925
0 0.24929971988795518 0.5298507462686567 0.036414565826330535 0.041044776119402986
0 0.3851540616246499 0.5242537313432836 0.03361344537815126 0.048507462686567165
0 0.41456582633053224 0.5690298507462687 0.0392156862745098 0.05970149253731343
0 0.0196078431372549 0.6548507462686567 0.047619047619047616 0.07462686567164178
0 0.16666666666666666 0.061567164179104475 0.036414565826330535 0.05970149253731343
0 0.21288515406162464 0.020522388059701493 0.036414565826330535 0.055970149253731345
0 0.5574229691876751 0.016791044776119403 0.04201680672268908 0.05223880597014925
0 0.4943977591036415 0.5802238805970149 0.0392156862745098 0.05223880597014925
0 0.10224089635854341 0.2332089552238806 0.04201680672268908 0.055970149253731345
