0 0.1928888888888889 0.735781990521327 0.08177777777777778 0.11374407582938388
0 0.6613333333333333 0.008293838862559242 0.06222222222222222 0.02132701421800948
0 0.6604444444444444 0.27488151658767773 0.06755555555555576 0.08293838862559241
0 0.5066666666666667 0.504739336492891 0.05688888888888889 0.08056872037914678
0 0.5848888888888889 0.38388625592417064 0.060444444444444446 0.07819905213270142
0 0.5697777777777778 0.15758293838862558 0.058666666666666666 0.08056872037914692
0 0.4328888888888889 0.7677725118483413 0.051555555555555556 0.07345971563981042
0 0.24977777777777777 0.6327014218009479 0.049777777777777775 0.06872037914691943
0 0.6604444444444444 0.6907582938388626 0.04977777777777798 0.07345971563981042
0 0.4062222222222222 0.1990521327014218 0.035555555555555556 0.04028436018957346
0 0.4693333333333333 0.5995260663507109 0.058666666666666666 0.061611374407582936
0 0.688 0.08649289099526067 0.05866666666666687 0.07345971563981042
0 0.3022222222222222 0.7417061611374408 0.07288888888888889 0.0924170616113744
