0 0.7787934186471663 0.5006090133982948 0.04753199268738574 0.048721071863580996
0 0.12614259597806216 0.6613885505481121 0.03473491773308958 0.0438489646772229
0 0.726691042047532 0.9403166869671132 0.07495429616087751 0.08038976857490865
0 0.8555758683729433 0.01705237515225335 0.051188299817184646 0.05115712545676005
0 0.4625228519195612 0.1425091352009744 0.06398537477148081 0.08038976857490865
0 0.6910420475319927 0.30085261875761266 0.08409506398537477 0.07551766138855055
0 0.6261425959780622 0.1315468940316687 0.05850091407678224 0.0535931790499391
0 0.7413162705667276 0.09744214372716199 0.056672760511883 0.04628501827040195
0 0.7513711151736746 0.4190012180267966 0.03473491773308958 0.08038976857490865
0 0.8948811700182815 0.1120584652862363 0.04936014625228519 0.0876979293544458
0 0.5329067641681902 0.15956151035322777 0.05301645338208409 0.05602923264311815
0 0.21572212065813529 0.9524969549330086 0.05850091407678245 0.10962241169305725
