0 0.17066666666666666 0.32109004739336494 0.042666666666666665 0.04028436018957346
0 0.3662222222222222 0.2914691943127962 0.044444444444444446 0.037914691943127965
0 0.18488888888888888 0.1966824644549763 0.051555555555555556 0.061611374407582936
0 0.8968888888888888 0.28199052132701424 0.032 0.037914691943127896
0 0.5413333333333333 0.14336492890995262 0.06755555555555555 0.10426540284360186
0 0.7404444444444445 0.2476303317535545 0.08711111111111111 0.1066350710900474
0 0.5768888888888889 0.8720379146919431 0.06755555555555555 0.0971563981042654
0 0.288 0.17417061611374407 0.07466666666666667 0.08056872037914692
0 0.184 0.5959715639810427 0.07466666666666667 0.10900473933649289
0 0.9546666666666667 0.514218009478673 0.04622222222222222 0.0663507109004738
0 0.6853333333333333 0.9182464454976303 0.08533333333333333 0.12085308056872038
0 0.5173333333333333 0.3222748815165877 0.044444444444444446 0.04739336492890995
