0 0.3903107861060329 0.9719853836784409 0.05301645338208409 0.0925700365408039
0 0.9625228519195612 0.45554202192448234 0.07312614259597806 0.0779537149817296
0 0.48080438756855576 0.1120584652862363 0.04936014625228519 0.0682095006090134
0 0.6042047531992687 0.8185140073081608 0.07312614259597806 0.09744214372716199
0 0.37477148080438755 0.35931790499390986 0.08775137111517367 0.09744214372716199
0 0.5164533820840951 0.024360535931790498 0.0712979890310786 0.06090133982947625
0 0.9140767824497258 0.12545676004872108 0.07678244972577697 0.12180267965895246
0 0.15813528336380256 0.1071863580998782 0.09872029250457039 0.14129110840438489
0 0.3619744058500914 0.656516443361754 0.03473491773308958 0.07064555420219244
0 0.4076782449725777 0.5274056029232643 0.04204753199268738 0.06577344701583435
0 0.07861060329067641 0.2874543239951279 0.031078610603290677 0.05115712545676005
0 0.7970749542961609 0.440925700365408 0.06215722120658115 0.1023142509135201
0 0.015539305301645339 0.30572472594397077 0.03290676416819013 0.0438489646772229
0 0.9414990859232175 0.35444579780755175 0.10603290676416818 0.07064555420219244
0 0.20840950639853748 0.4993909866017052 0.038391224862888484 0.0730816077953715
0 0.5301645338208409 0.6345919610231425 0.04570383912248629 0.0779537149817296
0 0.9424131627056673 0.03288672350791717 0.06946983546617916 0.09744214372716199
0 0.70018281535649 0.01705237515225335 0.0603290676416819 0.058465286236297195
0 0.4616087751371115 0.3520097442143727 0.056672760511883 0.09013398294762484
