0 0.9442413162705667 0.7649208282582217 0.04204753199268738 0.0535931790499391
1 0.4936014625228519 0.8355663824604141 0.1206581352833638 0.1607795371498173
0 0.8884826325411335 0.7771010962241169 0.04204753199268738 0.05602923264311815
0 0.8747714808043876 0.8355663824604141 0.04204753199268738 0.0535931790499391
0 0.7257769652650823 0.6699147381242387 0.056672760511883 0.06577344701583435
0 0.8957952468007313 0.9549330085261876 0.03290676416819013 0.0341047503045067
0 0.8263254113345521 0.7527405602923264 0.029250457038391225 0.04141291108404385
0 0.9634369287020109 0.6467722289890377 0.03290676416819013 0.048721071863580996
0 0.6179159049360147 0.5639464068209501 0.08592321755027423 0.104750304506699
0 0.8528336380255942 0.9244823386114495 0.04570383912248629 0.048721071863580996
