0 0.5896358543417367 0.9757462686567164 0.06162464985994398 0.06716417910447761
0 0.25770308123249297 0.28544776119402987 0.06442577030812333 0.07835820895522388
0 0.32072829131652664 0.31716417910447764 0.05042016806722681 0.0671641791044775
0 0.15406162464985995 0.8619402985074627 0.07563025210084033 0.11567164179104478
0 0.9453781512605042 0.018656716417910446 0.03081232492997199 0.04477611940298507
0 0.16806722689075632 0.5074626865671642 0.0952380952380952 0.10074626865671642
0 0.9369747899159664 0.3003731343283582 0.0392156862745098 0.041044776119402986
0 0.9915966386554622 0.39925373134328357 0.03081232492997199 0.06716417910447761
0 0.8627450980392157 0.4216417910447761 0.03361344537815126 0.05223880597014925
0 0.3585434173669468 0.36380597014925375 0.06442577030812324 0.09328358208955224
0 0.30532212885154064 0.17537313432835822 0.07563025210084026 0.08582089552238806
0 0.6666666666666666 0.23880597014925373 0.0392156862745098 0.06716417910447761
0 0.9103641456582633 0.016791044776119403 0.03081232492997199 0.04477611940298507
0 0.8823529411764706 0.009328358208955223 0.03361344537815126 0.041044776119402986
0 0.8487394957983193 0.7406716417910447 0.07282913165266107 0.07835820895522409
0 0.7941176470588235 0.7611940298507462 0.07282913165266107 0.0708955223880597
0 0.742296918767507 0.7425373134328358 0.058823529411764705 0.07462686567164178
0 0.8123249299719888 0.8283582089552238 0.07282913165266107 0.08582089552238806
0 0.8795518207282913 0.8283582089552238 0.0784313725490196 0.10820895522388059
0 0.6946778711484594 0.8171641791044776 0.04481792717086835 0.055970149253731345
0 0.5700280112044818 0.8190298507462687 0.058823529411764705 0.06343283582089553
0 0.5882352941176471 0.8694029850746269 0.0392156862745098 0.05970149253731343
0 0.3081232492997199 0.2555970149253731 0.058823529411764705 0.0708955223880597
0 0.6134453781512605 0.24440298507462688 0.04481792717086819 0.05970149253731343
0 0.9663865546218487 0.048507462686567165 0.036414565826330535 0.048507462686567165
