0 0.4725776965265082 0.5883069427527405 0.06398537477148081 0.08038976857490865
0 0.6663619744058501 0.40194884287454324 0.06581352833638025 0.08038976857490865
0 0.43144424131627057 0.11084043848964677 0.038391224862888484 0.0535931790499391
0 0.9588665447897623 0.6881851400730816 0.06946983546617916 0.0828258221680877
0 0.2623400365630713 0.0097442143727162 0.031078610603290677 0.024360535931790498
0 0.7020109689213894 0.32034104750304504 0.08043875685557587 0.09500609013398295
0 0.4606946983546618 0.24238733252131547 0.06946983546617916 0.0828258221680877
0 0.4296160877513711 0.5931790499390986 0.06398537477148081 0.0876979293544458
0 0.21206581352833637 0.03288672350791717 0.03656307129798908 0.05602923264311815
0 0.5191956124314442 0.17417783191230207 0.07678244972577718 0.08038976857490865
0 0.47714808043875684 0.1961023142509135 0.04204753199268738 0.05115712545676005
0 0.6873857404021938 0.24847746650426308 0.08409506398537477 0.1071863580998782
0 0.8117001828153565 0.6881851400730816 0.06946983546617916 0.10475030450669914
