0 0.7404021937842779 0.42630937880633374 0.025594149908592323 0.031668696711327646
0 0.8839122486288848 0.23629719853836784 0.027422303473491772 0.024360535931790498
1 0.8510054844606947 0.9756394640682094 0.04753199268738574 0.058465286236297195
0 0.7961608775137111 0.2838002436053593 0.029250457038391225 0.0389768574908648
0 0.649908592321755 0.4518879415347138 0.02376599634369287 0.0389768574908648
0 0.7477148080438757 0.3325213154689403 0.03290676416819013 0.03654080389768575
0 0.850091407678245 0.5395858708891595 0.03473491773308958 0.048721071863580996
0 0.48720292504570384 0.4104750304506699 0.025594149908592323 0.0341047503045067
0 0.6142595978062158 0.34835566382460414 0.03290676416819013 0.03654080389768575
0 0.6444241316270567 0.49695493300852617 0.029250457038391225 0.029232643118148598
0 0.5895795246800731 0.44945188794153473 0.02010968921389397 0.04628501827040195
0 0.9085923217550275 0.27527405602923266 0.027422303473491772 0.029232643118148532
0 0.5164533820840951 0.4445797807551766 0.02010968921389397 0.0438489646772229
