0 0.12622222222222224 0.5059241706161137 0.05866666666666662 0.06398104265402843
0 0.7982222222222223 0.3933649289099526 0.08533333333333314 0.11137440758293839
0 0.035555555555555556 0.5379146919431279 0.05511111111111111 0.04502369668246459
0 0.4186666666666667 0.3293838862559242 0.033777777777777775 0.05687203791469194
0 0.4266666666666667 0.43601895734597157 0.04444444444444434 0.08056872037914692
0 0.21955555555555556 0.31161137440758296 0.049777777777777775 0.07345971563981042
0 0.030222222222222223 0.7713270142180095 0.048 0.06398104265402843
0 0.2551111111111111 0.14454976303317535 0.048 0.06635071090047394
0 0.1582222222222222 0.48104265402843605 0.028444444444444494 0.02843601895734597
0 0.0951111111111111 0.6800947867298578 0.0337777777777778 0.052132701421800945
0 0.4888888888888889 0.035545023696682464 0.07288888888888889 0.08056872037914692
0 0.060444444444444446 0.9123222748815166 0.08711111111111111 0.08767772511848342
0 0.3128888888888889 0.02014218009478673 0.051555555555555556 0.0995260663507109
0 0.752 0.26421800947867297 0.06577777777777778 0.07582938388625599
0 0.7253333333333334 0.4585308056872038 0.08355555555555536 0.10900473933649289
0 0.8195555555555556 0.3080568720379147 0.064 0.07582938388625593
0 0.2728888888888889 0.18838862559241706 0.048 0.04976303317535545
0 0.7386666666666667 0.8009478672985783 0.07466666666666667 0.08056872037914692
0 0.6097777777777778 0.2156398104265403 0.06577777777777778 0.08056872037914692
0 0.3031111111111111 0.13507109004739337 0.035555555555555556 0.035545023696682464
0 0.648 0.4372037914691943 0.048 0.08293838862559241
0 0.11644444444444445 0.5781990521327014 0.051555555555555556 0.061611374407582936
0 0.19733333333333333 0.18127962085308058 0.06222222222222222 0.08767772511848342
