0 0.2184873949579832 0.6361940298507462 0.1484593837535014 0.14925373134328357
0 0.38095238095238093 0.8246268656716418 0.07563025210084033 0.1044776119402985
0 0.6694677871148459 0.8470149253731343 0.06162464985994413 0.05970149253731343
0 0.5028011204481793 0.24440298507462688 0.08683473389355742 0.11194029850746269
0 0.5980392156862745 0.34701492537313433 0.07282913165266107 0.10820895522388059
0 0.4411764705882353 0.9085820895522388 0.06162464985994398 0.05970149253731343
0 0.7478991596638656 0.22201492537313433 0.05042016806722689 0.03731343283582089
0 0.6120448179271709 0.8003731343283582 0.039215686274509644 0.06343283582089553
0 0.8557422969187675 0.3787313432835821 0.058823529411764705 0.05970149253731343
0 0.3473389355742297 0.47761194029850745 0.07563025210084033 0.09701492537313433
