0 0.7884444444444444 0.6421800947867299 0.09066666666666687 0.0947867298578199
0 0.41155555555555556 0.11137440758293839 0.06222222222222222 0.08530805687203792
0 0.24622222222222223 0.5082938388625592 0.06755555555555555 0.0592417061611373
0 0.30933333333333335 0.013033175355450236 0.060444444444444446 0.04739336492890995
0 0.9875555555555555 0.6113744075829384 0.06577777777777778 0.07582938388625593
0 0.808 0.49170616113744076 0.07644444444444425 0.08293838862559241
0 0.3111111111111111 0.5177725118483413 0.064 0.061611374407583075
0 0.10222222222222223 0.273696682464455 0.05688888888888889 0.061611374407582874
0 0.7173333333333334 0.09123222748815166 0.05688888888888889 0.08056872037914692
0 0.21244444444444444 0.25 0.05511111111111111 0.06635071090047394
0 0.9475555555555556 0.48933649289099523 0.08355555555555555 0.0947867298578199
0 0.1831111111111111 0.41113744075829384 0.05333333333333334 0.05924170616113744
0 0.04 0.3080568720379147 0.058666666666666666 0.052132701421800945
