0 0.9872029250457038 0.2935444579780755 0.02376599634369287 0.031668696711327715
0 0.993601462522852 0.1364190012180268 0.016453382084095063 0.029232643118148598
0 0.7394881170018281 0.09378806333739342 0.029250457038391225 0.03654080389768575
0 0.9917733089579525 0.08404384896467722 0.02010968921389397 0.02679658952496955
0 0.8217550274223034 0.8221680876979294 0.02376599634369287 0.024360535931790498
0 0.9488117001828154 0.4543239951278928 0.021937842778793418 0.029232643118148598
0 0.9881170018281535 0.24725943970767356 0.025594149908592323 0.029232643118148598
0 0.5621572212065814 0.5054811205846529 0.051188299817184646 0.05602923264311815
0 0.9250457038391224 0.8915956151035322 0.021937842778793418 0.029232643118148598
0 0.6279707495429616 0.012180267965895249 0.02376599634369287 0.031668696711327646
0 0.8793418647166362 0.807551766138855 0.029250457038391225 0.0341047503045067
0 0.9542961608775137 0.22168087697929353 0.031078610603290677 0.0341047503045067
0 0.8948811700182815 0.6224116930572473 0.02010968921389397 0.029232643118148462
0 0.30347349177330896 0.9634591961023142 0.15722120658135283 0.13885505481120586
0 0.9826325411334552 0.3629719853836784 0.031078610603290677 0.024360535931790498
0 0.8903107861060329 0.8611449451887941 0.03473491773308958 0.0341047503045067
0 0.9149908592321755 0.26065773447015833 0.02010968921389397 0.02679658952496955
0 0.9853747714808044 0.047503045066991476 0.02010968921389397 0.024360535931790498
0 0.676416819012797 0.01705237515225335 0.025594149908592323 0.029232643118148598
0 0.9881170018281535 0.1900121802679659 0.018281535648994516 0.03654080389768575
0 0.7979890310786106 0.3617539585870889 0.02010968921389397 0.031668696711327646
0 0.993601462522852 0.3227771010962241 0.02010968921389397 0.031668696711327646
0 0.9670932358318098 0.8806333739342266 0.027422303473491772 0.0389768574908648
0 0.9058500914076782 0.5931790499390986 0.02010968921389397 0.02679658952496955
1 0.46526508226691043 0.7941534713763703 0.12248628884826325 0.17783191230207065
0 0.8190127970749543 0.7978075517661388 0.021937842778793418 0.031668696711327646
0 0.7340036563071298 0.007308160779537149 0.025594149908592323 0.0341047503045067
0 0.054844606946983544 0.6601705237515225 0.05850091407678245 0.07064555420219244
0 0.9223034734917733 0.7295980511571255 0.02010968921389397 0.0341047503045067
0 0.5585009140767825 0.05115712545676005 0.025594149908592323 0.031668696711327646
0 0.8884826325411335 0.9110840438489647 0.031078610603290677 0.03654080389768575
0 0.9369287020109689 0.05602923264311815 0.03290676416819013 0.0341047503045067
0 0.8784277879341865 0.9390986601705238 0.025594149908592323 0.02679658952496955
0 0.7157221206581352 0.008526187576126675 0.021937842778793626 0.031668696711327646
0 0.8793418647166362 0.3934226552984166 0.027422303473491772 0.02192448233861145
