0 0.6553930530164533 0.6224116930572473 0.062157221206581355 0.08769792935444594
0 0.6892138939670932 0.630937880633374 0.038391224862888484 0.04628501827040195
0 0.37751371115173676 0.20584652862362973 0.02376599634369287 0.031668696711327646
0 0.6755027422303473 0.2874543239951279 0.04021937842778794 0.0535931790499391
0 0.1846435100548446 0.7722289890377588 0.018281535648994516 0.048721071863580996
0 0.5987202925045704 0.04506699147381242 0.038391224862888484 0.06333739342265529
0 0.6563071297989032 0.2241169305724726 0.03656307129798903 0.05602923264311815
0 0.003656307129798903 0.44336175395858707 0.025594149908592323 0.0535931790499391
0 0.6243144424131627 0.17417783191230207 0.03473491773308958 0.04141291108404385
0 0.04570383912248629 0.4238733252131547 0.031078610603290677 0.05602923264311815
0 0.10968921389396709 0.5237515225334958 0.04936014625228519 0.06577344701583421
