0 0.14705882352941177 0.35074626865671643 0.06722689075630252 0.07462686567164178
0 0.3627450980392157 0.6119402985074627 0.056022408963585436 0.07462686567164178
0 0.29411764705882354 0.6268656716417911 0.03081232492997199 0.055970149253731345
0 0.48739495798319327 0.10074626865671642 0.056022408963585436 0.08208955223880597
0 0.5336134453781513 0.3619402985074627 0.07563025210084033 0.08955223880597014
0 0.49859943977591037 0.48134328358208955 0.047619047619047616 0.0708955223880597
0 0.4495798319327731 0.5970149253731343 0.058823529411764705 0.08582089552238806
0 0.9467787114845938 0.7630597014925373 0.04201680672268908 0.07835820895522388
0 0.9803921568627451 0.9384328358208955 0.03081232492997199 0.06716417910447761
0 0.7310924369747899 0.9552238805970149 0.0392156862745098 0.05223880597014925
0 0.49019607843137253 0.8824626865671642 0.0392156862745098 0.05223880597014925
0 0.4803921568627451 0.7817164179104478 0.04481792717086835 0.055970149253731345
0 0.5770308123249299 0.7761194029850746 0.03921568627450996 0.07835820895522388
0 0.1092436974789916 0.5447761194029851 0.0392156862745098 0.05970149253731343
0 0.21988795518207283 0.3656716417910448 0.05322128851540616 0.07462686567164178
0 0.15826330532212884 0.2537313432835821 0.056022408963585436 0.06716417910447761
0 0.22128851540616246 0.7388059701492538 0.047619047619047616 0.048507462686567165
