0 0.42436974789915966 0.6772388059701493 0.05042016806722689 0.0708955223880597
0 0.3487394957983193 0.27052238805970147 0.0392156862745098 0.05970149253731343
0 0.5042016806722689 0.15858208955223882 0.04481792717086835 0.05970149253731338
0 0.9565826330532213 0.6791044776119403 0.047619047619047616 0.06343283582089553
0 0.6260504201680672 0.43283582089552236 0.05322128851540616 0.07835820895522398
0 0.9019607843137255 0.6623134328358209 0.08123249299719888 0.1044776119402985
0 0.9747899159663865 0.31156716417910446 0.04201680672268908 0.06716417910447761
0 0.6498599439775911 0.11940298507462686 0.04201680672268908 0.05970149253731343
0 0.7254901960784313 0.4944029850746269 0.056022408963585436 0.06716417910447761
0 0.9789915966386554 0.5578358208955224 0.04481792717086835 0.06343283582089553
0 0.47058823529411764 0.8843283582089553 0.0392156862745098 0.05597014925373113
