0 0.6608775137111518 0.7649208282582217 0.04204753199268738 0.06090133982947625
1 0.28244972577696525 0.7003654080389768 0.1425959780621572 0.1218026796589525
0 0.056672760511883 0.5310596833130329 0.062157221206581355 0.08526187576126674
0 0.6416819012797075 0.17174177831912302 0.056672760511883 0.07551766138855055
0 0.10329067641681901 0.7490864799025578 0.04936014625228519 0.0682095006090134
0 0.3912248628884826 0.26065773447015833 0.15722120658135283 0.1900121802679659
0 0.06581352833638025 0.7381242387332522 0.03290676416819013 0.0438489646772229
0 0.09414990859232175 0.9330085261875761 0.02376599634369287 0.031668696711327646
0 0.005484460694698354 0.7113276492082826 0.021937842778793418 0.031668696711327646
0 0.41773308957952465 0.4933008526187576 0.14990859232175513 0.2046285018270402
1 0.4789762340036563 0.633373934226553 0.10603290676416818 0.14129110840438489
0 0.8793418647166362 0.8842874543239951 0.03656307129798903 0.05115712545676005
0 0.15447897623400367 0.9293544457978076 0.04204753199268738 0.05602923264311815
0 0.15082266910420475 0.8319123020706456 0.03473491773308958 0.0438489646772229
