0 0.8533333333333334 0.07345971563981042 0.1191111111111109 0.13981042654028436
0 0.09955555555555555 0.027251184834123223 0.048 0.05687203791469194
0 0.035555555555555556 0.6149289099526066 0.058666666666666666 0.07109004739336493
0 0.7422222222222222 0.01066350710900474 0.06755555555555555 0.045023696682464455
0 0.5617777777777778 0.20734597156398105 0.06577777777777778 0.07819905213270142
0 0.6177777777777778 0.04265402843601896 0.07111111111111111 0.07582938388625593
0 0.8791111111111111 0.1966824644549763 0.096 0.0971563981042654
0 0.9902222222222222 0.42298578199052134 0.05688888888888889 0.1066350710900474
0 0.9768888888888889 0.15165876777251186 0.096 0.17535545023696683
0 0.06577777777777778 0.07109004739336493 0.07466666666666667 0.08293838862559241
0 0.52 0.09597156398104266 0.05333333333333334 0.07345971563981042
0 0.7591111111111111 0.10071090047393365 0.08888888888888889 0.0947867298578199
