0 0.528 0.21445497630331753 0.04622222222222222 0.0947867298578199
0 0.656 0.8424170616113744 0.08177777777777778 0.11848341232227488
0 0.6355555555555555 0.3353080568720379 0.07466666666666667 0.08767772511848342
0 0.6151111111111112 0.5023696682464455 0.08355555555555536 0.11137440758293839
0 0.5048888888888889 0.06516587677725119 0.051555555555555355 0.10426540284360188
0 0.56 0.8755924170616114 0.07644444444444425 0.12796208530805686
1 0.9306666666666666 0.3495260663507109 0.20444444444444446 0.26066350710900477
0 0.5333333333333333 0.6267772511848341 0.07111111111111111 0.1018957345971564
0 0.3831111111111111 0.6113744075829384 0.035555555555555556 0.07819905213270142
0 0.6311111111111111 0.6481042654028436 0.08177777777777778 0.12322274881516587
