0 0.5246800731261426 0.36662606577344703 0.051188299817184646 0.06333739342265529
0 0.676416819012797 0.6406820950060901 0.056672760511883 0.07064555420219244
0 0.8327239488117002 0.9585870889159561 0.04021937842778794 0.0535931790499391
0 0.7257769652650823 0.7442143727161997 0.029250457038391225 0.048721071863580996
0 0.30438756855575866 0.856272838002436 0.04570383912248629 0.07551766138855055
0 0.3656307129798903 0.9914738124238733 0.04936014625228519 0.03654080389768575
0 0.6928702010968921 0.7125456760048721 0.04021937842778794 0.07064555420219244
0 0.5914076782449725 0.1120584652862363 0.06764168190127971 0.07551766138855055
0 0.20018281535648993 0.9890377588306942 0.043875685557586835 0.024360535931790498
0 0.32449725776965266 0.9695493300852619 0.07312614259597806 0.0925700365408039
0 0.6416819012797075 0.5188794153471377 0.038391224862888484 0.06090133982947625
0 0.3162705667276051 0.031668696711327646 0.1425959780621572 0.14859926918392205
0 0.2870201096892139 0.9951278928136419 0.03473491773308958 0.02192448233861145
0 0.8994515539305301 0.7892813641900122 0.02742230347349198 0.0389768574908648
0 0.6489945155393053 0.08891595615103533 0.06581352833638025 0.0876979293544458
0 0.7440585009140768 0.2241169305724726 0.03290676416819013 0.0389768574908648
0 0.4570383912248629 0.38855054811205847 0.05301645338208409 0.0682095006090134
0 0.8912248628884827 0.9549330085261876 0.08592321755027423 0.08038976857490865
0 0.38848263254113347 0.4056029232643118 0.0712979890310786 0.0828258221680877
0 0.6919561243144424 0.5578562728380024 0.04570383912248629 0.0730816077953715
0 0.9424131627056673 0.9476248477466505 0.04570383912248629 0.06577344701583435
0 0.33180987202925044 0.3398294762484775 0.062157221206581355 0.06333739342265529
0 0.22577696526508226 0.36053593179049936 0.08592321755027423 0.0779537149817296
0 0.9725776965265083 0.7710109622411693 0.04570383912248629 0.04628501827040195
0 0.7870201096892139 0.7174177831912302 0.051188299817184646 0.06333739342265529
0 0.7349177330895795 0.047503045066991476 0.07861060329067641 0.09500609013398295
