0 0.6 0.3909952606635071 0.060444444444444446 0.08767772511848342
0 0.4631111111111111 0.16113744075829384 0.058666666666666666 0.06872037914691943
0 0.6631111111111111 0.21800947867298578 0.06577777777777778 0.0924170616113744
0 0.544 0.2938388625592417 0.049777777777777775 0.0687203791469195
0 0.24888888888888888 0.1646919431279621 0.064 0.07819905213270142
0 0.49955555555555553 0.4087677725118483 0.060444444444444446 0.0947867298578199
0 0.5688888888888889 0.6386255924170616 0.06222222222222222 0.06872037914691943
0 0.8364444444444444 0.08056872037914692 0.09955555555555555 0.11611374407582939
0 0.4951111111111111 0.05924170616113744 0.06577777777777778 0.06398104265402843
0 0.9955555555555555 0.041469194312796206 0.024888888888888887 0.08056872037914692
0 0.8035555555555556 0.016587677725118485 0.07111111111111111 0.08056872037914692
0 0.46844444444444444 0.6540284360189573 0.058666666666666666 0.08293838862559241
0 0.5173333333333333 0.7203791469194313 0.06755555555555555 0.08056872037914692
0 0.5182222222222223 0.16824644549763032 0.05333333333333334 0.07109004739336493
0 0.36088888888888887 0.9277251184834123 0.07644444444444444 0.11611374407582939
0 0.4737777777777778 0.27606635071090047 0.06755555555555555 0.0971563981042654
0 0.3022222222222222 0.026066350710900472 0.05688888888888889 0.035545023696682464
0 0.6595555555555556 0.6113744075829384 0.060444444444444446 0.08056872037914692
0 0.43377777777777776 0.10308056872037914 0.048 0.061611374407582936
0 0.5493333333333333 0.36018957345971564 0.058666666666666666 0.05924170616113744
0 0.30844444444444447 0.06516587677725119 0.05688888888888889 0.054502369668246425
0 0.5288888888888889 0.5011848341232228 0.07288888888888889 0.09478672985781977
0 0.7368888888888889 0.4372037914691943 0.08888888888888889 0.0971563981042654
0 0.5342222222222223 0.24644549763033174 0.051555555555555556 0.054502369668246446
0 0.5804444444444444 0.9454976303317536 0.06222222222222222 0.0924170616113744
0 0.9315555555555556 0.10900473933649289 0.12977777777777777 0.17298578199052134
0 0.24533333333333332 0.04976303317535545 0.06577777777777778 0.07819905213270142
0 0.8266666666666667 0.23696682464454977 0.05688888888888889 0.06635071090047394
0 0.40444444444444444 0.0071090047393364926 0.042666666666666665 0.037914691943127965
