0 0.56 0.39454976303317535 0.0871111111111109 0.11848341232227488
0 0.7911111111111111 0.0071090047393364926 0.07466666666666667 0.061611374407582936
0 0.48 0.42298578199052134 0.08355555555555555 0.0947867298578199
0 0.9928888888888889 0.05687203791469194 0.058666666666666666 0.09004739336492891
0 0.4577777777777778 0.509478672985782 0.08 0.11137440758293839
0 0.8737777777777778 0.6753554502369669 0.037333333333333336 0.04739336492890995
0 0.45511111111111113 0.38270142180094785 0.04088888888888889 0.08293838862559241
0 0.7022222222222222 0.31161137440758296 0.09066666666666667 0.11848341232227488
0 0.7413333333333333 0.12322274881516587 0.07644444444444444 0.11611374407582939
0 0.7928888888888889 0.4703791469194313 0.07466666666666667 0.0971563981042654
0 0.72 0.4004739336492891 0.04088888888888889 0.05687203791469194
0 0.8488888888888889 0.15876777251184834 0.09955555555555555 0.11611374407582939
0 0.9093333333333333 0.037914691943127965 0.10844444444444444 0.1066350710900474
0 0.5528888888888889 0.27606635071090047 0.08 0.1066350710900474
0 0.624 0.23696682464454977 0.07822222222222222 0.0971563981042654
