0 0.329981718464351 0.20706455542021923 0.04753199268738574 0.07551766138855055
0 0.09780621572212066 0.6857490864799025 0.043875685557586835 0.05602923264311815
0 0.6261425959780622 0.8355663824604141 0.09506398537477127 0.1315468940316687
0 0.870201096892139 0.07064555420219244 0.07678244972577697 0.12667478684531058
0 0.22120658135283364 0.07429963459196103 0.04204753199268738 0.0682095006090134
0 0.10329067641681901 0.11084043848964677 0.027422303473491772 0.0389768574908648
0 0.21023765996343693 0.31790499390986604 0.038391224862888484 0.048721071863580996
0 0.386654478976234 0.43118148599269185 0.051188299817184646 0.08038976857490865
0 0.17550274223034734 0.36053593179049936 0.03473491773308958 0.04628501827040195
0 0.4076782449725777 0.48721071863581 0.051188299817184646 0.07551766138855055
0 0.45429616087751373 0.2241169305724726 0.07312614259597806 0.11936662606577345
0 0.8994515539305301 0.13398294762484775 0.1023765996343695 0.1364190012180268
0 0.033820840950639856 0.49573690621193667 0.03473491773308958 0.0389768574908648
0 0.5795246800731262 0.707673568818514 0.06581352833638025 0.11449451887941535
0 0.15539305301645337 0.19366626065773446 0.027422303473491772 0.048721071863580996
0 0.8711151736745887 0.8380024360535931 0.11517367458866545 0.16321559074299635
0 0.44789762340036565 0.4056029232643118 0.06764168190127971 0.11936662606577345
0 0.3162705667276051 0.47503045066991473 0.04021937842778794 0.05602923264311815
0 0.8482632541133455 0.36784409257003653 0.06032906764168211 0.08038976857490865
