0 0.44937682170761706 0.3340402969247084 0.04210549489568314 0.04682974311897568
0 0.2647058823529412 0.46828358208955223 0.05322128851540616 0.07462686567164178
0 0.38375350140056025 0.8283582089552238 0.056022408963585436 0.055970149253731345
0 0.3487394957983193 0.5354477611940298 0.04201680672268908 0.055970149253731345
0 0.4143728439828756 0.5238600212089077 0.05091487669053302 0.061505832449628844
0 0.8248740373002981 0.767762460233298 0.06364359586316627 0.07423117709437964
0 0.08403361344537816 0.6268656716417911 0.05322128851540614 0.06343283582089553
0 0.7408963585434174 0.9085820895522388 0.036414565826330535 0.06343283582089553
0 0.42296918767507 0.44029850746268656 0.05440635796167326 0.0631993795603109
0 0.2592415790664078 0.5927889713679746 0.061252055667963295 0.07638372295468582
