0 0.33455210237659966 0.4007308160779537 0.03656307129798903 0.08038976857490865
0 0.45521023765996343 0.2557856272838002 0.054844606946983544 0.06333739342265524
0 0.41590493601462525 0.23386114494518878 0.054844606946983544 0.05115712545676005
1 0.08135283363802559 0.32886723507917176 0.06398537477148081 0.0828258221680877
0 0.41773308957952465 0.37880633373934225 0.06215722120658146 0.0876979293544458
0 0.2513711151736746 0.2496954933008526 0.06764168190127971 0.0682095006090134
0 0.8610603290676416 0.11936662606577345 0.0530164533820843 0.06577344701583435
0 0.7906764168190128 0.415347137637028 0.07312614259597806 0.08038976857490865
0 0.4753199268738574 0.5164433617539586 0.05301645338208409 0.0706455542021923
0 0.6828153564899452 0.018270401948842874 0.06946983546617916 0.08038976857490865
0 0.3153564899451554 0.4457978075517661 0.05850091407678245 0.0730816077953715
0 0.48720292504570384 0.20341047503045068 0.056672760511883 0.06090133982947625
0 0.596892138939671 0.05481120584652863 0.043875685557586835 0.09500609013398295
0 0.779707495429616 0.5773447015834349 0.06764168190127971 0.06820950060901354
0 0.5100548446069469 0.3861144945188794 0.056672760511883 0.06333739342265529
