0 0.592436974789916 0.8246268656716418 0.06442577030812324 0.09701492537313433
0 0.13725490196078433 0.33955223880597013 0.03641456582633049 0.04477611940298507
0 0.15406162464985995 0.13246268656716417 0.04201680672268908 0.055970149253731345
0 0.9523809523809523 0.582089552238806 0.0700280112044818 0.09701492537313433
0 0.9313725490196079 0.8675373134328358 0.06722689075630252 0.09328358208955224
0 0.4943977591036415 0.5671641791044776 0.06442577030812324 0.09328358208955224
0 0.20448179271708683 0.2294776119402985 0.04201680672268908 0.06343283582089553
0 0.16106442577030813 0.7667910447761194 0.04201680672268904 0.06343283582089553
0 0.14145658263305322 0.6902985074626866 0.03361344537815126 0.06343283582089553
0 0.23949579831932774 0.5559701492537313 0.04481792717086835 0.04477611940298507
0 0.05042016806722689 0.6809701492537313 0.04481792717086835 0.0708955223880597
0 0.09243697478991597 0.6623134328358209 0.0392156862745098 0.05970149253731343
0 0.17507002801120447 0.5373134328358209 0.03641456582633057 0.07835820895522388
