0 0.5896358543417367 0.20335820895522388 0.06442577030812324 0.10074626865671642
0 0.6008403361344538 0.11567164179104478 0.05042016806722689 0.08208955223880597
0 0.7394957983193278 0.5074626865671642 0.07282913165266107 0.09701492537313433
0 0.3179271708683473 0.38619402985074625 0.047619047619047616 0.06343283582089553
0 0.13865546218487396 0.8488805970149254 0.04481792717086835 0.055970149253731345
0 0.17507002801120447 0.789179104477612 0.0532212885154062 0.06716417910447761
0 0.5252100840336135 0.3582089552238806 0.07563025210084033 0.09701492537313433
0 0.7675070028011205 0.46455223880597013 0.05042016806722689 0.05970149253731343
0 0.5840336134453782 0.5634328358208955 0.0784313725490196 0.10820895522388059
0 0.3739495798319328 0.36007462686567165 0.08403361344537816 0.10074626865671642
0 0.29551820728291317 0.3451492537313433 0.036414565826330535 0.04477611940298507
0 0.3753501400560224 0.7761194029850746 0.05322128851540616 0.07835820895522388
0 0.12745098039215685 0.7313432835820896 0.056022408963585436 0.055970149253731345
0 0.14565826330532214 0.6828358208955224 0.05322128851540616 0.05223880597014925
