0 0.10237659963436929 0.7442143727161997 0.04021937842778794 0.048721071863580996
0 0.30987202925045704 0.21315468940316687 0.056672760511883 0.07551766138855055
0 0.4990859232175503 0.8952496954933008 0.04021937842778794 0.06333739342265529
0 0.26782449725776963 0.341047503045067 0.054844606946983544 0.0828258221680877
0 0.1380255941499086 0.8660170523751523 0.04570383912248629 0.0535931790499391
0 0.09414990859232175 0.8099878197320342 0.03656307129798903 0.048721071863580996
0 0.27787934186471663 0.9342265529841657 0.05301645338208409 0.06577344701583435
0 0.46526508226691043 0.8465286236297198 0.04021937842778794 0.058465286236297195
0 0.6224862888482633 0.3617539585870889 0.04570383912248629 0.05115712545676005
0 0.9634369287020109 0.014616321559074299 0.043875685557586835 0.07064555420219244
0 0.5987202925045704 0.28867235079171744 0.04936014625228519 0.07308160779537143
0 0.6873857404021938 0.5834348355663824 0.0603290676416819 0.06333739342265529
0 0.5109689213893968 0.40682095006090135 0.051188299817184646 0.08038976857490865
0 0.9744058500914077 0.2777101096224117 0.0603290676416819 0.08038976857490872
0 0.7294332723948812 0.7917174177831913 0.04021937842778794 0.058465286236297195
0 0.6654478976234004 0.35444579780755175 0.04936014625228519 0.0779537149817296
