1 0.7041095890410959 0.6072727272727273 0.08401826484018265 0.09212121212121212
1 0.4374429223744292 0.6036363636363636 0.062100456621004566 0.07757575757575758
1 0.9698630136986301 0.6193939393939394 0.091324200913242 0.11636363636363636
1 0.5260273972602739 0.8278787878787879 0.08949771689497717 0.11636363636363636
1 0.4639269406392694 0.9745454545454545 0.08036529680365297 0.11878787878787879
1 0.3150684931506849 0.7878787878787878 0.0547945205479452 0.0703030303030303
1 0.40821917808219177 0.46424242424242423 0.05662100456621005 0.07757575757575758
1 0.4986301369863014 0.2921212121212121 0.0639269406392694 0.09454545454545454
1 0.691324200913242 0.16606060606060605 0.0547945205479452 0.07757575757575758
1 0.7643835616438356 0.19636363636363635 0.0547945205479452 0.08484848484848485
1 0.1954337899543379 0.9854545454545455 0.05662100456621005 0.07272727272727272
1 0.37168949771689497 0.8521212121212122 0.0639269406392694 0.08727272727272728
1 0.6595310907237513 0.2598105548037889 0.04485219164118247 0.08119079837618404
1 0.6381243628950051 0.023004059539918808 0.06931702344546381 0.06495263870094722
