0 0.5950639853747715 0.24238733252131547 0.02376599634369287 0.05602923264311815
0 0.7659963436928702 0.4579780755176614 0.0712979890310786 0.10475030450669914
0 0.7422303473491774 0.38855054811205847 0.06764168190127971 0.11693057247259439
0 0.7376599634369287 0.23020706455542023 0.07678244972577697 0.11693057247259439
0 0.5557586837294333 0.1559074299634592 0.031078610603290677 0.0828258221680877
0 0.6042047531992687 0.37149817295980514 0.07678244972577697 0.10475030450669914
0 0.7925045703839122 0.15712545676004872 0.08775137111517367 0.1315468940316687
0 0.746800731261426 0.1218026796589525 0.05301645338208409 0.06333739342265529
0 0.6855575868372943 0.5676004872107187 0.07495429616087751 0.09987819732034105
0 0.6444241316270567 0.3276492082825822 0.06946983546617916 0.0730816077953715
0 0.6983546617915904 0.3702801461632156 0.04936014625228519 0.0828258221680877
0 0.6325411334552102 0.7771010962241169 0.04753199268738574 0.0876979293544458
