0 0.5048203330411919 0.5969626168224299 0.049079754601226995 0.0794392523364486
0 0.04294478527607362 0.6203271028037384 0.024539877300613498 0.03271028037383177
0 0.2506573181419807 0.4497663551401869 0.028045574057843997 0.0397196261682243
0 0.6301489921121823 0.8352803738317757 0.07011393514460999 0.08878504672897196
0 0.28659070990359337 0.6004672897196262 0.05083260297984214 0.0630841121495327
0 0.19982471516213848 0.41238317757009346 0.024539877300613498 0.037383177570093455
0 0.4303242769500438 0.09345794392523364 0.049079754601226995 0.08644859813084112
0 0.33917616126205086 0.552570093457944 0.04382120946538125 0.0630841121495327
0 0.26906222611744085 0.5490654205607477 0.03155127081507449 0.037383177570093455
0 0.18755477651183172 0.4953271028037383 0.017528483786152498 0.035046728971962614
0 0.10955302366345311 0.4485981308411215 0.029798422436459245 0.028037383177570093
0 0.6240140227870289 0.48130841121495327 0.06134969325153374 0.08878504672897196
0 0.2541630148992112 0.1810747663551402 0.029798422436459245 0.04906542056074766
0 0.3733567046450482 0.5771028037383178 0.03680981595092025 0.04439252336448611
0 0.8869412795793163 0.6787383177570093 0.028045574057843997 0.0397196261682243
