0 0.8501314636283961 0.48598130841121495 0.054338299737072944 0.07242990654205607
0 0.7633654688869412 0.647196261682243 0.024539877300613498 0.03271028037383177
0 0.7318141980718668 0.897196261682243 0.017528483786152498 0.02570093457943925
0 0.8115687992988606 0.463785046728972 0.057843996494303246 0.07009345794392523
0 0.775635407537248 0.5058411214953271 0.049079754601226995 0.056074766355140186
0 0.6345311130587205 0.7044392523364486 0.042068361086765996 0.04672897196261682
0 0.6546888694127958 0.9158878504672897 0.04557405784399649 0.04906542056074766
0 0.670464504820333 0.4567757009345794 0.05258545135845749 0.07710280373831775
0 0.8071866783523225 0.5619158878504673 0.05083260297984225 0.07242990654205607
0 0.6739702015775635 0.7079439252336449 0.047326906222611945 0.04205607476635514
0 0.4706397896581946 0.7254672897196262 0.035056967572304996 0.04906542056074766
0 0.6099912357581069 0.735981308411215 0.026292725679228746 0.02570093457943925
