0 0.6053333333333333 0.48696682464454977 0.05333333333333354 0.07582938388625593
0 0.6693333333333333 0.3447867298578199 0.028444444444444446 0.035545023696682464
0 0.5653333333333334 0.4075829383886256 0.058666666666666666 0.052132701421800945
0 0.33866666666666667 0.4727488151658768 0.042666666666666665 0.037914691943127965
0 0.4968888888888889 0.3068720379146919 0.030222222222222223 0.05924170616113744
0 0.5404444444444444 0.8246445497630331 0.05511111111111111 0.07109004739336493
0 0.3937777777777778 0.3791469194312796 0.033777777777777775 0.02843601895734597
0 0.29155555555555557 0.45734597156398105 0.03911111111111111 0.04739336492890995
0 0.6328888888888888 0.3755924170616114 0.05333333333333354 0.05924170616113744
0 0.7022222222222222 0.3222748815165877 0.02666666666666667 0.030805687203791468
0 0.4222222222222222 0.4466824644549763 0.048 0.045023696682464455
0 0.2728888888888889 0.0971563981042654 0.032 0.037914691943127965
0 0.6284444444444445 0.0995260663507109 0.051555555555555556 0.04976303317535545
0 0.23822222222222222 0.4561611374407583 0.05511111111111111 0.052132701421800945
0 0.5164444444444445 0.9300947867298578 0.05511111111111111 0.1066350710900474
0 0.5688888888888889 0.4585308056872038 0.049777777777777775 0.06872037914691943
0 0.3048888888888889 0.504739336492891 0.060444444444444446 0.07109004739336479
0 0.7448888888888889 0.29739336492890994 0.032 0.023696682464454975
0 0.5964444444444444 0.5450236966824644 0.037333333333333336 0.06872037914691957
0 0.5102222222222222 0.41232227488151657 0.06933333333333333 0.07109004739336493
