1 0.526508226691042 0.6845310596833131 0.04021937842778794 0.048721071863580996
1 0.21480804387568556 0.6406820950060901 0.10054844606946983 0.08038976857490865
1 0.2851919561243144 0.7174177831912302 0.07312614259597816 0.07064555420219244
1 0.3473491773308958 0.5968331303288672 0.09506398537477148 0.0828258221680877
1 0.6352833638025595 0.6370280146163215 0.08957952468007313 0.08038976857490865
1 0.1636197440585009 0.630937880633374 0.04204753199268738 0.031668696711327646
1 0.09049360146252285 0.6528623629719854 0.051188299817184646 0.03654080389768575
1 0.47074954296160876 0.6004872107186358 0.07678244972577697 0.08526187576126688
1 0.13528336380255943 0.7344701583434835 0.04936014625228519 0.06090133982947625
1 0.36380255941499084 0.6784409257003654 0.06946983546617916 0.058465286236297195
1 0.0283363802559415 0.707673568818514 0.07312614259597806 0.1071863580998782
