0 0.33511111111111114 0.6990521327014217 0.04622222222222212 0.06872037914691943
0 0.38133333333333336 0.3104265402843602 0.05511111111111111 0.06398104265402843
0 0.30844444444444447 0.8767772511848341 0.028444444444444446 0.04976303317535545
0 0.2782222222222222 0.34834123222748814 0.05333333333333334 0.07109004739336493
0 0.5644444444444444 0.726303317535545 0.04622222222222222 0.07109004739336493
0 0.46755555555555556 0.6172985781990521 0.044444444444444446 0.04976303317535545
0 0.35733333333333334 0.5023696682464455 0.04088888888888889 0.06635071090047394
0 0.5777777777777777 0.5627962085308057 0.06577777777777798 0.06872037914691943
0 0.06755555555555555 0.5450236966824644 0.048 0.061611374407583075
0 0.29333333333333333 0.5355450236966824 0.049777777777777775 0.05924170616113744
