0 0.5973333333333334 0.34834123222748814 0.037333333333333336 0.037914691943127965
0 0.8897777777777778 0.33175355450236965 0.07288888888888889 0.0971563981042654
0 0.9066666666666666 0.4597156398104265 0.08888888888888889 0.1018957345971564
0 0.8266666666666667 0.16824644549763032 0.064 0.06872037914691943
0 0.6835555555555556 0.37796208530805686 0.049777777777777775 0.07109004739336493
0 0.5351111111111111 0.08056872037914692 0.05511111111111111 0.07582938388625593
0 0.47555555555555556 0.1481042654028436 0.024888888888888887 0.02132701421800948
0 0.4862222222222222 0.2132701421800948 0.032 0.02132701421800948
0 0.688 0.919431279620853 0.06933333333333354 0.1018957345971564
0 0.9911111111111112 0.17535545023696683 0.030222222222222223 0.045023696682464455
0 0.9662222222222222 0.2014218009478673 0.044444444444444446 0.035545023696682464
0 0.6586666666666666 0.4419431279620853 0.05333333333333334 0.08056872037914692
0 0.4871111111111111 0.02843601895734597 0.037333333333333336 0.07582938388625593
0 0.6026666666666667 0.018957345971563982 0.04622222222222222 0.045023696682464455
0 0.4862222222222222 0.17061611374407584 0.03911111111111111 0.054502369668246446
0 0.872 0.40639810426540285 0.049777777777777775 0.061611374407582936
0 0.4737777777777778 0.0947867298578199 0.032 0.06398104265402843
0 0.6346666666666667 0.3708530805687204 0.042666666666666665 0.04976303317535545
0 0.8897777777777778 0.21208530805687204 0.06933333333333333 0.05924170616113744
1 0.6106666666666667 0.3127962085308057 0.049777777777777775 0.04739336492890995
0 0.744 0.23933649289099526 0.08355555555555555 0.08293838862559241
0 0.5093333333333333 0.07109004739336493 0.024888888888888887 0.037914691943127965
0 0.6675555555555556 0.0071090047393364926 0.042666666666666665 0.037914691943127965
0 0.5377777777777778 0.014218009478672985 0.04088888888888889 0.037914691943127965
0 0.72 0.4372037914691943 0.060444444444444446 0.08767772511848342
0 0.9875555555555555 0.07582938388625593 0.03911111111111111 0.05687203791469194
