1 0.6952089704383282 0.6847090663058186 0.07135575942915393 0.08930987821380228
1 0.944954128440367 0.6928281461434371 0.07135575942915393 0.09472259810554803
1 0.9826707441386341 0.6062246278755075 0.053007135575942915 0.08119079837618404
1 0.527013251783894 0.8958051420838972 0.06931702344546381 0.08660351826792964
1 0.7533129459734964 0.2706359945872801 0.0652395514780836 0.08389715832205684
1 0.40978593272171254 0.543978349120433 0.053007135575942915 0.07036535859269298
1 0.6269113149847095 0.10419485791610285 0.0509683995922528 0.07848443843031123
1 0.4943934760448522 0.36535859269282817 0.06116207951070336 0.08660351826792964
1 0.6860346585117227 0.2327469553450609 0.059123343527013254 0.07577807848443843
1 0.3160040774719674 0.8497970230040596 0.053007135575942915 0.05953991880920163
1 0.6513761467889908 0.3166441136671177 0.04281345565749235 0.0784844384303113
1 0.37003058103975534 0.9039242219215156 0.05708460754332314 0.07848443843031123
1 0.8419979612640163 0.046008119079837616 0.05708460754332314 0.07307171853856563
1 0.43425076452599387 0.6752368064952639 0.0509683995922528 0.07577807848443843
