0 0.1751111111111111 0.07701421800947868 0.042666666666666665 0.052132701421800945
0 0.5902222222222222 0.9372037914691943 0.08355555555555555 0.12559241706161137
0 0.6657777777777778 0.6492890995260664 0.044444444444444446 0.045023696682464455
0 0.33155555555555555 0.2938388625592417 0.035555555555555556 0.0639810426540285
0 0.1608888888888889 0.8590047393364929 0.03911111111111111 0.05687203791469194
0 0.6737777777777778 0.7511848341232228 0.03911111111111111 0.026066350710900472
0 0.3048888888888889 0.6658767772511849 0.07466666666666667 0.10426540284360189
0 0.40444444444444444 0.20023696682464456 0.032 0.054502369668246446
0 0.27466666666666667 0.990521327014218 0.030222222222222223 0.04028436018957346
0 0.336 0.5177725118483413 0.049777777777777775 0.09004739336492877
0 0.2995555555555556 0.9620853080568721 0.049777777777777775 0.04739336492890995
0 0.5795555555555556 0.04265402843601896 0.04088888888888889 0.04265402843601896
0 0.96 0.9478672985781991 0.05511111111111111 0.08530805687203792
0 0.47644444444444445 0.10545023696682465 0.03911111111111111 0.05924170616113744
0 0.44 0.11729857819905214 0.028444444444444446 0.037914691943127965
0 0.24711111111111111 0.07938388625592417 0.05688888888888889 0.07819905213270142
0 0.3457777777777778 0.1670616113744076 0.07111111111111111 0.07582938388625593
0 0.8257777777777778 0.933649289099526 0.08177777777777757 0.10426540284360189
0 0.051555555555555556 0.9146919431279621 0.048 0.04976303317535545
0 0.22577777777777777 0.7381516587677726 0.06755555555555555 0.08767772511848342
0 0.3831111111111111 0.4656398104265403 0.042666666666666665 0.06872037914691943
