1 0.7125603862430738 0.9054054054054054 0.06956521739130435 0.09652509652509653
1 0.5951690818952478 0.04826254826254826 0.02608695652173913 0.08494208494208494
1 0.5429951688517695 0.5888030888030888 0.06956521739130435 0.08108108108108109
1 0.5792270529097405 0.13706563706563707 0.04057971014492753 0.06177606177606178
1 0.056038647112639055 0.5965250965250966 0.07246376811594203 0.0694980694980695
1 0.44589371957640717 0.2644787644787645 0.06376811594202898 0.09652509652509653
1 0.24589371957640718 0.8861003861003861 0.1681159420289855 0.20463320463320464
1 0.564734299286552 0.02895752895752896 0.03188405797101466 0.05019305019305019
1 0.09227053117061007 0.2413127413127413 0.20579710144927535 0.277992277992278
1 0.6676328500111898 0.8088803088803089 0.05507246376811594 0.08108108108108109
1 0.6545893717503202 0.7104247104247104 0.03768115942029002 0.05791505791505792
1 0.0792270529097405 0.6988416988416989 0.1826086956521739 0.138996138996139
1 0.5125603862430739 0.30694980694980695 0.057971014492753624 0.06177606177606178
