0 0.30577777777777776 0.8957345971563981 0.07288888888888889 0.08056872037914692
0 0.18222222222222223 0.011848341232227487 0.02311111111111111 0.02132701421800948
0 0.25955555555555554 0.09834123222748815 0.024888888888888887 0.035545023696682464
0 0.6826666666666666 0.07582938388625593 0.024888888888888887 0.04976303317535545
0 0.464 0.04383886255924171 0.02666666666666667 0.04028436018957346
0 0.3671111111111111 0.0995260663507109 0.032 0.035545023696682464
0 0.1448888888888889 0.005924170616113744 0.030222222222222223 0.026066350710900472
0 0.6595555555555556 0.13507109004739337 0.033777777777777775 0.030805687203791468
0 0.17155555555555554 0.07464454976303317 0.02666666666666667 0.035545023696682485
0 0.28355555555555556 0.07464454976303317 0.02666666666666667 0.03791469194312798
0 0.7288888888888889 0.830568720379147 0.048 0.054502369668246446
0 0.6968888888888889 0.8969194312796208 0.07644444444444444 0.08767772511848342
