0 0.6713409290096407 0.6098130841121495 0.014022787028921999 0.03271028037383177
0 0.5241016652059597 0.5327102803738317 0.029798422436459245 0.049065420560747794
0 0.5828220858895705 0.6285046728971962 0.024539877300613498 0.0397196261682243
0 0.6143733567046451 0.6962616822429907 0.024539877300613296 0.028037383177570093
0 0.677475898334794 0.6869158878504673 0.017528483786152498 0.028037383177570093
0 0.7957931638913234 0.3037383177570093 0.026292725679228746 0.030373831775700934
0 0.4829097283085013 0.4427570093457944 0.026292725679228746 0.0630841121495327
0 0.6599474145486416 0.5035046728971962 0.017528483786152498 0.02336448598130841
0 0.4180543382997371 0.3177570093457944 0.022787028921998246 0.02102803738317757
0 0.4294478527607362 0.3422897196261682 0.017528483786152498 0.030373831775700934
0 0.8413672217353199 0.286214953271028 0.035056967572304996 0.04439252336448598
0 0.5030674846625767 0.4894859813084112 0.028045574057843997 0.04439252336448598
0 0.656441717791411 0.5315420560747663 0.022787028921998246 0.0397196261682243
0 0.64943032427695 0.5922897196261683 0.021034180543382998 0.039719626168224165
0 0.810692375109553 0.2675233644859813 0.026292725679228746 0.03271028037383177
