0 0.6187554776511832 0.5887850467289719 0.05083260297984225 0.07476635514018705
0 0.5942156003505696 0.5420560747663551 0.040315512708150744 0.07242990654205621
0 0.6546888694127958 0.530373831775701 0.05258545135845749 0.06542056074766354
0 0.775635407537248 0.463785046728972 0.05258545135845749 0.0514018691588785
0 0.7642418930762489 0.27102803738317754 0.03856266432953549 0.03271028037383171
0 0.5784399649430324 0.5981308411214953 0.04382120946538125 0.05607476635514032
0 0.7142857142857143 0.397196261682243 0.08063102541630149 0.07009345794392523
0 0.7581069237510956 0.41238317757009346 0.035056967572304996 0.04205607476635514
0 0.5197195442594216 0.4077102803738318 0.049079754601226995 0.07009345794392523
0 0.7747589833479404 0.6588785046728972 0.056091148115687994 0.053738317757009345
0 0.8054338299737073 0.6880841121495327 0.029798422436459245 0.02570093457943925
0 0.5556529360210342 0.6787383177570093 0.04557405784399649 0.04906542056074766
0 0.7668711656441718 0.3060747663551402 0.05258545135845749 0.04205607476635514
0 0.574934268185802 0.3925233644859813 0.03155127081507449 0.07476635514018691
0 0.6432953549517967 0.18691588785046728 0.07887817703768624 0.0794392523364486
0 0.5985977212971078 0.38901869158878505 0.033304119193689745 0.06542056074766354
0 0.8825591586327782 0.3820093457943925 0.057843996494303246 0.0630841121495327
0 0.9386503067484663 0.14369158878504673 0.05258545135845749 0.04906542056074766
