0 0.027555555555555555 0.7630331753554502 0.037333333333333336 0.04265402843601896
0 0.6462222222222223 0.8542654028436019 0.042666666666666665 0.05924170616113744
0 0.3022222222222222 0.25118483412322273 0.037333333333333336 0.04976303317535545
0 0.7164444444444444 0.25829383886255924 0.05511111111111111 0.061611374407582936
0 0.5404444444444444 0.9834123222748815 0.033777777777777775 0.037914691943127965
0 0.5555555555555556 0.8317535545023697 0.04088888888888889 0.06398104265402843
0 0.18044444444444444 0.8613744075829384 0.04088888888888889 0.04265402843601896
0 0.7786666666666666 0.37203791469194314 0.05511111111111111 0.06635071090047394
0 0.8284444444444444 0.6078199052132701 0.04088888888888889 0.061611374407582936
0 0.6995555555555556 0.8459715639810427 0.032 0.045023696682464455
