1 0.6164383561643836 0.1987878787878788 0.091324200913242 0.1478787878787879
1 0.5598173515981735 0.3406060606060606 0.06757990867579909 0.17454545454545456
1 0.2502283105022831 0.68 0.1223744292237443 0.1478787878787879
1 0.9616438356164384 0.2909090909090909 0.12602739726027398 0.16484848484848486
1 0.5899543378995433 0.4315151515151515 0.0730593607305934 0.10424242424242425
1 0.6301369863013698 0.4218181818181818 0.07671232876712329 0.10909090909090909
1 0.6118721461187214 0.3333333333333333 0.0821917808219178 0.08969696969696969
1 0.05570776255707763 0.9684848484848485 0.1132420091324201 0.12363636363636364
1 0.10319634703196347 0.8545454545454545 0.09497716894977169 0.13575757575757577
1 0.3680365296803653 0.5721212121212121 0.1187214611872146 0.14545454545454545
