1 0.3530239099859353 0.35261194029850745 0.10126582278481013 0.15298507462686567
1 0.6835443037974683 0.36007462686567165 0.07876230661040788 0.08955223880597014
1 0.459915611814346 0.20149253731343283 0.07876230661040788 0.11567164179104478
1 0.5330520393811533 0.5802238805970149 0.07876230661040788 0.10074626865671642
1 0.44585091420534456 0.6791044776119403 0.10407876230661041 0.11567164179104478
1 0.5147679324894515 0.4962686567164179 0.07313642756680716 0.11194029850746269
1 0.3037974683544304 0.7947761194029851 0.04781997187060478 0.041044776119402986
1 0.5654008438818565 0.6716417910447762 0.1209563994374121 0.13805970149253732
1 0.5766526019690577 0.4664179104477612 0.06469760900140648 0.08582089552238806
1 0.8340365682137834 0.417910447761194 0.12939521800281295 0.15671641791044777
1 0.49226441631504925 0.3376865671641791 0.08157524613220815 0.11567164179104478
1 0.4008438818565401 0.08395522388059702 0.11251758087201125 0.16417910447761194
