0 0.5902222222222222 0.471563981042654 0.060444444444444446 0.08293838862559241
0 0.45955555555555555 0.4040284360189573 0.06577777777777778 0.08530805687203792
0 0.448 0.005924170616113744 0.024888888888888887 0.02843601895734597
0 0.6711111111111111 0.6007109004739336 0.049777777777777775 0.061611374407583075
0 0.49777777777777776 0.7784360189573459 0.08 0.1018957345971564
0 0.4791111111111111 0.1670616113744076 0.035555555555555556 0.04028436018957346
0 0.43822222222222224 0.0485781990521327 0.019555555555555555 0.026066350710900472
0 0.5626666666666666 0.3495260663507109 0.049777777777777775 0.06872037914691943
0 0.48 0.10545023696682465 0.030222222222222223 0.035545023696682464
0 0.6488888888888888 0.4727488151658768 0.05511111111111111 0.07819905213270142
0 0.25866666666666666 0.0971563981042654 0.02311111111111111 0.03317535545023697
0 0.5271111111111111 0.25355450236966826 0.035555555555555556 0.06635071090047394
0 0.46044444444444443 0.07109004739336493 0.021333333333333333 0.030805687203791468
0 0.48 0.024881516587677725 0.030222222222222223 0.026066350710900472
0 0.4266666666666667 0.018957345971563982 0.024888888888888787 0.030805687203791468
0 0.25333333333333335 0.13744075829383887 0.02666666666666667 0.03317535545023697
0 0.4871111111111111 0.002369668246445498 0.030222222222222223 0.016587677725118485
0 0.2897777777777778 0.21445497630331753 0.033777777777777775 0.04028436018957346
0 0.3031111111111111 0.6954976303317536 0.07288888888888889 0.12796208530805686
