0 0.5288888888888889 0.22156398104265404 0.049777777777777775 0.08530805687203792
0 0.44533333333333336 0.6244075829383886 0.05333333333333323 0.06635071090047394
0 0.35555555555555557 0.7511848341232228 0.035555555555555556 0.045023696682464455
0 0.3511111111111111 0.8471563981042654 0.032 0.045023696682464455
0 0.41333333333333333 0.4928909952606635 0.02311111111111111 0.037914691943127965
0 0.37955555555555553 0.6860189573459715 0.02666666666666667 0.04739336492890995
0 0.43733333333333335 0.7938388625592417 0.037333333333333336 0.05687203791469194
0 0.4231111111111111 0.8696682464454977 0.030222222222222223 0.04028436018957346
0 0.3671111111111111 0.7938388625592417 0.028444444444444446 0.04028436018957346
0 0.6222222222222222 0.48459715639810425 0.07822222222222222 0.10900473933649289
0 0.5777777777777777 0.08175355450236967 0.05511111111111131 0.07109004739336493
0 0.4826666666666667 0.21800947867298578 0.051555555555555556 0.08056872037914692
0 0.5004444444444445 0.4075829383886256 0.04622222222222222 0.07345971563981042
0 0.2808888888888889 0.8874407582938388 0.024888888888888887 0.037914691943127965
