0 0.537248028045574 0.772196261682243 0.06836108676599474 0.07710280373831775
0 0.6967572304995618 0.5151869158878505 0.05433829973707254 0.07009345794392523
0 0.551270815074496 0.25 0.049079754601226995 0.07009345794392523
0 0.0876424189307625 0.5116822429906542 0.022787028921998246 0.035046728971962614
0 0.523225241016652 0.3633177570093458 0.04732690622261174 0.06775700934579439
0 0.5153374233128835 0.2616822429906542 0.05083260297984225 0.06775700934579446
0 0.24452234881682736 0.3037383177570093 0.019281332164767746 0.035046728971962614
0 0.581945661700263 0.8855140186915887 0.035056967572304996 0.04906542056074766
0 0.7177914110429447 0.3446261682242991 0.04557405784399649 0.05841121495327103
0 0.5994741454864154 0.20327102803738317 0.03680981595092025 0.04439252336448598
