1 0.2616033755274262 0.6138059701492538 0.1547116736990154 0.23134328358208955
1 0.38677918424753865 0.7332089552238806 0.11533052039381153 0.14925373134328357
1 0.8537271448663853 0.8638059701492538 0.14627285513361463 0.19402985074626866
1 0.15330520393811534 0.6231343283582089 0.1490857946554149 0.15298507462686567
1 0.02109704641350211 0.09514925373134328 0.09845288326300984 0.16044776119402984
1 0.9648382559774965 0.03917910447761194 0.17440225035161744 0.26492537313432835
1 0.770745428973277 0.8376865671641791 0.0759493670886076 0.1828358208955224
1 0.11814345991561181 0.5 0.1828410689170183 0.19029850746268656
1 0.03234880450070324 0.30783582089552236 0.14345991561181434 0.18656716417910457
1 0.15471167369901548 0.024253731343283583 0.1518987341772152 0.16417910447761194
1 0.02250351617440225 0.4664179104477612 0.07876230661040788 0.1417910447761194
