0 0.7857777777777778 0.9383886255924171 0.033777777777777775 0.04028436018957346
0 0.028444444444444446 0.7950236966824644 0.06755555555555555 0.08530805687203792
0 0.1768888888888889 0.41113744075829384 0.021333333333333333 0.04739336492890995
0 0.3342222222222222 0.38270142180094785 0.024888888888888887 0.03317535545023697
0 0.1351111111111111 0.9691943127962085 0.030222222222222223 0.04028436018957346
0 0.52 0.9277251184834123 0.037333333333333336 0.04739336492890995
0 0.3893333333333333 0.9087677725118484 0.024888888888888887 0.030805687203791468
0 0.13777777777777778 0.6848341232227488 0.05333333333333334 0.06398104265402843
0 0.1431111111111111 0.34360189573459715 0.044444444444444446 0.052132701421800945
0 0.36 0.20971563981042654 0.030222222222222223 0.035545023696682464
0 0.168 0.8601895734597157 0.028444444444444446 0.04028436018957346
