1 0.7791842475386779 0.871268656716418 0.05625879043600562 0.0708955223880597
1 0.7637130801687764 0.9365671641791045 0.06469760900140648 0.10074626865671642
1 0.8284106891701828 0.9067164179104478 0.08157524613220815 0.12686567164179105
1 0.9015471167369902 0.878731343283582 0.08720112517580872 0.11940298507462686
1 0.9648382559774965 0.4141791044776119 0.0759493670886076 0.10074626865671642
1 0.8959212376933896 0.7052238805970149 0.09845288326300984 0.13432835820895522
1 0.8776371308016878 0.24813432835820895 0.10970464135021098 0.15671641791044777
1 0.9479606188466948 0.11194029850746269 0.11251758087201125 0.15671641791044777
1 0.24331926863572434 0.2873134328358209 0.11251758087201125 0.14925373134328357
1 0.1308016877637131 0.08208955223880597 0.11814345991561177 0.15298507462686567
