0 0.344 0.2796208530805687 0.04977777777777788 0.07345971563981042
0 0.12711111111111112 0.7725118483412322 0.02666666666666667 0.030805687203791468
0 0.3635555555555556 0.5284360189573459 0.032 0.04028436018957359
0 0.20977777777777779 0.6943127962085308 0.030222222222222223 0.045023696682464455
0 0.6595555555555556 0.7725118483412322 0.04088888888888889 0.05924170616113744
0 0.6444444444444445 0.6670616113744076 0.03911111111111111 0.04028436018957346
0 0.7093333333333334 0.28199052132701424 0.064 0.08530805687203785
0 0.4533333333333333 0.4372037914691943 0.044444444444444446 0.07109004739336493
0 0.25422222222222224 0.5734597156398105 0.037333333333333336 0.04502369668246432
0 0.3973333333333333 0.4372037914691943 0.04622222222222222 0.07582938388625593
0 0.21688888888888888 0.7772511848341233 0.024888888888888887 0.045023696682464455
0 0.15466666666666667 0.7571090047393365 0.02666666666666667 0.02843601895734597
0 0.049777777777777775 0.7286729857819905 0.032 0.026066350710900472
0 0.8044444444444444 0.19075829383886256 0.06577777777777778 0.08530805687203792
0 0.35644444444444445 0.7796208530805687 0.02666666666666667 0.037914691943127965
0 0.29244444444444445 0.8293838862559242 0.021333333333333333 0.023696682464454975
0 0.5235555555555556 0.46445497630331756 0.04622222222222222 0.061611374407582936
0 0.5368888888888889 0.39691943127962087 0.049777777777777775 0.06635071090047394
0 0.7813333333333333 0.6362559241706162 0.042666666666666665 0.037914691943127965
0 0.4817777777777778 0.669431279620853 0.04088888888888889 0.04028436018957346
0 0.5297777777777778 0.25829383886255924 0.048 0.06635071090047394
0 0.6968888888888889 0.19194312796208532 0.05511111111111111 0.07109004739336493
0 0.3075555555555556 0.8116113744075829 0.02311111111111101 0.030805687203791468
0 0.3688888888888889 0.7097156398104265 0.030222222222222223 0.04265402843601896
0 0.6435555555555555 0.2677725118483412 0.064 0.08056872037914692
0 0.2311111111111111 0.5308056872037915 0.03911111111111111 0.05213270142180081
0 0.10755555555555556 0.6812796208530806 0.032 0.035545023696682464
0 0.9457777777777778 0.33175355450236965 0.04622222222222222 0.052132701421800945
0 0.34044444444444444 0.9028436018957346 0.024888888888888887 0.035545023696682464
0 0.6213333333333333 0.8127962085308057 0.035555555555555556 0.02843601895734597
