1 0.6877637130801688 0.832089552238806 0.08157524613220815 0.13805970149253732
1 0.2559774964838256 0.5597014925373134 0.05063291139240506 0.1044776119402985
1 0.2616033755274262 0.7593283582089553 0.07032348804500695 0.07089552238805992
1 0.09845288326300984 0.1623134328358209 0.053445850914205346 0.07462686567164178
1 0.5752461322081576 0.5373134328358209 0.08720112517580857 0.13432835820895522
1 0.7693389592123769 0.026119402985074626 0.06751054852320675 0.09701492537313433
1 0.22784810126582278 0.4701492537313433 0.05625879043600562 0.05970149253731343
1 0.729957805907173 0.10820895522388059 0.05063291139240506 0.09328358208955227
1 0.6090014064697609 0.6194029850746269 0.08438818565400844 0.1044776119402985
1 0.9367088607594937 0.5932835820895522 0.12658227848101267 0.1828358208955224
1 0.7018284106891702 0.3917910447761194 0.04500703234880434 0.09328358208955224
1 0.6469760900140648 0.7369402985074627 0.09282700421940912 0.12686567164179105
1 0.4120956399437412 0.8115671641791045 0.06188466947960619 0.07835820895522388
