0 0.13244444444444445 0.7002369668246445 0.05688888888888889 0.08530805687203792
0 0.9688888888888889 0.027251184834123223 0.024888888888888887 0.04265402843601896
0 0.8746666666666667 0.4194312796208531 0.03911111111111111 0.03317535545023697
0 0.6791111111111111 0.8755924170616114 0.049777777777777775 0.07109004739336493
0 0.4088888888888889 0.504739336492891 0.037333333333333336 0.04739336492890982
0 0.6862222222222222 0.22748815165876776 0.03911111111111111 0.05924170616113744
0 0.8071111111111111 0.08056872037914692 0.02666666666666667 0.045023696682464455
0 0.8888888888888888 0.5734597156398105 0.033777777777777775 0.04265402843601882
0 0.92 0.6172985781990521 0.044444444444444446 0.05687203791469194
0 0.016 0.7298578199052133 0.033777777777777775 0.04739336492890995
0 0.6666666666666666 0.07227488151658767 0.037333333333333336 0.05687203791469194
0 0.9048888888888889 0.19075829383886256 0.032 0.03317535545023697
0 0.696 0.06753554502369669 0.024888888888888887 0.035545023696682464
0 0.9751111111111112 0.1066350710900474 0.028444444444444446 0.04265402843601896
0 0.9137777777777778 0.3542654028436019 0.033777777777777775 0.037914691943127965
0 0.7848888888888889 0.1338862559241706 0.032 0.037914691943127965
0 0.4871111111111111 0.9016587677725119 0.06755555555555555 0.10900473933649289
