0 0.33782771505357484 0.7140553557927707 0.02592912705272256 0.03917050691244239
0 0.1459521748634279 0.8834101945024482 0.029386343993085567 0.03456221198156682
0 0.2825122440077667 0.6910138811383929 0.020743301642178046 0.027649769585253458
0 0.28683376518322046 0.8281106553319413 0.02592912705272256 0.03456221198156682
0 0.20991068826014356 0.9536866921983007 0.027657735522904063 0.03686635944700461
0 0.9099971186836526 0.9364055862075172 0.03802938634399308 0.04838709677419355
0 0.37326418869229566 0.4894009779125864 0.02592912705272256 0.02304147465437788
0 0.521924517127905 0.5055300101706509 0.02247191011235955 0.029953917050691243
0 0.3542494955202991 0.3142857705393145 0.02247191011235955 0.027649769585253458
0 0.5677326415877149 0.3603687198480703 0.02247191011235955 0.03225806451612903
0 0.5936617686404374 0.7428571991107431 0.029386343993085567 0.03686635944700461
0 0.5262460383033588 0.8177419917374712 0.036300777873811384 0.04608294930875576
0 0.6895995387355108 0.3384793189264113 0.024200518582541054 0.02304147465437788
0 0.29547680753412797 0.4433180286038306 0.020743301642178046 0.02534562211981567
0 0.5452607314753553 0.8718894571752592 0.03111495246326707 0.03225806451612903
0 0.33437049811321184 0.5216590424287154 0.02592912705272256 0.03456221198156682
0 0.7751656580094953 0.27050696869599655 0.02247191011235955 0.029953917050691243
0 0.8486315179922093 0.31313369680659564 0.027657735522904063 0.02534562211981567
0 0.3326418896430303 0.9191244802167339 0.01728608470181504 0.027649769585253458
0 0.7371362716655022 0.9110599640877016 0.03457216940363008 0.03917050691244239
0 0.5547680780613535 0.6714286276821717 0.03111495246326707 0.03917050691244239
0 0.5884759432298929 0.6103687198480703 0.027657735522904063 0.029953917050691243
0 0.8304811290553035 0.6449309318296371 0.036300777873811585 0.03225806451612903
0 0.5504465568858998 0.9052995954241071 0.029386343993085567 0.03686635944700461
0 0.15459521721433542 0.6288018995715726 0.01901469317199654 0.027649769585253458
0 0.4268510512679223 0.48709683044714863 0.01901469317199654 0.02534562211981567
0 0.5089599536015437 0.49400927284346197 0.025929127052722756 0.02534562211981567
0 0.26004033389540715 0.6887097336729551 0.02247191011235955 0.03225806451612903
0 0.6947853641460554 0.36267286731350806 0.024200518582541054 0.027649769585253458
0 0.7189858827285964 0.30622125441028225 0.02247191011235955 0.02534562211981567
0 0.748372226721682 0.4905530516453053 0.02247191011235955 0.027649769585253458
0 0.9091328144485619 0.1449309318296371 0.01901469317199654 0.02534562211981567
0 0.05955979704572364 0.7317073170731707 0.022275258552108195 0.03817603393425239
0 0.5790506482788184 0.41145281018027574 0.031821797931582955 0.04878048780487805
