0 0.8053333333333333 0.9419431279620853 0.051555555555555556 0.061611374407582936
0 0.8204444444444444 0.8518957345971564 0.032 0.045023696682464455
0 0.9031111111111111 0.8779620853080569 0.035555555555555556 0.04265402843601896
0 0.8791111111111111 0.9644549763033176 0.049777777777777775 0.061611374407582936
0 0.968 0.7037914691943128 0.024888888888888887 0.045023696682464455
0 0.35644444444444445 0.26421800947867297 0.02311111111111111 0.030805687203791402
0 0.29155555555555557 0.48459715639810425 0.024888888888888887 0.02843601895734597
0 0.21955555555555556 0.4490521327014218 0.028444444444444446 0.037914691943127965
0 0.25422222222222224 0.4585308056872038 0.019555555555555555 0.030805687203791468
0 0.21244444444444444 0.5853080568720379 0.02311111111111111 0.04028436018957346
0 0.1608888888888889 0.9277251184834123 0.044444444444444446 0.06398104265402843
0 0.6382222222222222 0.06753554502369669 0.02666666666666667 0.035545023696682464
0 0.2986666666666667 0.43838862559241704 0.024888888888888887 0.03317535545023697
0 0.2657777777777778 0.42417061611374407 0.019555555555555555 0.026066350710900472
0 0.7102222222222222 0.9075829383886256 0.032 0.045023696682464455
0 0.09155555555555556 0.6362559241706162 0.030222222222222223 0.030805687203791468
0 0.4915555555555556 0.981042654028436 0.03911111111111111 0.035545023696682464
0 0.648 0.9443127962085308 0.03911111111111111 0.02843601895734597
0 0.5351111111111111 0.4514218009478673 0.05511111111111111 0.061611374407582936
0 0.15733333333333333 0.5781990521327014 0.021333333333333333 0.030805687203791468
0 0.04888888888888889 0.8436018957345972 0.030222222222222223 0.037914691943127965
0 0.3537777777777778 0.29265402843601895 0.02311111111111111 0.02843601895734597
0 0.2871111111111111 0.518957345971564 0.019555555555555555 0.03317535545023697
0 0.264 0.476303317535545 0.019555555555555555 0.02843601895734597
0 0.25333333333333335 0.4431279620853081 0.021333333333333333 0.023696682464454975
0 0.17777777777777778 0.5627962085308057 0.02311111111111111 0.030805687203791468
0 0.08977777777777778 0.8187203791469194 0.042666666666666665 0.052132701421800945
0 0.416 0.3933649289099526 0.021333333333333333 0.02843601895734597
