0 0.7075555555555556 0.33649289099526064 0.03911111111111111 0.045023696682464455
0 0.5857777777777777 0.11492890995260663 0.037333333333333336 0.054502369668246446
0 0.42133333333333334 0.4146919431279621 0.051555555555555556 0.07819905213270142
0 0.1688888888888889 0.1504739336492891 0.060444444444444446 0.07582938388625593
0 0.025777777777777778 0.9123222748815166 0.033777777777777775 0.04265402843601896
0 0.6417777777777778 0.17772511848341233 0.037333333333333336 0.04739336492890995
0 0.22044444444444444 0.9443127962085308 0.02666666666666667 0.04976303317535545
0 0.051555555555555556 0.9585308056872038 0.033777777777777775 0.035545023696682464
0 0.4071111111111111 0.5533175355450237 0.060444444444444446 0.06872037914691943
0 0.08977777777777778 0.514218009478673 0.049777777777777775 0.05450236966824631
0 0.7466666666666667 0.18838862559241706 0.035555555555555556 0.045023696682464455
0 0.07466666666666667 0.7180094786729858 0.032 0.03317535545023697
