0 0.45955555555555555 0.6078199052132701 0.05511111111111111 0.06398104265402843
0 0.6977777777777778 0.533175355450237 0.05333333333333313 0.05924170616113744
0 0.5795555555555556 0.5260663507109005 0.049777777777777775 0.06635071090047394
0 0.5431111111111111 0.5071090047393365 0.051555555555555556 0.07819905213270142
0 0.5226666666666666 0.44549763033175355 0.0640000000000002 0.07109004739336493
0 0.4328888888888889 0.7085308056872038 0.06577777777777778 0.08767772511848342
0 0.328 0.9549763033175356 0.064 0.0971563981042654
0 0.7342222222222222 0.9964454976303317 0.033777777777777775 0.04028436018957346
0 0.672 0.25355450236966826 0.017777777777777778 0.035545023696682464
0 0.6791111111111111 0.2950236966824645 0.028444444444444446 0.0331753554502369
0 0.4737777777777778 0.5 0.06577777777777778 0.07819905213270142
0 0.38666666666666666 0.7369668246445498 0.048 0.07109004739336493
0 0.25333333333333335 0.6315165876777251 0.07822222222222222 0.10426540284360189
0 0.7653333333333333 0.1066350710900474 0.030222222222222223 0.030805687203791468
0 0.664 0.3696682464454976 0.044444444444444446 0.05924170616113744
0 0.6417777777777778 0.4253554502369668 0.044444444444444446 0.06635071090047394
0 0.5066666666666667 0.5580568720379147 0.06222222222222222 0.07819905213270156
0 0.5386666666666666 0.6101895734597157 0.05333333333333334 0.06872037914691943
0 0.35644444444444445 0.8234597156398105 0.06577777777777778 0.08293838862559241
0 0.2906666666666667 0.8827014218009479 0.042666666666666665 0.05687203791469194
