0 0.28355555555555556 0.5355450236966824 0.028444444444444446 0.03317535545023697
0 0.8284444444444444 0.44549763033175355 0.064 0.08530805687203792
0 0.7288888888888889 0.39691943127962087 0.058666666666666666 0.06398104265402843
0 0.008888888888888889 0.9786729857819905 0.028444444444444446 0.035545023696682464
0 0.15555555555555556 0.5438388625592417 0.048 0.05450236966824631
0 0.9262222222222222 0.5225118483412322 0.05688888888888889 0.05924170616113744
0 0.6906666666666667 0.6872037914691943 0.07822222222222222 0.0971563981042654
0 0.48088888888888887 0.4561611374407583 0.05333333333333334 0.09004739336492891
0 0.051555555555555556 0.9075829383886256 0.060444444444444446 0.06872037914691943
0 0.08888888888888889 0.6161137440758294 0.037333333333333336 0.030805687203791468
0 0.23466666666666666 0.5627962085308057 0.044444444444444446 0.04739336492890995
0 0.0071111111111111115 0.5758293838862559 0.04088888888888889 0.054502369668246446
0 0.3751111111111111 0.8104265402843602 0.032 0.05687203791469194
0 0.3075555555555556 0.9549763033175356 0.04977777777777768 0.054502369668246446
