0 0.8551111111111112 0.19075829383886256 0.06933333333333333 0.08293838862559241
0 0.21422222222222223 0.5165876777251185 0.03911111111111111 0.04265402843601896
0 0.06755555555555555 0.7796208530805687 0.04622222222222222 0.06635071090047394
0 0.10933333333333334 0.31990521327014215 0.032 0.04739336492890995
0 0.6586666666666666 0.4834123222748815 0.05333333333333334 0.07819905213270142
0 0.4871111111111111 0.31990521327014215 0.04088888888888889 0.054502369668246446
0 0.3031111111111111 0.39454976303317535 0.05333333333333334 0.06398104265402843
0 0.08266666666666667 0.5947867298578199 0.04622222222222222 0.06872037914691943
0 0.7351111111111112 0.29976303317535546 0.04622222222222222 0.04976303317535545
0 0.30577777777777776 0.45734597156398105 0.044444444444444446 0.04739336492890995
0 0.09866666666666667 0.2571090047393365 0.02666666666666667 0.037914691943127896
0 0.6693333333333333 0.28554502369668244 0.05511111111111111 0.07345971563981049
0 0.7102222222222222 0.6220379146919431 0.03911111111111111 0.04265402843601896
0 0.24977777777777777 0.4431279620853081 0.044444444444444446 0.05924170616113744
0 0.04088888888888889 0.6481042654028436 0.030222222222222223 0.04739336492890995
0 0.04622222222222222 0.31398104265402843 0.035555555555555556 0.04739336492890995
