0 0.39466666666666667 0.16824644549763032 0.051555555555555556 0.06398104265402843
0 0.17955555555555555 0.10781990521327015 0.05333333333333334 0.06398104265402843
0 0.7155555555555555 0.8732227488151659 0.028444444444444647 0.026066350710900472
0 0.37866666666666665 0.3732227488151659 0.03911111111111111 0.05687203791469194
0 0.41333333333333333 0.39454976303317535 0.03911111111111111 0.06635071090047394
0 0.6008888888888889 0.8353080568720379 0.024888888888888887 0.030805687203791468
0 0.4711111111111111 0.5770142180094787 0.04088888888888889 0.05687203791469181
0 0.29333333333333333 0.009478672985781991 0.037333333333333336 0.035545023696682464
0 0.41688888888888886 0.5023696682464455 0.042666666666666665 0.06398104265402843
0 0.39466666666666667 0.45023696682464454 0.04622222222222222 0.04976303317535545
0 0.5662222222222222 0.6279620853080569 0.04088888888888889 0.06398104265402843
0 0.5528888888888889 0.6872037914691943 0.042666666666666665 0.05687203791469194
0 0.7448888888888889 0.8921800947867299 0.02311111111111111 0.03317535545023697
