0 0.2391111111111111 0.3281990521327014 0.032 0.035545023696682464
0 0.8248888888888889 0.8909952606635071 0.042666666666666665 0.052132701421800945
0 0.6355555555555555 0.6753554502369669 0.06755555555555555 0.0947867298578199
0 0.696 0.9585308056872038 0.048 0.06872037914691943
0 0.6391111111111111 0.04265402843601896 0.051555555555555556 0.037914691943127965
0 0.4666666666666667 0.6433649289099526 0.049777777777777775 0.07582938388625593
0 0.18222222222222223 0.6670616113744076 0.037333333333333336 0.04739336492890995
0 0.15466666666666667 0.11137440758293839 0.049777777777777775 0.04976303317535545
0 0.035555555555555556 0.4146919431279621 0.051555555555555556 0.06398104265402843
0 0.5928888888888889 0.9834123222748815 0.030222222222222223 0.03317535545023697
0 0.9884444444444445 0.7334123222748815 0.033777777777777775 0.054502369668246446
0 0.29688888888888887 0.24644549763033174 0.033777777777777775 0.04028436018957346
0 0.8177777777777778 0.31516587677725116 0.064 0.08056872037914692
0 0.7315555555555555 0.3341232227488152 0.05511111111111111 0.054502369668246446
0 0.11644444444444445 0.7902843601895735 0.04088888888888889 0.054502369668246446
0 0.5751111111111111 0.8566350710900474 0.024888888888888887 0.02843601895734597
