0 0.6008888888888889 0.5035545023696683 0.024888888888888887 0.030805687203791468
0 0.48444444444444446 0.3684834123222749 0.042666666666666665 0.06635071090047394
0 0.49866666666666665 0.3222748815165877 0.04622222222222222 0.06635071090047394
0 0.44177777777777777 0.17061611374407584 0.016 0.04739336492890995
0 0.07733333333333334 0.20734597156398105 0.064 0.054502369668246446
0 0.5315555555555556 0.47511848341232227 0.028444444444444446 0.02843601895734597
0 0.5395555555555556 0.30213270142180093 0.058666666666666666 0.07345971563981042
0 0.47555555555555556 0.19786729857819904 0.035555555555555556 0.05924170616113744
0 0.5146666666666667 0.17417061611374407 0.05333333333333334 0.06872037914691943
0 0.808 0.32582938388625593 0.03377777777777757 0.04739336492890995
0 0.8506666666666667 0.2962085308056872 0.030222222222222223 0.04265402843601896
0 0.72 0.4656398104265403 0.037333333333333336 0.04739336492890995
0 0.6648888888888889 0.5260663507109005 0.05688888888888889 0.07345971563981042
0 0.05422222222222222 0.12677725118483413 0.06222222222222222 0.08530805687203792
0 0.4711111111111111 0.43009478672985785 0.064 0.07819905213270142
0 0.5128888888888888 0.10308056872037914 0.05511111111111111 0.061611374407582936
0 0.5448888888888889 0.7748815165876777 0.037333333333333336 0.03317535545023697
0 0.4782222222222222 0.14454976303317535 0.042666666666666665 0.061611374407582936
0 0.6293333333333333 0.19549763033175355 0.032 0.04976303317535545
0 0.8631111111111112 0.3400473933649289 0.03733333333333313 0.04739336492890995
0 0.8871111111111111 0.29265402843601895 0.02311111111111111 0.035545023696682464
0 0.27111111111111114 0.1386255924170616 0.030222222222222223 0.059241706161137477
0 0.19555555555555557 0.4324644549763033 0.04622222222222222 0.061611374407582936
0 0.5457777777777778 0.14454976303317535 0.051555555555555556 0.07582938388625593
0 0.7742222222222223 0.38270142180094785 0.04622222222222222 0.045023696682464455
0 0.8622222222222222 0.5071090047393365 0.02666666666666667 0.035545023696682464
0 0.22311111111111112 0.18246445497630331 0.05333333333333334 0.07819905213270142
0 0.04533333333333334 0.6907582938388626 0.03377777777777777 0.04265402843601896
0 0.49244444444444446 0.7606635071090048 0.03911111111111111 0.06872037914691943
0 0.42577777777777776 0.11848341232227488 0.028444444444444446 0.04265402843601896
0 0.7635555555555555 0.34360189573459715 0.04088888888888889 0.035545023696682464
0 0.5733333333333334 0.47393364928909953 0.024888888888888887 0.02843601895734597
