0 0.11288888888888889 0.035545023696682464 0.030222222222222223 0.04028436018957346
0 0.10844444444444444 0.17654028436018956 0.035555555555555556 0.037914691943127965
0 0.23555555555555555 0.22393364928909953 0.032 0.04265402843601896
0 0.4071111111111111 0.471563981042654 0.032 0.04265402843601896
0 0.656 0.7571090047393365 0.05511111111111111 0.08056872037914692
0 0.3511111111111111 0.10308056872037914 0.024888888888888887 0.03317535545023697
0 0.027555555555555555 0.3056872037914692 0.044444444444444446 0.04265402843601896
0 0.4648888888888889 0.476303317535545 0.028444444444444446 0.037914691943127965
0 0.9662222222222222 0.8613744075829384 0.049777777777777775 0.07345971563981042
0 0.11022222222222222 0.11848341232227488 0.032 0.04739336492890995
0 0.07822222222222222 0.1646919431279621 0.021333333333333333 0.03317535545023697
0 0.5137777777777778 0.8708530805687204 0.051555555555555556 0.05924170616113744
0 0.5893333333333334 0.08886255924170616 0.051555555555555556 0.06635071090047394
0 0.528 0.11137440758293839 0.04622222222222222 0.07109004739336493
0 0.30933333333333335 0.1338862559241706 0.02666666666666667 0.04028436018957346
0 0.31555555555555553 0.06990521327014218 0.030222222222222223 0.04028436018957346
0 0.1431111111111111 0.04265402843601896 0.030222222222222223 0.04739336492890995
0 0.09777777777777778 0.22274881516587677 0.035555555555555556 0.030805687203791468
0 0.1671111111111111 0.24289099526066352 0.04088888888888889 0.05924170616113744
0 0.19466666666666665 0.40165876777251186 0.044444444444444446 0.03317535545023697
0 0.20177777777777778 0.43838862559241704 0.04088888888888889 0.052132701421800945
0 0.8257777777777778 0.683649289099526 0.04622222222222202 0.06635071090047394
0 0.9048888888888889 0.4834123222748815 0.07111111111111111 0.08056872037914692
0 0.8915555555555555 0.4253554502369668 0.05688888888888889 0.06635071090047394
0 0.48088888888888887 0.0071090047393364926 0.035555555555555556 0.026066350710900472
0 0.3413333333333333 0.12914691943127962 0.033777777777777775 0.026066350710900472
0 0.09244444444444444 0.3222748815165877 0.03911111111111111 0.04265402843601896
0 0.5315555555555556 0.7879146919431279 0.042666666666666665 0.052132701421800945
