0 0.5315555555555556 0.8436018957345972 0.051555555555555556 0.07109004739336493
0 0.336 0.8116113744075829 0.042666666666666665 0.05924170616113744
0 0.6168888888888889 0.716824644549763 0.04622222222222222 0.05924170616113744
0 0.07555555555555556 0.245260663507109 0.042666666666666665 0.05924170616113744
0 0.29333333333333333 0.1457345971563981 0.05688888888888889 0.06872037914691943
0 0.6995555555555556 0.6327014218009479 0.05511111111111111 0.06872037914691943
0 0.5573333333333333 0.6516587677725119 0.04088888888888889 0.04739336492890995
0 0.7742222222222223 0.9869668246445498 0.04088888888888889 0.052132701421800945
0 0.7457777777777778 0.6800947867298578 0.06577777777777778 0.08056872037914692
0 0.48 0.6184834123222749 0.05511111111111111 0.06398104265402843
0 0.4444444444444444 0.8874407582938388 0.04622222222222222 0.07345971563981042
0 0.051555555555555556 0.12914691943127962 0.060444444444444446 0.06635071090047394
0 0.824 0.5213270142180095 0.051555555555555556 0.061611374407582804
0 0.6 0.9040284360189573 0.048 0.04265402843601896
0 0.2862222222222222 0.9170616113744076 0.028444444444444446 0.04265402843601896
0 0.25244444444444447 0.9182464454976303 0.04088888888888879 0.05687203791469194
0 0.6764444444444444 0.24052132701421802 0.051555555555555556 0.07345971563981042
0 0.3288888888888889 0.02962085308056872 0.049777777777777775 0.07109004739336493
