0 0.7475555555555555 0.9514218009478673 0.033777777777777775 0.061611374407582936
0 0.42844444444444446 0.7002369668246445 0.033777777777777775 0.052132701421800945
0 0.5768888888888889 0.8116113744075829 0.049777777777777775 0.07109004739336493
0 0.6435555555555555 0.8471563981042654 0.04622222222222222 0.06872037914691943
0 0.8488888888888889 0.533175355450237 0.058666666666666666 0.08293838862559241
0 0.9457777777777778 0.40165876777251186 0.048 0.052132701421800945
0 0.6186666666666667 0.9206161137440758 0.048 0.0947867298578199
0 0.8942222222222223 0.9218009478672986 0.037333333333333336 0.054502369668246446
0 0.8462222222222222 0.6563981042654028 0.04088888888888889 0.04976303317535545
0 0.568 0.6824644549763034 0.04088888888888909 0.04028436018957346
0 0.5351111111111111 0.7476303317535545 0.04622222222222222 0.05924170616113744
