0 0.56 0.8341232227488151 0.051555555555555355 0.08767772511848342
0 0.6142222222222222 0.06990521327014218 0.02666666666666667 0.035545023696682464
0 0.19377777777777777 0.34360189573459715 0.035555555555555556 0.045023696682464455
0 0.5164444444444445 0.6872037914691943 0.037333333333333336 0.035545023696682464
0 0.5342222222222223 0.4940758293838863 0.05333333333333334 0.0971563981042654
0 0.41155555555555556 0.2132701421800948 0.02666666666666667 0.04265402843601896
0 0.16355555555555557 0.5023696682464455 0.04622222222222222 0.04739336492890995
0 0.5288888888888889 0.11966824644549763 0.032 0.04028436018957346
0 0.5537777777777778 0.06872037914691943 0.032 0.054502369668246446
0 0.5093333333333333 0.1386255924170616 0.02666666666666667 0.030805687203791503
0 0.4871111111111111 0.33293838862559244 0.05688888888888889 0.07109004739336493
0 0.5848888888888889 0.7630331753554502 0.051555555555555556 0.07109004739336493
0 0.4657777777777778 0.783175355450237 0.042666666666666665 0.04976303317535545
0 0.6 0.02014218009478673 0.03911111111111111 0.03317535545023697
0 0.728 0.3447867298578199 0.035555555555555556 0.04028436018957346
0 0.6577777777777778 0.8613744075829384 0.04622222222222222 0.06398104265402843
