0 0.3048888888888889 0.476303317535545 0.05511111111111111 0.06398104265402843
0 0.25955555555555554 0.46208530805687204 0.030222222222222223 0.030805687203791468
0 0.4266666666666667 0.2985781990521327 0.04444444444444434 0.061611374407583006
0 0.33511111111111114 0.14454976303317535 0.03911111111111101 0.06635071090047394
0 0.4817777777777778 0.5367298578199052 0.048 0.04976303317535545
0 0.528 0.5130331753554502 0.037333333333333336 0.045023696682464455
0 0.8311111111111111 0.8590047393364929 0.030222222222222223 0.052132701421800945
0 0.3048888888888889 0.13033175355450238 0.042666666666666665 0.04739336492890992
0 0.21422222222222223 0.44549763033175355 0.06222222222222222 0.04739336492890995
0 0.2737777777777778 0.806872037914692 0.033777777777777775 0.052132701421800945
0 0.29777777777777775 0.6954976303317536 0.04444444444444454 0.052132701421800945
0 0.35644444444444445 0.6208530805687204 0.05333333333333334 0.06398104265402843
0 0.9493333333333334 0.6101895734597157 0.048 0.04976303317535545
0 0.9413333333333334 0.5284360189573459 0.048 0.0355450236966826
0 0.8817777777777778 0.5272511848341233 0.060444444444444446 0.054502369668246446
0 0.9671111111111111 0.2523696682464455 0.044444444444444446 0.061611374407582874
0 0.7191111111111111 0.5260663507109005 0.04088888888888889 0.035545023696682464
0 0.6613333333333333 0.518957345971564 0.04622222222222222 0.037914691943127965
0 0.4097777777777778 0.026066350710900472 0.05333333333333334 0.07109004739336493
0 0.37244444444444447 0.5343601895734598 0.049777777777777775 0.0663507109004738
0 0.18044444444444444 0.4443127962085308 0.02666666666666667 0.023696682464454975
0 0.2328888888888889 0.8104265402843602 0.04088888888888889 0.045023696682464455
0 0.3973333333333333 0.5758293838862559 0.04622222222222222 0.04265402843601896
0 0.4222222222222222 0.6860189573459715 0.030222222222222223 0.037914691943127965
0 0.33955555555555555 0.8199052132701422 0.02666666666666667 0.030805687203791468
0 0.5635555555555556 0.5284360189573459 0.035555555555555556 0.028436018957346106
0 0.5991111111111111 0.523696682464455 0.032 0.026066350710900472
0 0.344 0.659952606635071 0.02488888888888899 0.030805687203791468
0 0.29333333333333333 0.8779620853080569 0.037333333333333336 0.05687203791469194
0 0.4631111111111111 0.6540284360189573 0.044444444444444446 0.061611374407582936
0 0.7742222222222223 0.518957345971564 0.028444444444444446 0.02843601895734597
