0 0.5422222222222223 0.6824644549763034 0.09777777777777778 0.09004739336492891
0 0.12977777777777777 0.013033175355450236 0.08355555555555555 0.07345971563981042
0 0.8844444444444445 0.8684834123222749 0.04622222222222222 0.06398104265402843
0 0.4622222222222222 0.12677725118483413 0.10488888888888889 0.14691943127962084
0 0.5315555555555556 0.5545023696682464 0.08888888888888889 0.09952606635071104
0 0.3368888888888889 0.5154028436018957 0.051555555555555556 0.06635071090047406
0 0.5813333333333334 0.20853080568720378 0.08711111111111111 0.12085308056872038
0 0.6133333333333333 0.5675355450236966 0.08 0.09241706161137454
0 0.037333333333333336 0.11848341232227488 0.10488888888888889 0.13033175355450238
0 0.7368888888888889 0.7511848341232228 0.04622222222222222 0.04976303317535545
0 0.6524444444444445 0.13507109004739337 0.07466666666666667 0.0947867298578199
