0 0.8568888888888889 0.011848341232227487 0.035555555555555556 0.030805687203791468
0 0.5528888888888889 0.8672985781990521 0.064 0.10900473933649289
0 0.8888888888888888 0.19194312796208532 0.033777777777777775 0.04028436018957346
0 0.7191111111111111 0.04976303317535545 0.033777777777777775 0.052132701421800945
0 0.4702222222222222 0.013033175355450236 0.030222222222222223 0.037914691943127965
0 0.28888888888888886 0.02962085308056872 0.04444444444444454 0.07582938388625593
0 0.9528888888888889 0.07819905213270142 0.033777777777777775 0.04265402843601896
0 0.6222222222222222 0.02014218009478673 0.033777777777777775 0.03317535545023697
0 0.5813333333333334 0.01066350710900474 0.02666666666666667 0.02843601895734597
0 0.6488888888888888 0.06753554502369669 0.030222222222222223 0.045023696682464455
0 0.8026666666666666 0.31516587677725116 0.044444444444444446 0.061611374407582936
0 0.7777777777777778 0.6611374407582938 0.06577777777777778 0.07345971563981042
0 0.7422222222222222 0.47511848341232227 0.051555555555555556 0.07345971563981042
0 0.9368888888888889 0.278436018957346 0.033777777777777775 0.04028436018957346
0 0.6391111111111111 0.004739336492890996 0.02311111111111111 0.030805687203791468
0 0.584 0.06042654028436019 0.035555555555555556 0.04976303317535545
0 0.5235555555555556 0.07701421800947868 0.03911111111111111 0.04739336492890995
0 0.5377777777777778 0.15876777251184834 0.032 0.061611374407582936
0 0.424 0.4395734597156398 0.042666666666666665 0.05924170616113744
0 0.3537777777777778 0.6398104265402843 0.060444444444444446 0.06872037914691943
0 0.39911111111111114 0.7843601895734598 0.05333333333333323 0.08530805687203792
0 0.19733333333333333 0.4431279620853081 0.05688888888888889 0.07109004739336493
0 0.2391111111111111 0.245260663507109 0.048 0.06872037914691943
0 0.23022222222222222 0.5781990521327014 0.058666666666666666 0.08293838862559241
0 0.5431111111111111 0.7618483412322274 0.05511111111111111 0.08530805687203792
0 0.9955555555555555 0.6753554502369669 0.016 0.04976303317535545
0 0.8577777777777778 0.4028436018957346 0.05688888888888889 0.06635071090047394
0 0.9137777777777778 0.24052132701421802 0.03911111111111111 0.04976303317535545
0 0.8906666666666667 0.14218009478672985 0.03911111111111091 0.04028436018957346
