0 0.10222222222222223 0.0947867298578199 0.07466666666666667 0.0947867298578199
0 0.016 0.1895734597156398 0.033777777777777775 0.05687203791469194
0 0.408 0.22630331753554503 0.039111111111111214 0.052132701421800945
0 0.8782222222222222 0.6682464454976303 0.035555555555555556 0.04028436018957346
0 0.8835555555555555 0.792654028436019 0.06222222222222222 0.08056872037914692
0 0.496 0.9845971563981043 0.019555555555555555 0.04265402843601896
0 0.4568888888888889 0.9798578199052133 0.024888888888888887 0.030805687203791468
0 0.392 0.8542654028436019 0.030222222222222223 0.04976303317535545
0 0.304 0.8981042654028436 0.032 0.035545023696682464
0 0.3244444444444444 0.716824644549763 0.037333333333333336 0.04976303317535545
0 0.23022222222222222 0.7855450236966824 0.049777777777777775 0.05924170616113744
0 0.17955555555555555 0.9822274881516587 0.032 0.02843601895734597
0 0.8311111111111111 0.6421800947867299 0.03911111111111111 0.03317535545023697
0 0.264 0.6469194312796208 0.051555555555555556 0.07109004739336493
0 0.37244444444444447 0.6540284360189573 0.030222222222222223 0.04028436018957346
0 0.5057777777777778 0.015402843601895734 0.060444444444444446 0.04976303317535545
0 0.46755555555555556 0.6457345971563981 0.033777777777777775 0.037914691943127965
0 0.4782222222222222 0.7808056872037915 0.021333333333333333 0.04265402843601896
0 0.48444444444444446 0.8672985781990521 0.030222222222222223 0.04028436018957346
