1 0.4106666666666667 0.5414691943127962 0.06222222222222222 0.061611374407583075
1 0.5768888888888889 0.4490521327014218 0.07466666666666667 0.0947867298578199
1 0.984 0.6646919431279621 0.048 0.08767772511848342
1 0.059555555555555556 0.10426540284360189 0.032 0.04739336492890995
1 0.7022222222222222 0.1018957345971564 0.10488888888888889 0.09004739336492891
1 0.7786666666666666 0.02014218009478673 0.07111111111111111 0.07345971563981042
1 0.36177777777777775 0.759478672985782 0.051555555555555556 0.06872037914691943
1 0.21777777777777776 0.6860189573459715 0.019555555555555607 0.037914691943127965
0 0.45955555555555555 0.02014218009478673 0.04088888888888889 0.030805687203791468
0 0.552 0.5248815165876777 0.05688888888888889 0.07582938388625605
0 0.43822222222222224 0.5106635071090048 0.044444444444444446 0.061611374407582936
0 0.5902222222222222 0.2109004739336493 0.04088888888888889 0.035545023696682464
1 0.04088888888888889 0.1646919431279621 0.033777777777777775 0.037914691943127965
1 0.058666666666666666 0.20616113744075829 0.019555555555555555 0.02843601895734597
1 0.25333333333333335 0.02014218009478673 0.024888888888888887 0.03317535545023697
0 0.7084444444444444 0.476303317535545 0.07111111111111111 0.08530805687203792
0 0.8888888888888888 0.6066350710900474 0.11022222222222222 0.0971563981042654
1 0.30133333333333334 0.5781990521327014 0.033777777777777775 0.04265402843601896
1 0.2817777777777778 0.8779620853080569 0.016 0.03317535545023697
0 0.34755555555555556 0.707345971563981 0.024888888888888887 0.035545023696682464
0 0.32711111111111113 0.9028436018957346 0.021333333333333333 0.037914691943127965
0 0.3431111111111111 0.990521327014218 0.02666666666666667 0.026066350710900472
0 0.2906666666666667 0.9087677725118484 0.017777777777777778 0.030805687203791468
0 0.3288888888888889 0.5533175355450237 0.02666666666666667 0.04976303317535545
0 0.264 0.4324644549763033 0.021333333333333333 0.035545023696682464
0 0.24444444444444444 0.08530805687203792 0.02311111111111111 0.04265402843601896
0 0.2088888888888889 0.4265402843601896 0.02311111111111106 0.035545023696682464
0 0.4657777777777778 0.9680094786729858 0.044444444444444446 0.04265402843601896
0 0.31733333333333336 0.6682464454976303 0.030222222222222223 0.04739336492890995
0 0.3768888888888889 0.716824644549763 0.024888888888888887 0.04739336492890995
0 0.30133333333333334 0.7417061611374408 0.02311111111111111 0.037914691943127965
0 0.29244444444444445 0.8009478672985783 0.02311111111111111 0.04265402843601896
0 0.3022222222222222 0.981042654028436 0.021333333333333333 0.037914691943127965
0 0.30666666666666664 0.5118483412322274 0.02666666666666667 0.0379146919431281
0 0.33244444444444443 0.39928909952606634 0.032 0.04265402843601896
1 0.24622222222222223 0.5 0.019555555555555555 0.026066350710900472
0 0.32711111111111113 0.3056872037914692 0.028444444444444446 0.037914691943127965
0 0.35288888888888886 0.30450236966824645 0.030222222222222324 0.035545023696682464
