0 0.072 0.7535545023696683 0.02311111111111111 0.04028436018957346
1 0.29244444444444445 0.7535545023696683 0.04088888888888889 0.05687203791469194
1 0.26844444444444443 0.47985781990521326 0.10311111111111111 0.11137440758293839
1 0.7315555555555555 0.7902843601895735 0.08888888888888889 0.13033175355450238
0 0.608 0.2618483412322275 0.09422222222222222 0.12796208530805686
1 0.264 0.052132701421800945 0.11377777777777778 0.13033175355450238
1 0.08888888888888889 0.3815165876777251 0.035555555555555556 0.06872037914691943
1 0.064 0.6682464454976303 0.04088888888888889 0.052132701421800945
1 0.352 0.8281990521327014 0.05511111111111111 0.06635071090047394
1 0.5217777777777778 0.5604265402843602 0.08711111111111111 0.13507109004739323
1 0.11644444444444445 0.02843601895734597 0.037333333333333336 0.045023696682464455
1 0.49866666666666665 0.3400473933649289 0.09955555555555555 0.1066350710900474
1 0.624 0.8969194312796208 0.09955555555555555 0.08767772511848342
0 0.20977777777777779 0.6990521327014217 0.02311111111111111 0.037914691943127965
0 0.18755555555555556 0.6421800947867299 0.024888888888888887 0.02843601895734597
0 0.16533333333333333 0.48459715639810425 0.048 0.07345971563981042
0 0.13422222222222221 0.2725118483412322 0.019555555555555555 0.04028436018957353
0 0.20622222222222222 0.9739336492890995 0.02311111111111111 0.04028436018957346
0 0.168 0.8376777251184834 0.02666666666666667 0.04028436018957346
