0 0.22044444444444444 0.6895734597156398 0.024888888888888887 0.054502369668246446
0 0.5351111111111111 0.3009478672985782 0.024888888888888887 0.04265402843601896
0 0.8035555555555556 0.14099526066350712 0.019555555555555555 0.02843601895734594
0 0.9902222222222222 0.052132701421800945 0.019555555555555555 0.026066350710900472
1 0.6666666666666666 0.02014218009478673 0.030222222222222223 0.026066350710900472
1 0.43466666666666665 0.24289099526066352 0.05333333333333334 0.08530805687203792
1 0.224 0.22511848341232227 0.033777777777777775 0.04739336492890995
0 0.704 0.07109004739336493 0.024888888888888887 0.030805687203791468
0 0.4106666666666667 0.031990521327014215 0.024888888888888887 0.026066350710900483
0 0.24177777777777779 0.6255924170616114 0.044444444444444446 0.06398104265402843
1 0.07466666666666667 0.26303317535545023 0.035555555555555556 0.04265402843601896
0 0.9137777777777778 0.8649289099526066 0.030222222222222223 0.04976303317535545
0 0.6275555555555555 0.5450236966824644 0.06222222222222222 0.08056872037914706
0 0.6675555555555556 0.19312796208530805 0.032 0.035545023696682464
1 0.9031111111111111 0.2796208530805687 0.042666666666666665 0.07345971563981042
1 0.8835555555555555 0.06279620853080568 0.032 0.04265402843601896
0 0.18933333333333333 0.40639810426540285 0.044444444444444446 0.05924170616113744
1 0.1688888888888889 0.01066350710900474 0.02311111111111111 0.030805687203791468
0 0.45422222222222225 0.11018957345971564 0.030222222222222123 0.037914691943127965
1 0.25422222222222224 0.5722748815165877 0.04088888888888889 0.052132701421800945
1 0.9093333333333333 0.7606635071090048 0.08533333333333333 0.1066350710900474
0 0.8142222222222222 0.46208530805687204 0.051555555555555556 0.07109004739336493
0 0.22044444444444444 0.3447867298578199 0.03911111111111111 0.054502369668246446
0 0.12622222222222224 0.20023696682464456 0.02488888888888884 0.02843601895734597
0 0.9422222222222222 0.5260663507109005 0.037333333333333336 0.06398104265402843
0 0.9804444444444445 0.35545023696682465 0.04088888888888889 0.05687203791469194
0 0.904 0.2156398104265403 0.035555555555555556 0.04976303317535545
1 0.9386666666666666 0.18127962085308058 0.04622222222222222 0.07345971563981042
0 0.9102222222222223 0.0924170616113744 0.028444444444444446 0.026066350710900472
0 0.104 0.22511848341232227 0.021333333333333333 0.026066350710900472
0 0.7742222222222223 0.10545023696682465 0.02311111111111111 0.02843601895734597
0 0.9706666666666667 0.02843601895734597 0.017777777777777778 0.02843601895734597
1 0.4862222222222222 0.22630331753554503 0.03911111111111111 0.06398104265402843
0 0.7662222222222222 0.1552132701421801 0.028444444444444446 0.03317535545023697
0 0.7217777777777777 0.015402843601895734 0.02666666666666667 0.026066350710900472
1 0.7022222222222222 0.01066350710900474 0.028444444444444446 0.026066350710900472
1 0.019555555555555555 0.5675355450236966 0.048 0.06398104265402857
0 0.6462222222222223 0.03317535545023697 0.021333333333333333 0.028436018957345963
1 0.029333333333333333 0.7535545023696683 0.032 0.061611374407582936
1 0.1991111111111111 0.5687203791469194 0.028444444444444446 0.06398104265402843
0 0.2222222222222222 0.976303317535545 0.05688888888888889 0.0971563981042654
1 0.016888888888888887 0.8850710900473934 0.032 0.05924170616113744
1 0.07466666666666667 0.3305687203791469 0.05333333333333334 0.061611374407582936
