0 0.11466666666666667 0.5758293838862559 0.04088888888888889 0.052132701421800945
0 0.17333333333333334 0.6954976303317536 0.05333333333333334 0.05924170616113744
0 0.6515555555555556 0.42890995260663506 0.033777777777777775 0.035545023696682464
0 0.7644444444444445 0.3447867298578199 0.032 0.04739336492890995
0 0.4026666666666667 0.1943127962085308 0.042666666666666665 0.04739336492890995
0 0.6355555555555555 0.5604265402843602 0.044444444444444446 0.07582938388625579
1 0.46044444444444443 0.7488151658767772 0.05688888888888889 0.11611374407582939
0 0.5653333333333334 0.36018957345971564 0.049777777777777775 0.06635071090047394
0 0.632 0.3684834123222749 0.037333333333333336 0.023696682464454975
0 0.08355555555555555 0.27488151658767773 0.044444444444444446 0.054502369668246446
0 0.6213333333333333 0.7606635071090048 0.08888888888888889 0.11137440758293839
