0 0.18933333333333333 0.9514218009478673 0.024888888888888887 0.04976303317535545
0 0.19111111111111112 0.8483412322274881 0.019555555555555555 0.030805687203791468
0 0.18044444444444444 0.70260663507109 0.019555555555555555 0.03317535545023697
0 0.25066666666666665 0.5710900473933649 0.021333333333333333 0.028436018957346106
0 0.15733333333333333 0.830568720379147 0.017777777777777778 0.026066350710900472
1 0.9751111111111112 0.2962085308056872 0.10488888888888889 0.18009478672985782
0 0.9902222222222222 0.027251184834123223 0.044444444444444446 0.07819905213270142
0 0.7671111111111111 0.19312796208530805 0.06933333333333333 0.08056872037914692
1 0.10311111111111111 0.17298578199052134 0.024888888888888887 0.035545023696682464
1 0.11644444444444445 0.20497630331753555 0.019555555555555555 0.030805687203791468
0 0.6924444444444444 0.3909952606635071 0.064 0.0947867298578199
1 0.37422222222222223 0.8293838862559242 0.04622222222222222 0.08767772511848342
0 0.21333333333333335 0.20023696682464456 0.017777777777777726 0.02843601895734597
0 0.9004444444444445 0.6196682464454977 0.033777777777777775 0.04028436018957346
0 0.7386666666666667 0.556872037914692 0.033777777777777775 0.04265402843601896
0 0.6053333333333333 0.7997630331753555 0.06933333333333354 0.0924170616113744
0 0.432 0.9561611374407583 0.04088888888888889 0.07582938388625593
1 0.4693333333333333 0.6658767772511849 0.05333333333333334 0.052132701421800945
0 0.6062222222222222 0.5841232227488151 0.058666666666666666 0.061611374407583075
0 0.552 0.3353080568720379 0.048 0.052132701421800945
0 0.49866666666666665 0.3909952606635071 0.042666666666666665 0.05924170616113744
1 0.41688888888888886 0.13033175355450238 0.051555555555555556 0.0616113744075829
0 0.4568888888888889 0.10308056872037914 0.03911111111111111 0.05924170616113744
0 0.5395555555555556 0.01066350710900474 0.028444444444444446 0.030805687203791468
0 0.3831111111111111 0.005924170616113744 0.02666666666666667 0.035545023696682464
0 0.3244444444444444 0.12440758293838862 0.035555555555555556 0.04265402843601896
0 0.24444444444444444 0.07819905213270142 0.024888888888888887 0.023696682464454975
0 0.21155555555555555 0.15876777251184834 0.019555555555555555 0.02843601895734597
0 0.24533333333333332 0.21800947867298578 0.02311111111111111 0.030805687203791468
0 0.2826666666666667 0.45023696682464454 0.030222222222222223 0.037914691943127965
0 0.3244444444444444 0.49170616113744076 0.028444444444444446 0.037914691943127965
0 0.3857777777777778 0.5284360189573459 0.049777777777777775 0.07582938388625605
0 0.37777777777777777 0.6658767772511849 0.037333333333333336 0.03317535545023697
0 0.29155555555555557 0.6516587677725119 0.021333333333333333 0.02843601895734597
0 0.08266666666666667 0.9454976303317536 0.021333333333333333 0.035545023696682464
1 0.22933333333333333 0.8199052132701422 0.032 0.06872037914691943
0 0.2737777777777778 0.9561611374407583 0.024888888888888887 0.04739336492890995
0 0.15644444444444444 0.9845971563981043 0.028444444444444446 0.035545023696682464
1 0.12266666666666666 0.11255924170616113 0.030222222222222223 0.030805687203791468
1 0.12444444444444444 0.2571090047393365 0.035555555555555556 0.04739336492890989
1 0.16355555555555557 0.39454976303317535 0.028444444444444446 0.030805687203791468
0 0.10311111111111111 0.3495260663507109 0.019555555555555555 0.03317535545023697
0 0.048 0.31516587677725116 0.02311111111111111 0.035545023696682464
1 0.25066666666666665 0.36729857819905215 0.02311111111111111 0.04028436018957346
0 0.18577777777777776 0.7938388625592417 0.021333333333333385 0.035545023696682464
0 0.18844444444444444 0.8222748815165877 0.019555555555555555 0.023696682464454975
0 0.17066666666666666 0.7855450236966824 0.014222222222222223 0.03317535545023697
0 0.1928888888888889 0.6481042654028436 0.019555555555555555 0.02843601895734597
0 0.21066666666666667 0.5616113744075829 0.017777777777777778 0.030805687203791468
0 0.1902222222222222 0.5319905213270142 0.021333333333333385 0.03317535545023697
0 0.17333333333333334 0.5580568720379147 0.017777777777777778 0.028436018957346106
0 0.21688888888888888 0.46445497630331756 0.021333333333333333 0.02843601895734597
1 0.88 0.9834123222748815 0.08355555555555555 0.04028436018957346
