1 0.6524444444444445 0.8791469194312796 0.09066666666666667 0.1943127962085308
1 0.36977777777777776 0.42298578199052134 0.07822222222222222 0.08767772511848342
1 0.6951111111111111 0.4372037914691943 0.07644444444444444 0.13507109004739337
1 0.5617777777777778 0.2713270142180095 0.06933333333333333 0.1066350710900474
1 0.22311111111111112 0.6090047393364929 0.14044444444444446 0.18009478672985782
1 0.2942222222222222 0.22274881516587677 0.08 0.0995260663507109
1 0.41688888888888886 0.0995260663507109 0.032 0.05687203791469194
1 0.49777777777777776 0.1552132701421801 0.048 0.09004739336492891
1 0.7688888888888888 0.11848341232227488 0.035555555555555556 0.07109004739336493
1 0.4088888888888889 0.16350710900473933 0.03911111111111111 0.04976303317535545
0 0.8533333333333334 0.6907582938388626 0.035555555555555354 0.06872037914691943
0 0.9475555555555556 0.21208530805687204 0.04088888888888889 0.05924170616113744
0 0.536 0.0995260663507109 0.042666666666666665 0.05687203791469194
0 0.45155555555555554 0.3637440758293839 0.049777777777777775 0.06872037914691943
1 0.48533333333333334 0.466824644549763 0.07644444444444444 0.10900473933649289
1 0.42844444444444446 0.6635071090047393 0.07644444444444444 0.13033175355450238
1 0.368 0.9786729857819905 0.112 0.12322274881516587
1 0.4693333333333333 0.07464454976303317 0.05333333333333334 0.08530805687203794
1 0.5173333333333333 0.8447867298578199 0.09955555555555555 0.12559241706161137
1 0.24977777777777777 0.8436018957345972 0.13155555555555556 0.20616113744075829
