0 0.7777777777777778 0.273696682464455 0.037333333333333336 0.04739336492890989
0 0.6622222222222223 0.3127962085308057 0.048 0.061611374407582936
1 0.6808888888888889 0.5011848341232228 0.10844444444444444 0.13507109004739323
1 0.4577777777777778 0.5023696682464455 0.10488888888888889 0.14218009478672985
0 0.8933333333333333 0.38981042654028436 0.030222222222222223 0.02843601895734597
0 0.88 0.6824644549763034 0.042666666666666665 0.04976303317535545
0 0.9111111111111111 0.8329383886255924 0.04622222222222222 0.07109004739336493
0 0.9697777777777777 0.759478672985782 0.035555555555555556 0.05687203791469194
0 0.8817777777777778 0.283175355450237 0.02666666666666667 0.035545023696682464
0 0.5262222222222223 0.0462085308056872 0.042666666666666665 0.05687203791469194
0 0.48 0.1386255924170616 0.042666666666666665 0.05450236966824648
0 0.5706666666666667 0.5876777251184834 0.048 0.07345971563981056
0 0.816 0.3921800947867299 0.04088888888888909 0.054502369668246446
0 0.8595555555555555 0.3684834123222749 0.033777777777777775 0.04028436018957346
0 0.9377777777777778 0.3803317535545024 0.028444444444444446 0.035545023696682464
0 0.512 0.8151658767772512 0.060444444444444446 0.08767772511848342
0 0.012444444444444444 0.3471563981042654 0.05688888888888889 0.07345971563981042
1 0.6124444444444445 0.6516587677725119 0.08533333333333333 0.11374407582938388
0 0.8008888888888889 0.26421800947867297 0.028444444444444446 0.04739336492891002
0 0.5928888888888889 0.39691943127962087 0.03911111111111111 0.061611374407582936
0 0.18222222222222223 0.3009478672985782 0.058666666666666666 0.05687203791469194
0 0.5031111111111111 0.4075829383886256 0.05511111111111111 0.08056872037914692
0 0.7244444444444444 0.5699052132701422 0.042666666666666665 0.05924170616113744
0 0.17422222222222222 0.06872037914691943 0.048 0.05687203791469194
0 0.021333333333333333 0.8364928909952607 0.09066666666666667 0.1018957345971564
