0 0.8462222222222222 0.8601895734597157 0.04088888888888889 0.054502369668246446
1 0.044444444444444446 0.669431279620853 0.10311111111111111 0.12559241706161137
0 0.09422222222222222 0.22748815165876776 0.05333333333333334 0.04739336492890995
0 0.16622222222222222 0.35308056872037913 0.08533333333333333 0.0924170616113744
0 0.7831111111111111 0.2677725118483412 0.03911111111111111 0.045023696682464455
0 0.4657777777777778 0.8270142180094787 0.049777777777777775 0.07582938388625593
0 0.32711111111111113 0.7037914691943128 0.058666666666666666 0.07109004739336493
0 0.013333333333333334 0.2938388625592417 0.04622222222222222 0.045023696682464386
0 0.30666666666666664 0.09834123222748815 0.033777777777777775 0.05687203791469194
0 0.5804444444444444 0.052132701421800945 0.028444444444444446 0.04028436018957346
0 0.68 0.13981042654028436 0.035555555555555556 0.045023696682464455
0 0.7288888888888889 0.16587677725118483 0.05511111111111111 0.06398104265402843
0 0.7715555555555556 0.23104265402843602 0.033777777777777775 0.054502369668246446
0 0.7422222222222222 0.20853080568720378 0.024888888888888887 0.02132701421800948
0 0.8124444444444444 0.28080568720379145 0.04088888888888889 0.037914691943127965
0 0.13066666666666665 0.18246445497630331 0.07466666666666671 0.0924170616113744
0 0.016 0.3767772511848341 0.05333333333333334 0.08293838862559241
0 0.9066666666666666 0.9691943127962085 0.06222222222222222 0.06635071090047394
0 0.8542222222222222 0.2938388625592417 0.032 0.05687203791469201
0 0.792 0.495260663507109 0.051555555555555556 0.07819905213270142
0 0.7848888888888889 0.7334123222748815 0.06933333333333333 0.054502369668246446
0 0.6888888888888889 0.8874407582938388 0.064 0.07109004739336493
0 0.6506666666666666 0.783175355450237 0.05333333333333354 0.04976303317535545
