1 0.581081081081081 0.9135399673735726 0.0933660933660935 0.11419249592169657
1 0.6007371007371007 0.7879282218597063 0.09828009828009827 0.12071778140293637
1 0.9926289926289926 0.8711256117455138 0.06142506142506143 0.12398042414355628
1 0.8022113022113022 0.43066884176182707 0.085995085995086 0.09787928221859707
1 0.8194103194103194 0.3442088091353997 0.09828009828009827 0.09461663947797716
1 0.8771498771498771 0.24796084828711257 0.12776412776412777 0.1598694942903752
1 0.3894348894348894 0.31484502446982054 0.06388206388206388 0.07830342577487764
1 0.2764127764127764 0.6264274061990212 0.04914004914004914 0.07830342577487746
1 0.6818181818181818 0.5889070146818923 0.08108108108108109 0.10440456769983687
1 0.6412776412776413 0.6786296900489397 0.085995085995086 0.11092985318107648
1 0.7469287469287469 0.5024469820554649 0.09336609336609336 0.11092985318107668
1 0.22235872235872237 0.6574225122349103 0.05896805896805897 0.06851549755301777
