1 0.1288888888888889 0.25118483412322273 0.033777777777777775 0.054502369668246446
1 0.07733333333333334 0.1552132701421801 0.06577777777777778 0.09004739336492891
1 0.68 0.7239336492890995 0.11022222222222222 0.12559241706161137
1 0.4186666666666667 0.966824644549763 0.07822222222222222 0.11137440758293839
1 0.8026666666666666 0.6623222748815166 0.14044444444444446 0.17535545023696683
1 0.5715555555555556 0.43009478672985785 0.13333333333333333 0.16113744075829384
1 0.6515555555555556 0.580568720379147 0.12266666666666666 0.18009478672985768
1 0.09155555555555556 0.30450236966824645 0.07111111111111111 0.06635071090047394
1 0.47644444444444445 0.8293838862559242 0.128 0.17772511848341233
1 0.5448888888888889 0.5639810426540285 0.12088888888888889 0.1635071090047392
