1 0.6191646191646192 0.6166394779771615 0.10565110565110565 0.17944535073409462
1 0.32923832923832924 0.6182707993474714 0.08845208845208845 0.17618270799347452
1 0.036855036855036855 0.17944535073409462 0.12039312039312039 0.21533442088091354
1 0.585995085995086 0.03915171288743882 0.05405405405405406 0.1631321370309951
1 0.6031941031941032 0.3034257748776509 0.06633906633906633 0.13376835236541598
1 0.5540540540540541 0.45840130505709625 0.14250614250614252 0.1468189233278956
1 0.5675675675675675 0.7422512234910277 0.11056511056511056 0.14355628058727588
1 0.8206388206388207 0.8907014681892332 0.08845208845208845 0.1370309951060359
1 0.6412776412776413 0.8564437194127243 0.12530712530712532 0.17944535073409462
1 0.5724815724815725 0.9820554649265906 0.10073710073710074 0.07177814029363784
