1 0.288 0.6907582938388626 0.11733333333333333 0.11137440758293839
1 0.5964444444444444 0.590047393364929 0.07111111111111111 0.07819905213270129
1 0.7724444444444445 0.7559241706161137 0.028444444444444446 0.04265402843601896
1 0.7502222222222222 0.41113744075829384 0.04622222222222222 0.06635071090047394
1 0.8044444444444444 0.3684834123222749 0.03911111111111111 0.04739336492890995
1 0.7608888888888888 0.03317535545023697 0.06044444444444465 0.11611374407582939
1 0.8195555555555556 0.9348341232227488 0.028444444444444446 0.02843601895734597
1 0.40444444444444444 0.1990521327014218 0.16355555555555557 0.2132701421800948
1 0.7262222222222222 0.259478672985782 0.11022222222222222 0.13270142180094788
1 0.8506666666666667 0.30924170616113744 0.024888888888888887 0.037914691943127965
