1 0.5288888888888889 0.9454976303317536 0.07111111111111111 0.1066350710900474
1 0.37955555555555553 0.26540284360189575 0.12266666666666666 0.16587677725118477
1 0.56 0.6030805687203792 0.11377777777777758 0.1587677725118482
1 0.6053333333333333 0.7819905213270142 0.08177777777777798 0.0995260663507109
1 0.6773333333333333 0.8530805687203792 0.05333333333333334 0.08056872037914692
1 0.7768888888888889 0.8874407582938388 0.064 0.0971563981042654
1 0.8017777777777778 0.30450236966824645 0.05511111111111111 0.06872037914691943
1 0.8835555555555555 0.25118483412322273 0.058666666666666666 0.06398104265402843
1 0.6862222222222222 0.1362559241706161 0.060444444444444446 0.07582938388625596
1 0.7804444444444445 0.0035545023696682463 0.044444444444444245 0.035545023696682464
1 0.13955555555555554 0.013033175355450236 0.06755555555555555 0.07345971563981042
1 0.7564444444444445 0.3471563981042654 0.044444444444444446 0.035545023696682464
0 0.8115555555555556 0.21682464454976302 0.032 0.04739336492890995
0 0.9413333333333334 0.4466824644549763 0.028444444444444446 0.04739336492890995
0 0.96 0.3684834123222749 0.017777777777777778 0.037914691943127965
