1 0.9404444444444444 0.4099526066350711 0.035555555555555556 0.04028436018957346
1 0.3342222222222222 0.8483412322274881 0.06755555555555555 0.11137440758293839
0 0.6951111111111111 0.48578199052132703 0.044444444444444446 0.061611374407582936
0 0.14755555555555555 0.5675355450236966 0.05333333333333334 0.06398104265402857
0 0.224 0.2334123222748815 0.030222222222222223 0.037914691943127965
0 0.38755555555555554 0.1943127962085308 0.024888888888888887 0.026066350710900472
1 0.1768888888888889 0.36492890995260663 0.06755555555555555 0.08767772511848342
0 0.2328888888888889 0.6623222748815166 0.048 0.07345971563981042
1 0.9422222222222222 0.5545023696682464 0.03911111111111111 0.059241706161137574
1 0.4648888888888889 0.7808056872037915 0.07466666666666667 0.11137440758293839
0 0.7697777777777778 0.5497630331753555 0.042666666666666665 0.04739336492890995
0 0.32 0.08530805687203792 0.021333333333333333 0.03317535545023697
0 0.7484444444444445 0.7725118483412322 0.06222222222222222 0.0924170616113744
0 0.864 0.3791469194312796 0.035555555555555556 0.04739336492890995
0 0.616 0.26421800947867297 0.04622222222222222 0.05924170616113751
0 0.5813333333333334 0.3637440758293839 0.051555555555555556 0.06398104265402843
0 0.5164444444444445 0.34834123222748814 0.03911111111111111 0.04739336492890995
0 0.608 0.16824644549763032 0.024888888888888887 0.02843601895734597
0 0.5688888888888889 0.20023696682464456 0.028444444444444446 0.04265402843601896
0 0.5413333333333333 0.25829383886255924 0.02666666666666667 0.03317535545023697
0 0.48444444444444446 0.24289099526066352 0.019555555555555555 0.026066350710900472
0 0.47733333333333333 0.2665876777251185 0.028444444444444446 0.03317535545023697
0 0.4151111111111111 0.42298578199052134 0.07111111111111111 0.07345971563981042
0 0.1831111111111111 0.4466824644549763 0.02666666666666667 0.03317535545023697
0 0.39022222222222225 0.22867298578199052 0.019555555555555455 0.03317535545023697
0 0.47644444444444445 0.12440758293838862 0.019555555555555555 0.026066350710900472
0 0.5111111111111111 0.1457345971563981 0.02311111111111111 0.030805687203791468
0 0.42933333333333334 0.0924170616113744 0.017777777777777778 0.035545023696682464
0 0.42844444444444446 0.06279620853080568 0.021333333333333333 0.02132701421800948
0 0.41333333333333333 0.037914691943127965 0.024888888888888887 0.02132701421800948
0 0.7262222222222222 0.6409952606635071 0.05511111111111111 0.054502369668246446
0 0.4497777777777778 0.022511848341232227 0.019555555555555555 0.02843601895734597
