0 0.6791111111111111 0.533175355450237 0.032 0.045023696682464455
0 0.5626666666666666 0.058056872037914695 0.048 0.054502369668246446
1 0.7253333333333334 0.5379146919431279 0.03911111111111091 0.06398104265402857
1 0.6328888888888888 0.39454976303317535 0.0480000000000002 0.08767772511848342
0 0.7911111111111111 0.005924170616113744 0.037333333333333336 0.04265402843601896
0 0.752 0.11374407582938388 0.03911111111111111 0.054502369668246446
0 0.8373333333333334 0.20734597156398105 0.048 0.054502369668246446
0 0.7022222222222222 0.5450236966824644 0.02666666666666667 0.04739336492891009
0 0.5822222222222222 0.31990521327014215 0.042666666666666665 0.08293838862559241
0 0.9431111111111111 0.75 0.049777777777777775 0.04028436018957346
1 0.8026666666666666 0.36729857819905215 0.08711111111111111 0.11137440758293839
0 0.5173333333333333 0.026066350710900472 0.037333333333333336 0.045023696682464455
0 0.8782222222222222 0.3104265402843602 0.042666666666666665 0.05687203791469194
