0 0.021333333333333333 0.46445497630331756 0.048 0.07109004739336493
0 0.6062222222222222 0.17772511848341233 0.07644444444444444 0.0924170616113744
0 0.8142222222222222 0.01066350710900474 0.07288888888888889 0.04028436018957346
0 0.042666666666666665 0.037914691943127965 0.12622222222222224 0.16587677725118483
0 0.23822222222222222 0.37796208530805686 0.06755555555555555 0.09004739336492891
0 0.21244444444444444 0.28199052132701424 0.048 0.028436018957345904
0 0.08355555555555555 0.3744075829383886 0.037333333333333336 0.04028436018957346
0 0.009777777777777778 0.4004739336492891 0.021333333333333333 0.03317535545023697
0 0.058666666666666666 0.4158767772511848 0.07644444444444444 0.06398104265402843
0 0.07822222222222222 0.6409952606635071 0.08 0.06398104265402843
0 0.08711111111111111 0.3175355450236967 0.058666666666666666 0.08293838862559241
0 0.27111111111111114 0.3033175355450237 0.044444444444444446 0.037914691943127965
0 0.304 0.3566350710900474 0.05688888888888889 0.06872037914691943
0 0.32622222222222225 0.3175355450236967 0.024888888888888887 0.035545023696682464
0 0.10933333333333334 0.20734597156398105 0.035555555555555556 0.02843601895734597
0 0.06311111111111112 0.3744075829383886 0.028444444444444418 0.026066350710900472
0 0.008888888888888889 0.3578199052132701 0.05511111111111111 0.04976303317535545
0 0.184 0.8554502369668247 0.04088888888888889 0.054502369668246446
0 0.744 0.22274881516587677 0.024888888888888887 0.04739336492890995
0 0.8631111111111112 0.22511848341232227 0.042666666666666464 0.04028436018957346
0 0.7244444444444444 0.06279620853080568 0.05511111111111111 0.09004739336492891
0 0.9653333333333334 0.016587677725118485 0.07111111111111111 0.054502369668246446
0 0.08355555555555555 0.16350710900473933 0.03911111111111111 0.07345971563981042
0 0.42133333333333334 0.1018957345971564 0.11022222222222222 0.1848341232227488
0 0.12977777777777777 0.3495260663507109 0.051555555555555556 0.04265402843601896
