0 0.7722433460982581 0.9708491761723701 0.06273764258555133 0.08871989860583017
0 0.4205323194822884 0.2965779467680608 0.055133079847908745 0.07604562737642592
0 0.6857414449575736 0.8859315589353612 0.07034220532319392 0.08871989860583017
0 0.21520912556593863 0.45627376425855515 0.03231939163498099 0.03802281368821293
0 0.5070342206229729 0.5031685678073511 0.06653992395437262 0.07351077313054499
0 0.3055133080754443 0.24334600760456274 0.0779467680608365 0.10139416983523447
0 0.651520912638182 0.8314321926489227 0.051330798479087454 0.05576679340937896
0 0.4519011407750641 0.5779467680608364 0.058935361216730035 0.08111533586818773
0 0.58688212936822 0.6983523447401775 0.06463878326996197 0.07858048162230671
0 0.29410646396898044 0.4790874524714829 0.051330798479087454 0.06590621039290241
0 0.5422053232845698 0.5982256020278834 0.049429657794676805 0.05830164765525968
0 0.5982889734746839 0.8986058301647655 0.03231939163498099 0.048162230671736375
0 0.5526615970488283 0.8212927756653993 0.049429657794676805 0.06590621039290241
0 0.4728136883035812 0.3916349809885932 0.06653992395437262 0.08618504435994931
0 0.5003802282275356 0.9201520912547528 0.028517110266159697 0.045627376425855515
0 0.5792775666305774 0.8415716096324461 0.026615969581749048 0.060836501901140684
0 0.5146387833606154 0.6172370088719898 0.053231939163498096 0.07604562737642585
0 0.35494296587012114 0.5171102661596958 0.07034220532319392 0.07351077313054499
0 0.4300380229043417 0.12420785804816223 0.06463878326996197 0.07858048162230671
0 0.5412547529423645 0.9885931558935361 0.045627376425855515 0.05576679340937896
