0 0.5048888888888889 0.773696682464455 0.06222222222222202 0.05687203791469194
0 0.21066666666666667 0.3542654028436019 0.06755555555555555 0.06398104265402843
0 0.3413333333333333 0.7843601895734598 0.051555555555555556 0.06635071090047394
0 0.3626666666666667 0.6872037914691943 0.04977777777777768 0.061611374407582936
1 0.6515555555555556 0.4052132701421801 0.033777777777777775 0.04976303317535545
0 0.7164444444444444 0.5616113744075829 0.05333333333333334 0.06635071090047394
0 0.9431111111111111 0.6374407582938388 0.06577777777777778 0.06398104265402843
0 0.47644444444444445 0.02014218009478673 0.049777777777777775 0.06398104265402843
0 0.6 0.2014218009478673 0.03911111111111111 0.05687203791469194
0 0.4471111111111111 0.23104265402843602 0.04622222222222222 0.07345971563981042
0 0.368 0.5177725118483413 0.028444444444444446 0.04976303317535558
0 0.2613333333333333 0.3246445497630332 0.04266666666666677 0.05924170616113744
0 0.3164444444444444 0.04028436018957346 0.03377777777777788 0.037914691943127965
0 0.7982222222222223 0.12085308056872038 0.04622222222222202 0.061611374407582936
0 0.6266666666666667 0.07227488151658767 0.051555555555555556 0.06398104265402843
0 0.368 0.4727488151658768 0.024888888888888887 0.030805687203791468
0 0.37155555555555553 0.18601895734597157 0.037333333333333434 0.04739336492890995
0 0.6817777777777778 0.43838862559241704 0.049777777777777775 0.052132701421800945
0 0.9937777777777778 0.1018957345971564 0.033777777777777775 0.054502369668246446
0 0.6622222222222223 0.027251184834123223 0.033777777777777775 0.04028436018957346
0 0.592 0.0462085308056872 0.03911111111111111 0.052132701421800945
0 0.6 0.15639810426540285 0.030222222222222223 0.052132701421800945
0 0.5733333333333334 0.2132701421800948 0.021333333333333333 0.02843601895734597
0 0.4871111111111111 0.2890995260663507 0.064 0.07819905213270142
0 0.36444444444444446 0.42890995260663506 0.03911111111111111 0.05924170616113744
0 0.2853333333333333 0.2665876777251185 0.03911111111111111 0.04976303317535545
0 0.8675555555555555 0.20023696682464456 0.05688888888888889 0.07109004739336493
0 0.6044444444444445 0.2523696682464455 0.04622222222222222 0.071090047393365
0 0.38222222222222224 0.36729857819905215 0.058666666666666666 0.08530805687203792
0 0.7546666666666667 0.1066350710900474 0.04622222222222222 0.054502369668246446
0 0.6782222222222222 0.9739336492890995 0.0480000000000002 0.05687203791469194
0 0.7742222222222223 0.8341232227488151 0.028444444444444446 0.04028436018957346
0 0.45511111111111113 0.7381516587677726 0.07822222222222222 0.06872037914691943
0 0.45955555555555555 0.7855450236966824 0.048 0.037914691943127965
0 0.6871111111111111 0.6030805687203792 0.03911111111111111 0.07345971563981056
0 0.6906666666666667 0.5177725118483413 0.049777777777777775 0.07345971563981056
0 0.8053333333333333 0.5035545023696683 0.08 0.08056872037914692
1 0.7368888888888889 0.48104265402843605 0.049777777777777775 0.05687203791469194
0 0.6248888888888889 0.20023696682464456 0.019555555555555555 0.052132701421800945
