1 0.012444444444444444 0.8388625592417062 0.064 0.07109004739336493
0 0.6328888888888888 0.14691943127962084 0.06933333333333354 0.0734597156398104
0 0.37866666666666665 0.3613744075829384 0.058666666666666666 0.08530805687203792
0 0.5511111111111111 0.11492890995260663 0.06222222222222222 0.07819905213270142
0 0.5928888888888889 0.09004739336492891 0.06222222222222222 0.07345971563981042
0 0.64 0.013033175355450236 0.051555555555555556 0.04976303317535545
0 0.736 0.052132701421800945 0.035555555555555556 0.023696682464454975
0 0.7146666666666667 0.07938388625592417 0.05688888888888889 0.04265402843601896
0 0.4488888888888889 0.4206161137440758 0.037333333333333336 0.04739336492890995
0 0.4577777777777778 0.14691943127962084 0.058666666666666666 0.07109004739336497
0 0.8168888888888889 0.3305687203791469 0.08533333333333333 0.0995260663507109
0 0.7564444444444445 0.6161137440758294 0.09777777777777778 0.13033175355450238
0 0.6604444444444444 0.7819905213270142 0.07644444444444465 0.061611374407582936
0 0.6542222222222223 0.7203791469194313 0.08 0.08530805687203792
0 0.48444444444444446 0.6469194312796208 0.05688888888888889 0.06872037914691943
0 0.8542222222222222 0.6646919431279621 0.096 0.0971563981042654
0 0.3973333333333333 0.29265402843601895 0.04088888888888889 0.05924170616113744
0 0.6808888888888889 0.27014218009478674 0.07466666666666667 0.08767772511848342
0 0.5555555555555556 0.8495260663507109 0.08355555555555555 0.0971563981042654
0 0.4613333333333333 0.7784360189573459 0.06577777777777778 0.07819905213270142
0 0.31733333333333336 0.7902843601895735 0.05511111111111111 0.06872037914691943
0 0.16622222222222222 0.9407582938388626 0.02666666666666667 0.03317535545023697
0 0.7368888888888889 0.12085308056872038 0.064 0.07582938388625593
0 0.8551111111111112 0.09834123222748815 0.07822222222222222 0.07819905213270142
0 0.9297777777777778 0.14691943127962084 0.06933333333333333 0.0663507109004739
0 0.8773333333333333 0.22511848341232227 0.06222222222222222 0.0995260663507109
0 0.9546666666666667 0.5165876777251185 0.11022222222222222 0.11374407582938388
0 0.9875555555555555 0.4549763033175355 0.042666666666666665 0.07582938388625593
0 0.7733333333333333 0.2571090047393365 0.07822222222222222 0.09241706161137447
0 0.7546666666666667 0.1895734597156398 0.07111111111111111 0.08767772511848342
0 0.7066666666666667 0.19549763033175355 0.07288888888888889 0.0947867298578199
0 0.6373333333333333 0.23933649289099526 0.05511111111111111 0.06872037914691943
0 0.5946666666666667 0.28080568720379145 0.07466666666666667 0.0947867298578199
0 0.9004444444444445 0.7203791469194313 0.07822222222222222 0.08293838862559241
0 0.8248888888888889 0.792654028436019 0.058666666666666666 0.08767772511848342
0 0.7768888888888889 0.8151658767772512 0.08355555555555555 0.1066350710900474
0 0.6328888888888888 0.8199052132701422 0.05511111111111131 0.05924170616113744
0 0.5208888888888888 0.7274881516587678 0.051555555555555556 0.06872037914691943
0 0.3626666666666667 0.6303317535545023 0.06933333333333323 0.07109004739336493
0 0.328 0.6682464454976303 0.05333333333333334 0.07345971563981042
0 0.37066666666666664 0.7677725118483413 0.06222222222222222 0.05924170616113744
0 0.29155555555555557 0.7120853080568721 0.04622222222222222 0.06635071090047394
0 0.384 0.9490521327014217 0.04088888888888889 0.06872037914691943
0 0.26755555555555555 0.8827014218009479 0.058666666666666666 0.061611374407582936
0 0.22577777777777777 0.9229857819905213 0.04088888888888889 0.04028436018957346
0 0.19822222222222222 0.9135071090047393 0.032 0.04739336492890995
0 0.12 0.933649289099526 0.05333333333333334 0.061611374407582936
0 0.18044444444444444 0.8270142180094787 0.032 0.04976303317535545
0 0.15555555555555556 0.7535545023696683 0.028444444444444446 0.035545023696682464
0 0.09866666666666667 0.6575829383886256 0.05333333333333334 0.06872037914691943
0 0.7555555555555555 0.9182464454976303 0.07466666666666667 0.08767772511848342
