1 0.6161764705882353 0.4725490196078431 0.05 0.06666666666666667
1 0.35294117647058826 0.7196078431372549 0.06176470588235303 0.08627450980392157
1 0.47205882352941175 0.8647058823529412 0.047058823529411764 0.07450980392156863
1 0.7485294117647059 0.4411764705882353 0.052941176470588235 0.06666666666666667
1 0.21911764705882353 0.5980392156862745 0.061764705882352944 0.08627450980392157
1 0.13676470588235295 0.8294117647058824 0.041176470588235335 0.07058823529411765
1 0.36617647058823527 0.6254901960784314 0.05294117647058832 0.06666666666666667
1 0.5514705882352942 0.6588235294117647 0.05 0.058823529411764705
1 0.525 0.7235294117647059 0.047058823529411764 0.06274509803921569
1 0.5147058823529411 0.796078431372549 0.0529411764705884 0.07058823529411765
1 0.16323529411764706 0.9647058823529412 0.052941176470588235 0.058823529411764705
1 0.6970588235294117 0.08431372549019608 0.03529411764705882 0.07450980392156863
