0 0.5786666666666667 0.26895734597156395 0.06577777777777778 0.08530805687203785
0 0.8 0.48933649289099523 0.06222222222222222 0.11374407582938388
0 0.7751111111111111 0.6658767772511849 0.064 0.10900473933649289
0 0.6417777777777778 0.5438388625592417 0.060444444444444446 0.11611374407582951
0 0.5973333333333334 0.5272511848341233 0.048 0.08530805687203792
0 0.544 0.4372037914691943 0.06222222222222222 0.1018957345971564
0 0.5937777777777777 0.3767772511848341 0.06933333333333333 0.11374407582938388
0 0.8346666666666667 0.0509478672985782 0.10666666666666667 0.13507109004739337
0 0.9342222222222222 0.1362559241706161 0.10488888888888889 0.1492890995260663
0 0.6968888888888889 0.31990521327014215 0.05333333333333334 0.05687203791469194
0 0.7404444444444445 0.7772511848341233 0.05511111111111111 0.07345971563981042
0 0.648 0.4395734597156398 0.051555555555555556 0.07109004739336493
