0 0.664 0.10426540284360189 0.048 0.06635071090047394
0 0.864 0.7511848341232228 0.08355555555555555 0.11374407582938388
0 0.12088888888888889 0.6824644549763034 0.058666666666666666 0.045023696682464455
0 0.4444444444444444 0.5817535545023697 0.04622222222222222 0.07582938388625593
0 0.12355555555555556 0.5497630331753555 0.051555555555555556 0.05687203791469194
0 0.17066666666666666 0.490521327014218 0.05333333333333334 0.07582938388625593
0 0.20977777777777779 0.27606635071090047 0.05333333333333334 0.06635071090047394
0 0.028444444444444446 0.7109004739336493 0.064 0.06398104265402843
0 0.32711111111111113 0.2665876777251185 0.032 0.052132701421800945
0 0.9342222222222222 0.5497630331753555 0.035555555555555556 0.054502369668246446
0 0.25244444444444447 0.504739336492891 0.030222222222222123 0.06398104265402857
0 0.2897777777777778 0.12203791469194313 0.03911111111111111 0.07345971563981042
0 0.1688888888888889 0.6433649289099526 0.044444444444444446 0.04739336492890995
0 0.832 0.30924170616113744 0.06577777777777778 0.0947867298578199
0 0.5368888888888889 0.4490521327014218 0.06577777777777778 0.07109004739336493
0 0.208 0.6255924170616114 0.049777777777777775 0.061611374407582936
0 0.30044444444444446 0.18838862559241706 0.028444444444444446 0.045023696682464455
1 0.28888888888888886 0.027251184834123223 0.060444444444444544 0.08293838862559241
1 0.8764444444444445 0.8637440758293838 0.11377777777777778 0.13033175355450238
