0 0.6686311787978778 0.9226869455006337 0.049429657794676805 0.060836501901140684
0 0.45760456282829604 0.8669201520912547 0.055133079847908745 0.07351077313054499
0 0.9062737643492086 0.3485424588086185 0.058935361216730035 0.08618504435994931
0 0.003231939254151551 0.41191381495564006 0.04752851711026616 0.058301647655259824
0 0.4224334601666991 0.9074778200253485 0.051330798479087454 0.07351077313054499
0 0.11254752860776372 0.6223067173637515 0.060836501901140684 0.07097591888466427
0 0.2627376426762048 0.39543726235741444 0.053231939163498096 0.07858048162230671
0 0.033650190204721896 0.9074778200253485 0.06463878326996197 0.08618504435994931
0 0.622053232029817 0.20278833967046894 0.07224334600760456 0.09125475285171103
0 0.07547528526175612 0.5576679340937896 0.07224334600760456 0.09125475285171117
0 0.48707224343666106 0.4790874524714829 0.043726235741444866 0.06590621039290241
0 0.10209125484350516 0.49809885931558934 0.057034220532319393 0.06844106463878327
0 0.6610266160602352 0.9860583016476553 0.045627376425855515 0.05576679340937896
0 0.47186311796137587 0.5221799746514575 0.03802281368821293 0.05069708491761738
0 0.6819391635887523 0.060836501901140684 0.07224334600760456 0.11153358681875793
