1 0.39657282741738065 0.06035889070146819 0.03671970624235006 0.06199021207177814
1 0.3561811505507956 0.7748776508972267 0.0416156670746634 0.048939641109298535
1 0.3537331701346389 0.8955954323001631 0.044063647490820076 0.03262642740619902
1 0.605875152998776 0.8955954323001631 0.02692778457772338 0.04241435562805873
1 0.7380660954712362 0.8743882544861338 0.02937576499388005 0.05872756933115824
1 0.769889840881273 0.43066884176182707 0.02447980416156671 0.04567699836867863
1 0.9571603427172583 0.32300163132137033 0.02692778457772338 0.03588907014681892
1 0.5777233782129743 0.47471451876019577 0.03671970624234992 0.048939641109298535
1 0.2594859241126071 0.9363784665579119 0.03427172582619346 0.026101141924959218
1 0.028151774785801713 0.7846655791190864 0.03427172582619339 0.03588907014681911
1 0.11383108935128519 0.5791190864600326 0.03427172582619339 0.06525285481239804
1 0.587515299877601 0.12887438825448613 0.046511627906976744 0.06199021207177814
