1 0.5 0.22549019607843138 0.03823529411764706 0.0784313725490196
1 0.4823529411764706 0.31176470588235294 0.07058823529411765 0.08235294117647059
1 0.4441176470588235 0.46078431372549017 0.03529411764705882 0.07450980392156863
1 0.4102941176470588 0.08823529411764706 0.05588235294117647 0.06274509803921569
1 0.38823529411764707 0.7294117647058823 0.023529411764705882 0.06666666666666667
1 0.5397058823529411 0.10980392156862745 0.03529411764705882 0.054901960784313725
1 0.12794117647058822 0.013725490196078431 0.04411764705882353 0.03529411764705882
1 0.7955882352941176 0.515686274509804 0.05588235294117647 0.0392156862745098
1 0.3352941176470588 0.1607843137254902 0.050000000000000086 0.08627450980392157
1 0.40294117647058825 0.30196078431372547 0.029411764705882353 0.043137254901960784
1 0.3911764705882353 0.615686274509804 0.023529411764705882 0.06274509803921569
1 0.3558823529411765 0.8941176470588236 0.04411764705882353 0.07058823529411765
1 0.016176470588235296 0.011764705882352941 0.07941176470588235 0.03137254901960784
