1 0.3720588235294118 0.7431372549019608 0.020588235294117647 0.058823529411764705
1 0.11176470588235295 0.5372549019607843 0.023529411764705882 0.054901960784313725
1 0.8294117647058824 0.7450980392156863 0.041176470588235294 0.047058823529411764
1 0.638235294117647 0.5 0.03529411764705899 0.0392156862745098
1 0.29411764705882354 0.38823529411764707 0.04411764705882353 0.0392156862745098
1 0.23529411764705882 0.24901960784313726 0.041176470588235294 0.0392156862745098
1 0.538235294117647 0.4627450980392157 0.03823529411764706 0.043137254901960784
1 0.8397058823529412 0.5117647058823529 0.026470588235294117 0.058823529411764705
1 0.08676470588235294 0.3352941176470588 0.029411764705882353 0.054901960784313725
1 0.047058823529411764 0.5176470588235295 0.05 0.050980392156862744
1 0.3088235294117647 0.8411764705882353 0.026470588235294117 0.047058823529411764
1 0.25441176470588234 0.6215686274509804 0.029411764705882353 0.06666666666666667
1 0.3573529411764706 0.0803921568627451 0.041176470588235294 0.0392156862745098
1 0.11176470588235295 0.14901960784313725 0.058823529411764705 0.0392156862745098
1 0.3058823529411765 0.1568627450980392 0.03235294117647051 0.050980392156862744
1 0.9117647058823529 0.28431372549019607 0.041176470588235294 0.03529411764705882
1 0.47794117647058826 0.24313725490196078 0.04411764705882353 0.054901960784313725
