0 0.6764705882352942 0.7014925373134329 0.05042016806722689 0.07835820895522388
0 0.6708683473389355 0.9104477611940298 0.056022408963585596 0.07462686567164178
0 0.3739495798319328 0.5541044776119403 0.056022408963585436 0.08208955223880597
0 0.8473389355742297 0.3656716417910448 0.036414565826330535 0.055970149253731345
0 0.8627450980392157 0.5074626865671642 0.04201680672268908 0.06716417910447761
0 0.7549019607843137 0.5298507462686567 0.06442577030812324 0.07462686567164178
0 0.4579831932773109 0.47388059701492535 0.058823529411764705 0.07835820895522388
0 0.6414565826330533 0.7369402985074627 0.04761904761904746 0.07835820895522388
0 0.16526610644257703 0.9925373134328358 0.056022408963585436 0.05970149253731343
0 0.7128851540616247 0.5671641791044776 0.036414565826330535 0.03731343283582089
0 0.7100840336134454 0.5261194029850746 0.028011204481792718 0.05223880597014925
0 0.3445378151260504 0.8395522388059702 0.04481792717086835 0.05970149253731343
0 0.6680672268907563 0.09328358208955224 0.04201680672268923 0.06343283582089553
0 0.7478991596638656 0.12126865671641791 0.0392156862745098 0.05223880597014925
0 0.9033613445378151 0.9440298507462687 0.047619047619047616 0.07462686567164178
0 0.8109243697478992 0.5671641791044776 0.04481792717086835 0.06343283582089553
0 0.3025210084033613 0.7257462686567164 0.05042016806722697 0.0708955223880597
0 0.5840336134453782 0.6791044776119403 0.06162464985994398 0.08582089552238806
0 0.8291316526610645 0.7742537313432836 0.03361344537815126 0.055970149253731345
