0 0.5294117647058824 0.6753731343283582 0.03081232492997199 0.04477611940298507
0 0.49859943977591037 0.6865671641791045 0.04481792717086835 0.03731343283582089
0 0.438375350140056 0.6399253731343284 0.03361344537815126 0.05223880597014925
0 0.6498599439775911 0.707089552238806 0.036414565826330535 0.048507462686567165
0 0.9775910364145658 0.458955223880597 0.058823529411764705 0.04477611940298507
0 0.84593837535014 0.29850746268656714 0.028011204481792718 0.041044776119402986
0 0.9103641456582633 0.4253731343283582 0.03361344537815126 0.041044776119402986
0 0.7829131652661064 0.4141791044776119 0.04201680672268908 0.04477611940298507
0 0.7507002801120448 0.4906716417910448 0.04481792717086835 0.033582089552238806
0 0.6890756302521008 0.5074626865671642 0.0392156862745098 0.03731343283582089
0 0.7478991596638656 0.5485074626865671 0.047619047619047616 0.048507462686567165
0 0.6638655462184874 0.539179104477612 0.03361344537815126 0.048507462686567165
0 0.6176470588235294 0.5261194029850746 0.0392156862745098 0.03731343283582089
0 0.5672268907563025 0.5130597014925373 0.04481792717086835 0.041044776119402986
0 0.5672268907563025 0.6529850746268657 0.036414565826330535 0.05223880597014925
0 0.5462184873949579 0.6231343283582089 0.030812324929972146 0.041044776119402986
0 0.3557422969187675 0.7257462686567164 0.05042016806722689 0.05223880597014925
0 0.4061624649859944 0.8208955223880597 0.04201680672268908 0.048507462686567165
0 0.9747899159663865 0.6436567164179104 0.04481792717086835 0.06716417910447761
0 0.9775910364145658 0.373134328358209 0.03361344537815126 0.048507462686567165
0 0.896358543417367 0.39365671641791045 0.03361344537815126 0.03731343283582089
0 0.8613445378151261 0.44776119402985076 0.0392156862745098 0.04477611940298507
0 0.7647058823529411 0.3843283582089552 0.03081232492997199 0.041044776119402986
0 0.7633053221288515 0.4458955223880597 0.0392156862745098 0.048507462686567165
0 0.6932773109243697 0.43843283582089554 0.036414565826330535 0.03731343283582089
0 0.6862745098039216 0.47574626865671643 0.036414565826330535 0.029850746268656716
0 0.5378151260504201 0.5279850746268657 0.03081232492997199 0.05223880597014925
0 0.7142857142857143 0.8283582089552238 0.036414565826330535 0.05223880597014925
0 0.9803921568627451 0.5261194029850746 0.0392156862745098 0.06343283582089553
0 0.896358543417367 0.31902985074626866 0.028011204481792718 0.03731343283582089
0 0.8669467787114846 0.3675373134328358 0.036414565826330535 0.048507462686567165
0 0.7969187675070029 0.3824626865671642 0.022408963585434174 0.048507462686567165
0 0.7240896358543417 0.5895522388059702 0.036414565826330535 0.048507462686567165
0 0.6260504201680672 0.4626865671641791 0.05042016806722689 0.048507462686567165
0 0.6134453781512605 0.498134328358209 0.04761904761904746 0.03731343283582089
0 0.5462184873949579 0.5578358208955224 0.030812324929972146 0.03731343283582089
0 0.4943977591036415 0.5447761194029851 0.0392156862745098 0.048507462686567165
0 0.5028011204481793 0.6380597014925373 0.04201680672268908 0.05970149253731343
0 0.469187675070028 0.664179104477612 0.03361344537815126 0.041044776119402986
0 0.4481792717086835 0.7052238805970149 0.04201680672268908 0.055970149253731345
0 0.37675070028011204 0.6791044776119403 0.04201680672268908 0.029850746268656716
0 0.7829131652661064 0.6511194029850746 0.047619047619047616 0.05223880597014925
0 0.5658263305322129 0.6958955223880597 0.047619047619047616 0.05223880597014925
0 0.8473389355742297 0.32649253731343286 0.025210084033613446 0.048507462686567165
0 0.9201680672268907 0.3880597014925373 0.03361344537815126 0.041044776119402986
0 0.8179271708683473 0.43470149253731344 0.05042016806722689 0.033582089552238806
0 0.7240896358543417 0.47201492537313433 0.036414565826330535 0.033582089552238806
0 0.6582633053221288 0.4906716417910448 0.0392156862745098 0.055970149253731345
0 0.7983193277310925 0.5652985074626866 0.04201680672268908 0.06716417910447761
0 0.6890756302521008 0.5671641791044776 0.04201680672268908 0.04477611940298507
0 0.6638655462184874 0.4533582089552239 0.03361344537815126 0.055970149253731345
0 0.5826330532212886 0.48134328358208955 0.03361344537815126 0.04477611940298507
0 0.9817927170868347 0.43283582089552236 0.036414565826330535 0.03358208955223891
0 0.9019607843137255 0.46455223880597013 0.036414565826330535 0.041044776119402986
0 0.7296918767507002 0.42350746268656714 0.04201680672268908 0.04477611940298507
0 0.7619047619047619 0.5932835820895522 0.04481792717086835 0.055970149253731345
0 0.6932773109243697 0.621268656716418 0.04481792717086835 0.05970149253731343
0 0.5658263305322129 0.5410447761194029 0.036414565826330535 0.041044776119402986
0 0.40896358543417366 0.6735074626865671 0.04201680672268908 0.05223880597014925
0 0.3963585434173669 0.6361940298507462 0.0392156862745098 0.048507462686567165
0 0.38795518207282914 0.7052238805970149 0.028011204481792718 0.05223880597014925
0 0.742296918767507 0.8134328358208955 0.05322128851540616 0.055970149253731345
0 0.9327731092436975 0.333955223880597 0.047619047619047616 0.048507462686567165
0 0.8375350140056023 0.5167910447761194 0.04481792717086835 0.06716417910447761
0 0.5952380952380952 0.5186567164179104 0.03081232492997199 0.04477611940298507
0 0.4257703081232493 0.7518656716417911 0.03081232492997199 0.048507462686567165
0 0.47058823529411764 0.7593283582089553 0.0392156862745098 0.048507462686567374
0 0.4733893557422969 0.707089552238806 0.028011204481792718 0.041044776119402986
0 0.8137254901960784 0.34701492537313433 0.05042016806722689 0.03731343283582089
0 0.3795518207282913 0.7481343283582089 0.03361344537815126 0.041044776119402986
0 0.42436974789915966 0.6082089552238806 0.04201680672268908 0.033582089552238806
