1 0.740909090909091 0.14181818181818182 0.06181818181818161 0.08
1 0.6972727272727273 0.576969696969697 0.07272727272727272 0.0945454545454544
1 0.6909090909090909 0.4593939393939394 0.06727272727272728 0.08242424242424243
1 0.9554545454545454 0.2957575757575758 0.045454545454545456 0.09454545454545454
1 0.6663636363636364 0.2739393939393939 0.06909090909090909 0.10181818181818182
1 0.7172727272727273 0.8957575757575758 0.06363636363636363 0.08484848484848485
1 0.8436363636363636 0.7878787878787878 0.07090909090909091 0.06303030303030303
1 0.8527272727272728 0.3006060606060606 0.07272727272727272 0.06545454545454546
1 0.9790909090909091 0.7406060606060606 0.04363636363636364 0.08
1 0.769090909090909 0.8618181818181818 0.05818181818181818 0.05818181818181818
