0 0.8010076888516107 0.7783669141039237 0.027048528241845664 0.042417815482502653
0 0.7254309187641007 0.46553552492046657 0.02386634844868735 0.03817603393425239
0 0.7628215313337109 0.6744432661717922 0.027048528241845664 0.05090137857900318
0 0.6764705882352942 0.24067164179104478 0.03081232492997199 0.041044776119402986
0 0.7633053221288515 0.5466417910447762 0.03361344537815126 0.041044776119402986
0 0.7156862745098039 0.8880597014925373 0.04201680672268908 0.06343283582089553
0 0.7214531940226528 0.6532343584305408 0.028639618138424822 0.04029692470837752
0 0.3081232492997199 0.7574626865671642 0.04481792717086835 0.05223880597014925
0 0.3949579831932773 0.34888059701492535 0.05042016806722689 0.05223880597014925
0 0.41316526610644255 0.30783582089552236 0.036414565826330535 0.03358208955223891
0 0.8333333333333334 0.6455223880597015 0.04201680672268908 0.04477611940298507
0 0.8235294117647058 0.585820895522388 0.0392156862745098 0.048507462686567165
