1 0.05422794117647059 0.09313725490196079 0.1323529411764706 0.10049019607843138
1 0.39797794117647056 0.21691176470588236 0.05514705882352941 0.10294117647058823
1 0.11029411764705882 0.49754901960784315 0.07720588235294118 0.08333333333333333
1 0.24080882352941177 0.6593137254901961 0.07720588235294118 0.0784313725490196
1 0.4806985294117647 0.5747549019607843 0.06433823529411764 0.06617647058823543
1 0.4264705882352941 0.7316176470588235 0.06433823529411764 0.09068627450980392
1 0.10477941176470588 0.9129901960784313 0.08455882352941177 0.0784313725490196
1 0.6452205882352942 0.633578431372549 0.0625 0.04656862745098039
1 0.06801470588235294 0.37254901960784315 0.08639705882352941 0.0857843137254902
1 0.2711397058823529 0.4375 0.04044117647058824 0.06372549019607843
