1 0.6781818181818182 0.36727272727272725 0.07090909090909091 0.12363636363636364
1 0.85 0.6363636363636364 0.08363636363636363 0.10909090909090909
1 0.17272727272727273 0.16121212121212122 0.07454545454545454 0.12848484848484848
1 0.53 0.01090909090909091 0.09636363636363636 0.11151515151515151
1 0.769090909090909 0.9357575757575758 0.06181818181818182 0.08
1 0.20636363636363636 0.8 0.05818181818181818 0.04606060606060606
1 0.8090909090909091 0.5357575757575758 0.07272727272727272 0.0993939393939394
1 0.6745454545454546 0.5672727272727273 0.07090909090909091 0.08969696969696969
1 0.48363636363636364 0.5927272727272728 0.10181818181818182 0.08484848484848471
1 0.38 0.4193939393939394 0.10545454545454545 0.07515151515151515
