1 0.8740808823529411 0.125 0.06066176470588235 0.06372549019607843
1 0.1948529411764706 0.8321078431372549 0.03676470588235294 0.056372549019607844
1 0.10202205882352941 0.08823529411764706 0.04779411764705882 0.07107843137254902
1 0.5018382352941176 0.4485294117647059 0.05514705882352941 0.11029411764705882
1 0.25735294117647056 0.9473039215686274 0.02389705882352941 0.06372549019607843
1 0.35018382352941174 0.7181372549019608 0.04044117647058824 0.051470588235294115
1 0.13051470588235295 0.6127450980392157 0.03308823529411765 0.06862745098039202
1 0.003676470588235294 0.5098039215686274 0.03308823529411765 0.056372549019607844
1 0.09283088235294118 0.9105392156862745 0.029411764705882353 0.03431372549019608
1 0.011029411764705883 0.9424019607843137 0.04963235294117647 0.03676470588235294
