1 0.05272727272727273 0.583030303030303 0.07818181818181819 0.07272727272727272
1 0.10181818181818182 0.6521212121212121 0.06545454545454546 0.09212121212121212
1 0.04181818181818182 0.3793939393939394 0.09818181818181818 0.12121212121212122
1 0.28545454545454546 0.2315151515151515 0.08181818181818182 0.10666666666666667
1 0.39 0.15757575757575756 0.08363636363636363 0.09696969696969697
1 0.4581818181818182 0.12242424242424242 0.08727272727272728 0.09454545454545454
1 0.6036363636363636 0.02909090909090909 0.09090909090909091 0.10181818181818182
1 0.022727272727272728 0.6545454545454545 0.07818181818181819 0.11393939393939394
1 0.04363636363636364 0.730909090909091 0.09090909090909093 0.08969696969696969
1 0.3718181818181818 0.3381818181818182 0.06909090909090909 0.11878787878787879
1 0.5263636363636364 0.04242424242424243 0.07090909090909091 0.08484848484848485
1 0.5736363636363636 0.07636363636363637 0.06727272727272728 0.08969696969696968
1 0.1481818181818182 0.6666666666666666 0.0890909090909091 0.13575757575757577
1 0.32636363636363636 0.7406060606060606 0.08181818181818182 0.09696969696969697
1 0.3654545454545455 0.6557575757575758 0.07636363636363637 0.0993939393939394
1 0.8963636363636364 0.5042424242424243 0.11818181818181818 0.13575757575757577
1 0.2636363636363636 0.833939393939394 0.11818181818181818 0.16242424242424242
1 0.39181818181818184 0.5721212121212121 0.06545454545454546 0.11151515151515151
1 0.4254545454545455 0.463030303030303 0.08181818181818182 0.11393939393939394
1 0.44272727272727275 0.3515151515151515 0.10181818181818182 0.11878787878787879
1 0.48818181818181816 0.24848484848484848 0.06181818181818182 0.09212121212121212
1 0.5227272727272727 0.16606060606060605 0.08727272727272728 0.10666666666666667
1 0.2963636363636364 0.5018181818181818 0.07454545454545454 0.10424242424242425
1 0.40545454545454546 0.2387878787878788 0.056363636363636366 0.08727272727272728
1 0.06909090909090909 0.4690909090909091 0.07454545454545454 0.08969696969696969
