1 0.6040609137055838 0.35047361299052776 0.06294416243654823 0.06765899864682003
1 0.14111675126903553 0.7185385656292287 0.0649746192893401 0.08389715832205684
1 0.7705583756345178 0.035182679296346414 0.05279187817258883 0.08389715832205684
1 0.8263959390862944 0.7672530446549392 0.0649746192893401 0.08119079837618404
1 0.06700507614213198 0.489851150202977 0.083248730964467 0.08389715832205684
1 0.01116751269035533 0.8173207036535859 0.046700507614213196 0.07577807848443843
1 0.8355329949238579 0.6238159675236806 0.06903553299492386 0.056833558863328824
1 0.16142131979695432 0.16779431664411368 0.08121827411167512 0.05142083897158326
1 0.6263959390862944 0.7185385656292287 0.05888324873096447 0.08119079837618404
1 0.8710659898477158 0.4167794316644114 0.05685279187817259 0.07307171853856563
1 0.10050761421319797 0.10284167794316644 0.05685279187817259 0.08389715832205684
