1 0.5168949771689497 0.5187878787878788 0.08036529680365297 0.11393939393939394
1 0.4292237442922374 0.3660606060606061 0.043835616438356165 0.04363636363636364
1 0.5251141552511416 0.7272727272727273 0.09315068493150686 0.13575757575757577
1 0.473972602739726 0.49454545454545457 0.07671232876712329 0.09212121212121212
1 0.5150684931506849 0.6084848484848485 0.08036529680365297 0.10909090909090909
1 0.4621004566210046 0.2096969696969697 0.07123287671232877 0.08969696969696969
1 0.354337899543379 0.9709090909090909 0.10593607305936073 0.12363636363636364
1 0.33972602739726027 0.8145454545454546 0.08949771689497717 0.13090909090909092
1 0.3178082191780822 0.1006060606060606 0.06575342465753435 0.08
1 0.4410958904109589 0.5890909090909091 0.07488584474885844 0.10181818181818182
1 0.4237442922374429 0.8012121212121213 0.09680365296803653 0.13818181818181818
1 0.1598173515981735 0.6448484848484849 0.09680365296803653 0.10909090909090909
1 0.6493150684931507 0.8981818181818182 0.08949771689497717 0.16727272727272727
1 0.43561643835616437 0.44606060606060605 0.08401826484018265 0.08727272727272728
1 0.20730593607305936 0.4084848484848485 0.0821917808219178 0.08969696969696969
1 0.5689497716894977 0.28 0.07671232876712329 0.10181818181818189
1 0.37534246575342467 0.713939393939394 0.09680365296803653 0.12363636363636364
1 0.5726027397260274 0.8751515151515151 0.09315068493150686 0.15757575757575756
