1 0.5753424657534246 0.8715151515151515 0.1004566210045662 0.12848484848484848
1 0.9799086757990868 0.5806060606060606 0.10776255707762557 0.14787878787878775
1 0.21187214611872146 0.04 0.10593607305936073 0.1503030303030303
1 0.3954337899543379 0.5963636363636363 0.12602739726027398 0.16969696969696985
1 0.6529680365296804 0.9393939393939394 0.1004566210045662 0.13333333333333333
1 0.4547945205479452 0.28363636363636363 0.18447488584474886 0.25696969696969696
1 0.6812785388127854 0.8424242424242424 0.09863013698630137 0.14545454545454545
1 0.6931506849315069 0.7648484848484849 0.09497716894977169 0.13090909090909092
1 0.5378995433789955 0.7672727272727272 0.09315068493150686 0.14545454545454545
1 0.6155251141552511 0.7733333333333333 0.0821917808219178 0.1503030303030303
1 0.32146118721461187 0.1006060606060606 0.1552511415525114 0.1987878787878788
1 0.5799086757990868 0.5842424242424242 0.1223744292237443 0.15757575757575756
