1 0.5397058823529411 0.6627450980392157 0.047058823529411764 0.047058823529411764
1 0.5308823529411765 0.5333333333333333 0.03529411764705882 0.043137254901960784
1 0.29411764705882354 0.9686274509803922 0.03235294117647059 0.10196078431372549
1 0.8176470588235294 0.3392156862745098 0.047058823529411764 0.03529411764705882
1 0.5455882352941176 0.4627450980392157 0.03823529411764723 0.050980392156862744
1 0.6132352941176471 0.5980392156862745 0.026470588235294117 0.047058823529411764
1 0.36470588235294116 0.7588235294117647 0.052941176470588235 0.0392156862745098
1 0.21470588235294116 0.9823529411764705 0.047058823529411764 0.047058823529411764
1 0.8573529411764705 0.5431372549019607 0.023529411764705882 0.07058823529411765
1 0.6720588235294118 0.6764705882352942 0.04411764705882336 0.050980392156862744
1 0.013235294117647059 0.30980392156862746 0.047058823529411764 0.03137254901960784
