1 0.21052631578947367 0.02773246329526917 0.02692778457772338 0.08482871125611746
1 0.15299877600979192 0.03588907014681892 0.0416156670746634 0.04567699836867864
1 0.18849449204406366 0.11419249592169657 0.06609547123623011 0.052202283849918436
1 0.5593635250917993 0.1598694942903752 0.06609547123623025 0.06525285481239804
1 0.14443084455324356 0.5905383360522023 0.06364749082007347 0.09135399673735727
1 0.26805385556915545 0.5236541598694943 0.06119951040391677 0.07830342577487764
1 0.38310893512851896 0.5530179445350734 0.06609547123623011 0.07830342577487784
1 0.5752753977968176 0.531810766721044 0.04895960832313328 0.07177814029363803
1 0.4589963280293758 0.7765089722675367 0.06364749082007344 0.10766721044045677
1 0.5030599755201959 0.9706362153344209 0.08323133414932667 0.10440456769983687
1 0.3378212974296206 0.9510603588907015 0.09302325581395349 0.03588907014681892
1 0.9828641370869033 0.8923327895595432 0.04895960832313342 0.07504078303425775
1 0.8090575275397797 0.9787928221859706 0.06609547123623011 0.052202283849918436
1 0.8788249694002448 0.4926590538336052 0.07099143206854346 0.08809135399673736
1 0.9302325581395349 0.06851549755301795 0.06364749082007344 0.08482871125611746
