1 0.04411764705882353 0.045098039215686274 0.08235294117647057 0.07058823529411765
1 0.17941176470588235 0.041176470588235294 0.08529411764705883 0.08235294117647059
1 0.2661764705882353 0.06666666666666667 0.058823529411764705 0.07450980392156863
1 0.4 0.056862745098039215 0.07647058823529412 0.08627450980392157
1 0.21764705882352942 0.48627450980392156 0.06764705882352941 0.08627450980392157
1 0.12058823529411765 0.615686274509804 0.047058823529411764 0.07058823529411765
1 0.03676470588235294 0.8333333333333334 0.05588235294117647 0.03137254901960784
1 0.12205882352941176 0.8117647058823529 0.052941176470588235 0.027450980392156862
1 0.3382352941176471 0.7549019607843137 0.04411764705882353 0.03137254901960784
1 0.4514705882352941 0.5745098039215686 0.047058823529411764 0.047058823529411764
1 0.3044117647058823 0.4764705882352941 0.06470588235294127 0.0784313725490196
1 0.2529411764705882 0.4215686274509804 0.052941176470588235 0.03529411764705882
1 0.3397058823529412 0.42745098039215684 0.05 0.03529411764705882
1 0.39558823529411763 0.42549019607843136 0.052941176470588235 0.03137254901960784
1 0.47058823529411764 0.41568627450980394 0.04411764705882353 0.03137254901960784
1 0.5205882352941177 0.4196078431372549 0.047058823529411764 0.027450980392156862
1 0.5764705882352941 0.403921568627451 0.05000000000000017 0.03529411764705882
1 0.6691176470588235 0.49607843137254903 0.05294117647058807 0.054901960784313725
1 0.9647058823529412 0.19019607843137254 0.04411764705882353 0.050980392156862744
1 0.5058823529411764 0.056862745098039215 0.06470588235294118 0.0392156862745098
1 0.5852941176470589 0.054901960784313725 0.06764705882352941 0.054901960784313725
1 0.6588235294117647 0.058823529411764705 0.06470588235294118 0.047058823529411764
