1 0.536986301369863 0.009696969696969697 0.058447488584474884 0.0703030303030303
1 0.628310502283105 0.5139393939393939 0.08767123287671233 0.14545454545454545
1 0.5068493150684932 0.38545454545454544 0.08767123287671233 0.12606060606060607
1 0.13150684931506848 0.33454545454545453 0.1095890410958904 0.08969696969696969
1 0.17534246575342466 0.11878787878787879 0.08949771689497717 0.08242424242424243
1 0.491324200913242 0.2812121212121212 0.07853881278538813 0.10666666666666673
1 0.4977168949771689 0.1987878787878788 0.062100456621004566 0.10181818181818182
1 0.45662100456621 0.1987878787878788 0.062100456621004566 0.09696969696969697
1 0.3598173515981735 0.4072727272727273 0.10593607305936073 0.0993939393939394
1 0.33515981735159817 0.7466666666666667 0.09863013698630137 0.13818181818181818
1 0.4100456621004566 0.15878787878787878 0.062100456621004566 0.07757575757575758
1 0.5525114155251142 0.509090909090909 0.07671232876712329 0.1454545454545456
1 0.6374429223744292 0.6824242424242424 0.14429223744292238 0.16727272727272727
1 0.32602739726027397 0.5018181818181818 0.091324200913242 0.10909090909090909
1 0.42191780821917807 0.2957575757575758 0.06940639269406393 0.09696969696969697
1 0.33881278538812787 0.6412121212121212 0.091324200913242 0.10909090909090909
1 0.40730593607305937 0.4775757575757576 0.0730593607305936 0.12848484848484848
