1 0.4467564259485924 0.037520391517128875 0.0587515299877601 0.06851549755301795
1 0.36964504283965727 0.600326264274062 0.051407588739290085 0.03588907014681892
1 0.19461444308445533 0.7846655791190864 0.03916768665850673 0.07830342577487784
1 0.5801713586291309 0.8825448613376835 0.0416156670746634 0.052202283849918436
1 0.7050183598531212 0.9836867862969005 0.07099143206854346 0.03262642740619902
1 0.8225214198286414 0.13376835236541598 0.051407588739290085 0.03588907014681892
1 0.7503059975520195 0.18433931484502447 0.044063647490820076 0.06199021207177814
1 0.7294981640146879 0.24796084828711257 0.051407588739290085 0.04567699836867863
1 0.5263157894736842 0.48776508972267535 0.0416156670746634 0.08482871125611746
1 0.4565483476132191 0.5350734094616639 0.07343941248470012 0.06199021207177814
1 0.5152998776009792 0.7471451876019576 0.07099143206854346 0.07177814029363784
1 0.23623011015911874 0.732463295269168 0.04895960832313342 0.06199021207177814
1 0.022031823745410038 0.9347471451876019 0.044063647490820076 0.07830342577487764
1 0.6621787025703795 0.9526916802610114 0.05385556915544676 0.048939641109298535
1 0.8824969400244798 0.013050570962479609 0.0587515299877601 0.022838499184339316
1 0.847001223990208 0.06525285481239804 0.03427172582619339 0.08156606851549755
1 0.6499388004895961 0.34910277324632955 0.044063647490820076 0.06851549755301795
1 0.5936352509179926 0.43230016313213704 0.046511627906976744 0.05872756933115824
1 0.43084455324357407 0.6786296900489397 0.046511627906976744 0.061990212071777955
1 0.40514075887392903 0.6280587275693311 0.03671970624235006 0.04241435562805873
1 0.47980416156670747 0.7928221859706363 0.046511627906976744 0.03915171288743882
1 0.616891064871481 0.9265905383360522 0.044063647490820076 0.05546492659053834
