1 0.3315068493150685 0.21818181818181817 0.06757990867579919 0.08484848484848485
1 0.9945205479452055 0.7175757575757575 0.031050228310502283 0.08484848484848485
1 0.28584474885844746 0.806060606060606 0.07123287671232867 0.08969696969696969
1 0.39908675799086757 0.8727272727272727 0.08401826484018265 0.10181818181818182
1 0.5041095890410959 0.5333333333333333 0.091324200913242 0.0993939393939394
1 0.8365296803652968 0.7151515151515152 0.08949771689497717 0.10666666666666667
1 0.07671232876712329 0.8363636363636363 0.09315068493150686 0.13333333333333333
1 0.4593607305936073 0.2812121212121212 0.0639269406392694 0.09212121212121219
1 0.09954337899543379 0.30303030303030304 0.07123287671232877 0.12606060606060607
1 0.736986301369863 0.06545454545454546 0.07671232876712329 0.10909090909090907
1 0.4557077625570776 0.45575757575757575 0.07671232876712329 0.08484848484848485
1 0.4648401826484018 0.7333333333333333 0.08767123287671233 0.11878787878787879
1 0.9863013698630136 0.96 0.08584474885844749 0.11878787878787879
