1 0.536986301369863 0.4448484848484848 0.0821917808219178 0.10666666666666667
1 0.41735159817351597 0.5115151515151515 0.07853881278538813 0.09212121212121226
1 0.33424657534246577 0.5163636363636364 0.08584474885844749 0.09454545454545454
1 0.6146118721461187 0.24242424242424243 0.0639269406392694 0.10909090909090909
1 0.6365296803652968 0.6727272727272727 0.08949771689497717 0.12363636363636364
1 0.7159817351598173 0.8448484848484848 0.11141552511415526 0.16
1 0.5242009132420091 0.5127272727272727 0.04018264840182648 0.06060606060606061
1 0.6420091324200913 0.11393939393939394 0.04018264840182648 0.09454545454545454
1 0.41278538812785387 0.6921212121212121 0.06757990867579909 0.08727272727272728
1 0.7406392694063927 0.27636363636363637 0.10776255707762557 0.10909090909090909
1 0.5223744292237443 0.3187878787878788 0.11689497716894977 0.20363636363636364
