1 0.5529411764705883 0.09019607843137255 0.06764705882352941 0.043137254901960784
1 0.25 0.01568627450980392 0.06764705882352941 0.047058823529411764
1 0.3323529411764706 0.8568627450980392 0.07058823529411765 0.043137254901960784
1 0.6867647058823529 0.3176470588235294 0.047058823529411764 0.06666666666666667
1 0.7308823529411764 0.17450980392156862 0.05882352941176487 0.054901960784313725
1 0.42058823529411765 0.8705882352941177 0.058823529411764705 0.0784313725490196
1 0.6514705882352941 0.052941176470588235 0.05588235294117647 0.03137254901960784
1 0.7102941176470589 0.4588235294117647 0.03529411764705882 0.06666666666666667
1 0.36176470588235293 0.06862745098039216 0.07647058823529412 0.09803921568627451
1 0.8338235294117647 0.4627450980392157 0.06470588235294118 0.03137254901960784
