1 0.22922374429223744 0.02666666666666667 0.11141552511415526 0.2206060606060606
1 0.8429223744292238 0.6642424242424242 0.1643835616438354 0.2206060606060606
1 0.5662100456621004 0.2084848484848485 0.043835616438356165 0.03636363636363636
1 0.5031963470319635 0.18666666666666668 0.043835616438356165 0.05090909090909091
1 0.7223744292237443 0.4303030303030303 0.1552511415525114 0.21818181818181817
1 0.3881278538812785 0.5866666666666667 0.10593607305936073 0.1406060606060606
1 0.5378995433789955 0.24484848484848484 0.06757990867579909 0.09696969696969697
1 0.4904109589041096 0.3187878787878788 0.058447488584474884 0.11151515151515151
1 0.5031963470319635 0.18666666666666668 0.043835616438356165 0.05090909090909091
1 0.5707762557077626 0.10181818181818182 0.1095890410958904 0.15272727272727274
1 0.3515981735159817 0.09818181818181818 0.19360730593607306 0.24727272727272728
1 0.44018264840182647 0.3575757575757576 0.052968036529680365 0.08969696969696969
