1 0.7392900856793145 0.6394779771615008 0.017135862913096694 0.05872756933115824
1 0.7429620563035496 0.763458401305057 0.017135862913096694 0.05220228384991862
1 0.6878824969400245 0.9820554649265906 0.05385556915544676 0.08809135399673736
1 0.17870257037943696 0.6982055464926591 0.051407588739290085 0.08156606851549755
1 0.02937576499388005 0.5856443719412724 0.08078335373317014 0.07177814029363784
1 0.025703794369645042 0.499184339314845 0.05385556915544676 0.06525285481239804
1 0.8898408812729498 0.6068515497553018 0.06609547123623011 0.10440456769983687
1 0.6866585067319462 0.8907014681892332 0.03916768665850673 0.052202283849918436
1 0.7564259485924113 0.48776508972267535 0.022031823745410038 0.06851549755301795
1 0.5532435740514076 0.5725938009787929 0.07343941248470012 0.07177814029363784
1 0.7454100367197063 0.8629690048939641 0.051407588739290085 0.07177814029363784
1 0.3353733170134639 0.5938009787928222 0.051407588739290085 0.05546492659053834
1 0.2350061199510404 0.6411092985318108 0.06609547123623011 0.04567699836867863
1 0.7246022031823746 0.5709624796084829 0.0416156670746634 0.022838499184339316
1 0.3880048959608323 0.46492659053833607 0.0587515299877601 0.06525285481239804
