1 0.3817351598173516 0.7781818181818182 0.07488584474885844 0.10181818181818182
1 0.5990867579908675 0.11272727272727273 0.12785388127853903 0.13575757575757577
1 0.38538812785388127 0.6351515151515151 0.038356164383561646 0.07272727272727272
1 0.6018264840182649 0.6363636363636364 0.11506849315068493 0.16242424242424242
1 0.4438356164383562 0.5163636363636364 0.062100456621004566 0.08969696969696969
1 0.4155251141552511 0.5709090909090909 0.0639269406392694 0.07515151515151515
1 0.2876712328767123 0.5309090909090909 0.136986301369863 0.17454545454545456
1 0.4547945205479452 0.15515151515151515 0.0821917808219178 0.12363636363636364
1 0.7342465753424657 0.7890909090909091 0.12602739726027398 0.16484848484848486
1 0.18538812785388128 0.5696969696969697 0.10593607305936073 0.14545454545454545
1 0.4155251141552511 0.5709090909090909 0.0639269406392694 0.07515151515151515
1 0.3515981735159817 0.23515151515151514 0.1552511415525114 0.23272727272727273
1 0.4392694063926941 0.4206060606060606 0.09315068493150686 0.15515151515151515
1 0.445662100456621 0.01575757575757576 0.0730593607305936 0.14545454545454545
