1 0.434703196347032 0.730909090909091 0.07853881278538813 0.0993939393939394
1 0.5689497716894977 0.5818181818181818 0.07853881278538813 0.12606060606060607
1 0.4018264840182648 0.1296969696969697 0.0639269406392694 0.08969696969696969
1 0.5114155251141552 0.9478787878787879 0.09315068493150686 0.12606060606060607
1 0.4420091324200913 0.9090909090909091 0.08767123287671233 0.13090909090909092
1 0.4593607305936073 0.47393939393939394 0.07488584474885844 0.0993939393939394
1 0.3150684931506849 0.36727272727272725 0.0730593607305936 0.08242424242424243
1 0.14429223744292238 0.9818181818181818 0.10228310502283106 0.10424242424242425
1 0.1954337899543379 0.7163636363636363 0.08584474885844749 0.10181818181818182
1 0.4831050228310502 0.8072727272727273 0.08767123287671233 0.11151515151515151
1 0.5223744292237443 0.8375757575757575 0.07671232876712329 0.0993939393939394
1 0.5388127853881278 0.18181818181818182 0.06940639269406393 0.11878787878787879
1 0.37625570776255707 0.9903030303030304 0.08036529680365297 0.03151515151515152
