1 0.401468788249694 0.052202283849918436 0.044063647490820076 0.02936378466557912
1 0.02447980416156671 0.040783034257748776 0.06854345165238677 0.07177814029363784
1 0.9412484700122399 0.6721044045676998 0.09302325581395349 0.05872756933115824
1 0.2558139534883721 0.16639477977161501 0.0832313341493268 0.09461663947797716
1 0.5373317013463892 0.022838499184339316 0.056303549571603564 0.03915171288743882
1 0.828641370869033 0.03588907014681892 0.07833537331701346 0.06199021207177813
1 0.9632802937576499 0.5530179445350734 0.07099143206854346 0.048939641109298715
1 0.780905752753978 0.9853181076672104 0.03916768665850673 0.048939641109298535
1 0.5275397796817626 0.833605220228385 0.0587515299877601 0.11092985318107668
1 0.46511627906976744 0.6231647634584013 0.051407588739290085 0.08482871125611746
1 0.4149326805385557 0.49592169657422513 0.07833537331701346 0.10440456769983687
1 0.423500611995104 0.36541598694942906 0.056303549571603426 0.11419249592169649
1 0.5177478580171359 0.34094616639477976 0.07343941248470012 0.07177814029363784
1 0.2533659730722154 0.29526916802610115 0.07099143206854346 0.05872756933115824
1 0.3353733170134639 0.4698205546492659 0.09547123623011015 0.10114192495921696
1 0.025703794369645042 0.6623164763458401 0.09302325581395349 0.12398042414355628
1 0.3525091799265606 0.8629690048939641 0.09791921664626684 0.12398042414355628
1 0.5642594859241126 0.9951060358890701 0.06609547123623025 0.01957585644371941
