1 0.6703196347031963 0.6084848484848485 0.0547945205479452 0.06060606060606061
1 0.5780821917808219 0.6460606060606061 0.07488584474885844 0.10424242424242425
1 0.9662100456621004 0.41454545454545455 0.0639269406392694 0.07272727272727272
1 0.547945205479452 0.5612121212121212 0.052968036529680365 0.0654545454545456
1 0.6447488584474886 0.6521212121212121 0.054794520547945 0.04363636363636364
1 0.32054794520547947 0.14181818181818182 0.047488584474885846 0.06303030303030303
1 0.9817351598173516 0.37575757575757573 0.06575342465753424 0.0703030303030303
1 0.31689497716894977 0.014545454545454545 0.04018264840182648 0.06303030303030303
1 0.3744292237442922 0.22666666666666666 0.0547945205479452 0.06545454545454546
1 0.7251141552511415 0.5963636363636363 0.0547945205479452 0.07272727272727258
