0 0.42016806722689076 0.960820895522388 0.047619047619047616 0.06716417910447761
0 0.39215686274509803 0.8190298507462687 0.05322128851540616 0.07835820895522388
0 0.8809523809523809 0.6902985074626866 0.0700280112044818 0.09328358208955224
0 0.015406162464985995 0.3843283582089552 0.047619047619047616 0.05970149253731343
0 0.8151260504201681 0.416044776119403 0.04481792717086835 0.07462686567164178
0 0.6680672268907563 0.011194029850746268 0.058823529411764865 0.041044776119402986
0 0.8123249299719888 0.35447761194029853 0.04201680672268908 0.06716417910447761
0 0.16526610644257703 0.539179104477612 0.06722689075630252 0.07462686567164178
0 0.36134453781512604 0.7350746268656716 0.056022408963585436 0.08582089552238806
0 0.7310924369747899 0.10261194029850747 0.056022408963585436 0.07835820895522388
0 0.7773109243697479 0.17350746268656717 0.06722689075630252 0.08955223880597014
0 0.8053221288515406 0.5541044776119403 0.04201680672268908 0.05970149253731343
0 0.14985994397759103 0.6305970149253731 0.04201680672268908 0.06343283582089553
0 0.8361344537815126 0.48880597014925375 0.05042016806722689 0.08955223880597014
0 0.09663865546218488 0.8600746268656716 0.047619047619047616 0.048507462686567165
0 0.6834733893557423 0.05037313432835821 0.056022408963585436 0.06343283582089553
0 0.8333333333333334 0.6044776119402985 0.058823529411764705 0.07462686567164178
0 0.04061624649859944 0.08582089552238806 0.056022408963585436 0.08208955223880597
0 0.15126050420168066 0.8600746268656716 0.04481792717086839 0.06343283582089553
0 0.10364145658263306 0.09888059701492537 0.04481792717086835 0.0708955223880597
