1 0.9339045287637698 0.20554649265905384 0.046511627906976744 0.10440456769983687
1 0.211750305997552 0.4061990212071778 0.07343941248470012 0.11092985318107668
1 0.4455324357405141 0.1370309951060359 0.07099143206854346 0.03915171288743882
1 0.7343941248470012 0.040783034257748776 0.07588739290085679 0.07830342577487764
1 0.8421052631578947 0.3132137030995106 0.03916768665850673 0.08809135399673745
1 0.7882496940024479 0.7194127243066885 0.0416156670746634 0.10766721044045677
1 0.8678090575275398 0.835236541598695 0.044063647490820076 0.052202283849918436
1 0.5605875152998776 0.9298531810766721 0.08078335373317014 0.10114192495921696
1 0.3598531211750306 0.9853181076672104 0.0832313341493268 0.048939641109298535
1 0.02447980416156671 0.964110929853181 0.15177478580171358 0.10440456769983687
1 0.31701346389228885 0.5187601957585645 0.07588739290085679 0.03262642740619902
