1 0.07099143206854346 0.25938009787928223 0.08078335373317014 0.06851549755301795
1 0.193390452876377 0.2528548123980424 0.046511627906976744 0.08482871125611746
1 0.21664626682986537 0.3360522022838499 0.0587515299877601 0.06851549755301795
1 0.8017135862913096 0.3278955954323002 0.03182374541003672 0.05546492659053834
1 0.5410036719706243 0.5856443719412724 0.056303549571603426 0.06525285481239804
1 0.01346389228886169 0.2300163132137031 0.0416156670746634 0.052202283849918436
1 0.1456548347613219 0.2561174551386623 0.05385556915544676 0.06525285481239804
1 0.6254589963280294 0.6313213703099511 0.0416156670746634 0.05872756933115824
1 0.6940024479804161 0.6721044045676998 0.046511627906976744 0.05872756933115824
1 0.2962056303549572 0.44045676998368677 0.056303549571603426 0.06199021207177814
1 0.4430844553243574 0.5236541598694943 0.06364749082007344 0.07177814029363784
1 0.7307221542227662 0.6965742251223491 0.03671970624235006 0.04241435562805873
1 0.9277845777233782 0.022838499184339316 0.0416156670746634 0.06851549755301795
1 0.99265605875153 0.5742251223491027 0.0416156670746634 0.03588907014681911
1 0.9791921664626683 0.8907014681892332 0.051407588739290085 0.06199021207177814
1 0.9718482252141983 0.9477977161500816 0.0587515299877601 0.06525285481239804
1 0.8090575275397797 0.09135399673735727 0.02692778457772338 0.06525285481239806
1 0.583843329253366 0.6101141924959217 0.03671970624234992 0.05872756933115824
1 0.762545899632803 0.7243066884176182 0.04895960832313342 0.052202283849918436
1 0.8164014687882497 0.7765089722675367 0.03671970624235006 0.052202283849918436
1 0.8604651162790697 0.7879282218597063 0.05385556915544676 0.026101141924959218
1 0.8739290085679314 0.3931484502446982 0.06364749082007344 0.06525285481239804
