1 0.1304791029561672 0.8687415426251691 0.09378185524974515 0.11366711772665765
1 0.9317023445463812 0.8119079837618404 0.05504587155963303 0.07848443843031123
1 0.7614678899082569 0.5981055480378891 0.0672782874617737 0.06765899864682003
1 0.6962283384301733 0.5926928281461434 0.05504587155963303 0.07848443843031123
1 0.7655453618756372 0.7401894451962111 0.07339449541284404 0.10284167794316644
1 0.3251783893985729 0.18673883626522328 0.05708460754332314 0.08119079837618404
1 0.9357798165137615 0.4181326116373478 0.0652395514780836 0.08119079837618404
1 0.873598369011213 0.6332882273342354 0.0509683995922528 0.07848443843031139
1 0.8379204892966361 0.5277401894451962 0.04485219164118247 0.07036535859269283
1 0.873598369011213 0.4952638700947226 0.04892966360856269 0.07036535859269283
