1 0.7662178702570379 0.5057096247960848 0.056303549571603426 0.052202283849918436
1 0.4283965728274174 0.9021207177814029 0.07343941248470012 0.10440456769983687
1 0.9914320685434517 0.03099510603588907 0.044063647490820076 0.07830342577487764
1 0.7123623011015912 0.47145187601957583 0.06119951040391677 0.06851549755301795
1 0.554467564259486 0.4192495921696574 0.051407588739290085 0.06199021207177814
1 0.412484700122399 0.33115823817292006 0.11015911872705018 0.10766721044045677
1 0.2141982864137087 0.37846655791190864 0.09302325581395349 0.06851549755301795
1 0.6793145654834761 0.43230016313213704 0.05385556915544676 0.03262642740619902
1 0.6156670746634026 0.4192495921696574 0.05140758873929022 0.03915171288743882
1 0.49938800489596086 0.42251223491027734 0.05385556915544676 0.05872756933115824
1 0.8310893512851897 0.4567699836867863 0.07588739290085679 0.05872756933115824
