1 0.6009132420091324 0.5187878787878788 0.10228310502283106 0.12363636363636364
1 0.8356164383561644 0.23393939393939395 0.1004566210045662 0.10424242424242425
1 0.8940639269406393 0.12484848484848485 0.062100456621004566 0.11878787878787879
1 0.14429223744292238 0.9903030303030304 0.13515981735159818 0.08242424242424243
1 0.4018264840182648 0.4121212121212121 0.1004566210045662 0.14303030303030304
1 0.8118721461187215 0.6024242424242424 0.12602739726027398 0.19151515151515153
1 0.3242009132420091 0.10787878787878788 0.1680365296803653 0.19636363636363635
1 0.37534246575342467 0.7260606060606061 0.14063926940639268 0.1987878787878788
1 0.7680365296803653 0.30424242424242426 0.07488584474885844 0.0703030303030303
1 0.27945205479452057 0.8278787878787879 0.13515981735159818 0.16
