1 0.3304045921148256 0.5193660667631016 0.05385556915544676 0.016313213703099697
1 0.6033544085162944 0.17026329351677202 0.02447980416156657 0.052202283849918436
1 0.8750802347096848 0.7999533424564131 0.03427172582619339 0.04241435562805873
1 0.5960104672678244 0.4687951042834931 0.04895960832313342 0.04567699836867863
1 0.6976016545383262 0.5193660667631016 0.02937576499388005 0.032626427406199206
1 0.8273446165946298 0.8456303408250918 0.02937576499388005 0.06525285481239804
1 0.7698170768149479 0.3121882527337378 0.046511627906976744 0.029363784665579026
1 0.6657779091282895 0.47368906839442293 0.03916768665850673 0.03915171288743882
1 0.8224486557623164 0.3317641091774572 0.06364749082007344 0.04567699836867863
1 0.7257534293241279 0.5585177796505404 0.03916768665850673 0.05546492659053834
1 0.8493764403400398 0.6188766703520086 0.02937576499388005 0.05546492659053834
1 0.8077607732653764 0.4981588889490722 0.046511627906976744 0.04567699836867863
