1 0.9044117647058824 0.4117647058823529 0.10588235294117647 0.06274509803921569
1 0.9911764705882353 0.15294117647058825 0.03823529411764706 0.12549019607843137
1 0.3735294117647059 0.6862745098039216 0.1 0.11372549019607843
1 0.4323529411764706 0.9607843137254902 0.08529411764705883 0.10588235294117647
1 0.2647058823529412 0.903921568627451 0.12941176470588237 0.12549019607843137
1 0.21323529411764705 0.707843137254902 0.08529411764705883 0.12156862745098039
1 0.6073529411764705 0.14313725490196078 0.12941176470588253 0.1568627450980392
1 0.625 0.31176470588235294 0.10588235294117647 0.10588235294117647
1 0.7485294117647059 0.3784313725490196 0.11764705882352941 0.10980392156862745
1 0.5558823529411765 0.9411764705882353 0.07941176470588235 0.054901960784313725
1 0.6691176470588235 0.888235294117647 0.05588235294117664 0.10588235294117647
