1 0.20147058823529412 0.9607843137254902 0.061764705882352944 0.09019607843137255
1 0.011764705882352941 0.9254901960784314 0.03529411764705882 0.07450980392156863
1 0.2485294117647059 0.9764705882352941 0.061764705882352944 0.054901960784313725
1 0.7926470588235294 0.7156862745098039 0.07647058823529412 0.09411764705882353
1 0.7867647058823529 0.8392156862745098 0.06470588235294118 0.10196078431372549
1 0.8764705882352941 0.8960784313725491 0.08235294117647059 0.11372549019607843
1 0.6661764705882353 0.8941176470588236 0.09117647058823529 0.10980392156862745
1 0.3205882352941177 0.9862745098039216 0.06470588235294127 0.043137254901960784
1 0.5455882352941176 0.9490196078431372 0.07647058823529429 0.050980392156862744
1 0.36911764705882355 0.9627450980392157 0.07352941176470588 0.054901960784313725
1 0.8279411764705882 0.5784313725490197 0.09117647058823529 0.08627450980392157
1 0.3161764705882353 0.9235294117647059 0.05588235294117647 0.058823529411764705
