1 0.5088235294117647 0.8235294117647058 0.05 0.06274509803921569
1 0.4588235294117647 0.792156862745098 0.061764705882352944 0.06666666666666667
1 0.8088235294117647 0.03725490196078431 0.06470588235294118 0.054901960784313725
1 0.9161764705882353 0.14313725490196078 0.05588235294117647 0.06666666666666667
1 0.2514705882352941 0.7823529411764706 0.061764705882352944 0.06666666666666667
1 0.17794117647058824 0.7509803921568627 0.07941176470588235 0.0784313725490196
1 0.5911764705882353 0.07058823529411765 0.06764705882352941 0.07058823529411765
1 0.5544117647058824 0.8549019607843137 0.041176470588235294 0.06666666666666667
1 0.85 0.06666666666666667 0.05588235294117647 0.06274509803921569
1 0.6044117647058823 0.888235294117647 0.05 0.06666666666666667
