1 0.4147058823529412 0.01568627450980392 0.047058823529411764 0.043137254901960784
1 0.9352941176470588 0.15294117647058825 0.026470588235294117 0.07450980392156863
1 0.7911764705882353 0.01568627450980392 0.041176470588235294 0.06274509803921569
1 0.22058823529411764 0.027450980392156862 0.07647058823529412 0.058823529411764705
1 0.40294117647058825 0.13725490196078433 0.07058823529411765 0.0784313725490196
1 0.47352941176470587 0.11176470588235295 0.06470588235294118 0.08627450980392157
1 0.575 0.24705882352941178 0.06764705882352957 0.047058823529411764
1 0.475 0.27058823529411763 0.06764705882352941 0.09803921568627451
1 0.4117647058823529 0.34901960784313724 0.08529411764705883 0.11764705882352941
1 0.8661764705882353 0.7098039215686275 0.047058823529411764 0.09411764705882353
1 0.9485294117647058 0.7745098039215687 0.052941176470588235 0.07058823529411765
1 0.8 0.8235294117647058 0.03235294117647059 0.08627450980392157
1 0.7911764705882353 0.7058823529411765 0.058823529411764705 0.07058823529411765
1 0.7529411764705882 0.7352941176470589 0.06470588235294118 0.09411764705882353
1 0.7088235294117647 0.7803921568627451 0.07058823529411765 0.09411764705882353
1 0.6323529411764706 0.7705882352941177 0.061764705882352944 0.10588235294117647
1 0.1426470588235294 0.6980392156862745 0.1588235294117647 0.19215686274509805
1 0.10441176470588236 0.9666666666666667 0.1676470588235294 0.13725490196078433
1 0.8397058823529412 0.08627450980392157 0.05588235294117647 0.07058823529411765
1 0.3205882352941177 0.029411764705882353 0.05882352941176462 0.10588235294117647
1 0.6838235294117647 0.4980392156862745 0.058823529411764705 0.08235294117647059
1 0.7029411764705882 0.6137254901960785 0.026470588235294284 0.06666666666666667
1 0.6588235294117647 0.6215686274509804 0.061764705882352944 0.06666666666666667
1 0.7941176470588235 0.5843137254901961 0.061764705882352944 0.07058823529411765
1 0.5279411764705882 0.023529411764705882 0.058823529411764705 0.09411764705882353
1 0.47058823529411764 0.4764705882352941 0.08235294117647059 0.09803921568627451
1 0.5647058823529412 0.40980392156862744 0.047058823529411764 0.07450980392156863
1 0.6735294117647059 0.3862745098039216 0.05588235294117631 0.050980392156862744
1 0.7544117647058823 0.4725490196078431 0.07941176470588235 0.08235294117647059
