1 0.775 0.7647058823529411 0.047058823529411764 0.054901960784313725
1 0.8294117647058824 0.7470588235294118 0.05 0.07450980392156863
1 0.7235294117647059 0.7607843137254902 0.061764705882352944 0.06274509803921569
1 0.8794117647058823 0.8392156862745098 0.04411764705882353 0.0784313725490196
1 0.6735294117647059 0.6509803921568628 0.035294117647058657 0.07058823529411765
1 0.7205882352941176 0.01568627450980392 0.08823529411764706 0.07058823529411765
1 0.2 0.09607843137254903 0.1264705882352941 0.14901960784313725
1 0.5441176470588235 0.37450980392156863 0.07058823529411781 0.0784313725490196
1 0.08823529411764706 0.7 0.09411764705882351 0.10196078431372549
1 0.6588235294117647 0.503921568627451 0.07647058823529412 0.08627450980392157
1 0.7455882352941177 0.4647058823529412 0.06764705882352941 0.09019607843137255
1 0.9514705882352941 0.22549019607843138 0.05588235294117647 0.10588235294117647
1 0.8735294117647059 0.6470588235294118 0.03529411764705882 0.08235294117647059
