0 0.665266106442577 0.5149253731343284 0.03081232492997199 0.055970149253731345
0 0.5546218487394958 0.027985074626865673 0.05322128851540616 0.06343283582089553
0 0.665266106442577 0.4608208955223881 0.036414565826330535 0.04477611940298507
0 0.6694677871148459 0.35074626865671643 0.047619047619047776 0.05223880597014925
0 0.42296918767507 0.11753731343283583 0.04201680672268908 0.06343283582089553
0 0.6918767507002801 0.375 0.047619047619047616 0.05970149253731343
0 0.6708683473389355 0.5634328358208955 0.03361344537815142 0.05223880597014925
0 0.20168067226890757 0.5093283582089553 0.047619047619047616 0.059701492537313224
0 0.46638655462184875 0.21082089552238806 0.047619047619047616 0.0708955223880597
0 0.4565826330532213 0.06529850746268656 0.036414565826330535 0.06343283582089553
0 0.38375350140056025 0.16977611940298507 0.05322128851540616 0.07462686567164178
0 0.21708683473389356 0.5671641791044776 0.056022408963585436 0.06716417910447761
0 0.3319327731092437 0.11940298507462686 0.058823529411764705 0.08582089552238806
