0 0.3697478991596639 0.39552238805970147 0.04201680672268908 0.07462686567164178
0 0.14565826330532214 0.2667910447761194 0.036414565826330535 0.05223880597014925
0 0.28991596638655465 0.6548507462686567 0.044817927170868264 0.0708955223880597
0 0.5546218487394958 0.6119402985074627 0.056022408963585436 0.07835820895522388
0 0.2661064425770308 0.18470149253731344 0.0392156862745098 0.048507462686567165
0 0.3445378151260504 0.2873134328358209 0.04201680672268908 0.05970149253731343
0 0.39775910364145656 0.3675373134328358 0.05042016806722689 0.048507462686567165
0 0.38375350140056025 0.17350746268656717 0.047619047619047616 0.048507462686567165
0 0.2507002801120448 0.26865671641791045 0.04201680672268908 0.05223880597014925
0 0.2703081232492997 0.373134328358209 0.056022408963585436 0.08582089552238806
0 0.2927170868347339 0.22761194029850745 0.05042016806722689 0.041044776119402986
0 0.211484593837535 0.22761194029850745 0.0392156862745098 0.055970149253731345
0 0.5042016806722689 0.05783582089552239 0.03361344537815126 0.05970149253731343
0 0.20588235294117646 0.2947761194029851 0.036414565826330535 0.06343283582089553
0 0.5434173669467787 0.08208955223880597 0.036414565826330694 0.05970149253731343
0 0.27450980392156865 0.7555970149253731 0.03921568627450973 0.055970149253731345
