1 0.45588235294117646 0.4647058823529412 0.05 0.043137254901960784
1 0.3029411764705882 0.6333333333333333 0.038235294117647145 0.07058823529411765
1 0.21323529411764705 0.8215686274509804 0.061764705882352944 0.09411764705882353
1 0.3558823529411765 0.8196078431372549 0.06764705882352941 0.09803921568627451
1 0.6161764705882353 0.6941176470588235 0.05 0.058823529411764705
1 0.7647058823529411 0.6019607843137255 0.05588235294117647 0.054901960784313725
1 0.4088235294117647 0.5215686274509804 0.03529411764705882 0.058823529411764705
1 0.32794117647058824 0.3941176470588235 0.04411764705882353 0.047058823529411764
1 0.49558823529411766 0.807843137254902 0.047058823529411764 0.047058823529411764
1 0.25735294117647056 0.9823529411764705 0.06764705882352949 0.054901960784313725
1 0.7132352941176471 0.7450980392156863 0.023529411764705882 0.054901960784313725
1 0.5720588235294117 0.6392156862745098 0.09705882352941177 0.0392156862745098
1 0.6617647058823529 0.3803921568627451 0.023529411764705882 0.050980392156862744
1 0.48676470588235293 0.9705882352941176 0.04411764705882353 0.03529411764705882
1 0.6264705882352941 0.503921568627451 0.03529411764705882 0.058823529411764705
1 0.5426470588235294 0.5274509803921569 0.04411764705882353 0.047058823529411764
1 0.3235294117647059 0.9098039215686274 0.03823529411764706 0.06274509803921569
1 0.5735294117647058 0.788235294117647 0.03823529411764706 0.07450980392156863
1 0.9911764705882353 0.6196078431372549 0.041176470588235294 0.0392156862745098
