1 0.16029411764705884 0.07254901960784314 0.0382352941176471 0.0784313725490196
1 0.013235294117647059 0.20392156862745098 0.06764705882352941 0.058823529411764705
1 0.9102941176470588 0.36470588235294116 0.09117647058823529 0.027450980392156862
1 0.9544117647058824 0.5784313725490197 0.07647058823529412 0.054901960784313725
1 0.42205882352941176 0.027450980392156862 0.09117647058823529 0.047058823529411764
1 0.3073529411764706 0.3215686274509804 0.047058823529411764 0.06274509803921569
1 0.7955882352941176 0.907843137254902 0.061764705882352944 0.0784313725490196
1 0.7352941176470589 0.9098039215686274 0.06176470588235278 0.06666666666666667
1 0.37058823529411766 0.08823529411764706 0.04411764705882353 0.0784313725490196
1 0.13970588235294118 0.1607843137254902 0.061764705882352944 0.06274509803921569
1 0.5573529411764706 0.43529411764705883 0.06470588235294118 0.06666666666666667
1 0.6794117647058824 0.4843137254901961 0.061764705882352944 0.050980392156862744
1 0.6691176470588235 0.8941176470588236 0.05882352941176487 0.08627450980392157
1 0.6191176470588236 0.8960784313725491 0.061764705882352944 0.0784313725490196
1 0.5 0.09411764705882353 0.06470588235294118 0.06666666666666667
1 0.3720588235294118 0.3058823529411765 0.05588235294117647 0.08235294117647059
1 0.40147058823529413 0.3392156862745098 0.04411764705882353 0.07058823529411765
1 0.4985294117647059 0.40980392156862744 0.05588235294117647 0.050980392156862744
1 0.1426470588235294 0.27647058823529413 0.06764705882352941 0.07450980392156863
1 0.7470588235294118 0.5117647058823529 0.058823529411764705 0.058823529411764705
1 0.8176470588235294 0.5274509803921569 0.06764705882352941 0.054901960784313725
1 0.7926470588235294 0.45294117647058824 0.05588235294117647 0.058823529411764705
