1 0.029411764705882353 0.3137254901960784 0.05588235294117647 0.054901960784313725
1 0.08235294117647059 0.35490196078431374 0.058823529411764705 0.07450980392156863
1 0.5147058823529411 0.8686274509803922 0.026470588235294284 0.08235294117647059
1 0.8779411764705882 0.34705882352941175 0.058823529411764705 0.047058823529411764
1 0.9470588235294117 0.3215686274509804 0.029411764705882353 0.06666666666666667
1 0.01911764705882353 0.396078431372549 0.07941176470588235 0.0784313725490196
1 0.11176470588235295 0.45294117647058824 0.07058823529411765 0.10980392156862745
1 0.17647058823529413 0.49411764705882355 0.05882352941176466 0.09019607843137255
1 0.17205882352941176 0.5705882352941176 0.047058823529411764 0.03137254901960784
1 0.2867647058823529 0.6294117647058823 0.061764705882352944 0.10588235294117647
1 0.19558823529411765 0.9568627450980393 0.023529411764705882 0.08235294117647059
1 0.12352941176470589 0.28823529411764703 0.041176470588235294 0.10196078431372549
1 0.3426470588235294 0.2 0.03235294117647059 0.08235294117647059
1 0.43676470588235294 0.32745098039215687 0.07352941176470588 0.0784313725490196
1 0.32941176470588235 0.3784313725490196 0.047058823529411764 0.07058823529411765
1 0.6676470588235294 0.2647058823529412 0.03235294117647059 0.06666666666666667
1 0.6147058823529412 0.37450980392156863 0.061764705882352944 0.07450980392156863
1 0.5514705882352942 0.5058823529411764 0.029411764705882353 0.07450980392156863
1 0.513235294117647 0.7196078431372549 0.04411764705882336 0.047058823529411764
1 0.6661764705882353 0.7941176470588235 0.04411764705882353 0.07058823529411765
1 0.7838235294117647 0.28823529411764703 0.05588235294117647 0.08627450980392157
1 0.788235294117647 0.12352941176470589 0.061764705882352944 0.054901960784313725
1 0.6808823529411765 0.07254901960784314 0.052941176470588235 0.043137254901960784
1 0.5661764705882353 0.8313725490196079 0.047058823529411764 0.03137254901960784
