1 0.2897058823529412 0.5078431372549019 0.0823529411764705 0.08235294117647059
1 0.011764705882352941 0.28431372549019607 0.052941176470588235 0.058823529411764705
1 0.8661764705882353 0.5784313725490197 0.05588235294117647 0.027450980392156862
1 0.836764705882353 0.7823529411764706 0.052941176470588235 0.050980392156862744
1 0.7161764705882353 0.8823529411764706 0.041176470588235294 0.09411764705882353
1 0.9088235294117647 0.4137254901960784 0.03823529411764706 0.058823529411764705
1 0.8102941176470588 0.4627450980392157 0.05588235294117647 0.043137254901960784
1 0.913235294117647 0.884313725490196 0.03823529411764706 0.047058823529411764
1 0.23970588235294119 0.10784313725490197 0.061764705882352944 0.09019607843137255
1 0.4838235294117647 0.3333333333333333 0.04411764705882353 0.054901960784313725
1 0.4308823529411765 0.24705882352941178 0.041176470588235294 0.047058823529411764
1 0.775 0.10392156862745099 0.058823529411764705 0.06666666666666667
1 0.9088235294117647 0.22941176470588234 0.03529411764705882 0.07058823529411765
1 0.8264705882352941 0.24313725490196078 0.06764705882352941 0.050980392156862744
1 0.7264705882352941 0.3784313725490196 0.052941176470588235 0.058823529411764705
1 0.7382352941176471 0.5627450980392157 0.03235294117647059 0.0392156862745098
1 0.6352941176470588 0.7588235294117647 0.052941176470588235 0.06274509803921569
1 0.48676470588235293 0.24901960784313726 0.05 0.0784313725490196
1 0.7941176470588235 0.6137254901960785 0.05588235294117647 0.023529411764705882
1 0.7661764705882353 0.788235294117647 0.04411764705882353 0.054901960784313725
1 0.5279411764705882 0.8352941176470589 0.052941176470588235 0.0784313725490196
1 0.4161764705882353 0.6470588235294118 0.06764705882352941 0.09803921568627451
1 0.33676470588235297 0.7235294117647059 0.08823529411764698 0.12549019607843137
1 0.17794117647058824 0.5470588235294118 0.05 0.11764705882352941
1 0.08529411764705883 0.28431372549019607 0.08823529411764706 0.10588235294117647
1 0.45 0.4019607843137255 0.052941176470588235 0.07058823529411765
1 0.5455882352941176 0.5392156862745098 0.04705882352941193 0.0784313725490196
1 0.6352941176470588 0.4392156862745098 0.04411764705882353 0.06274509803921569
1 0.3176470588235294 0.24509803921568626 0.058823529411764705 0.047058823529411764
1 0.5602941176470588 0.3568627450980392 0.03529411764705882 0.0784313725490196
1 0.7352941176470589 0.6725490196078432 0.03823529411764689 0.07058823529411765
1 0.9367647058823529 0.9725490196078431 0.041176470588235294 0.06666666666666667
1 0.8970588235294118 0.9274509803921569 0.04411764705882353 0.047058823529411764
1 0.43970588235294117 0.08627450980392157 0.05588235294117647 0.058823529411764705
1 0.3764705882352941 0.1411764705882353 0.04411764705882353 0.07058823529411765
1 0.3014705882352941 0.07058823529411765 0.09411764705882353 0.07058823529411765
1 0.1514705882352941 0.03333333333333333 0.09411764705882357 0.06666666666666667
