1 0.8931082981715893 0.4552238805970149 0.09563994374120956 0.16417910447761194
1 0.9901547116736991 0.3712686567164179 0.08438818565400844 0.1417910447761194
1 0.7172995780590717 0.9011194029850746 0.10689170182841069 0.13805970149253732
1 0.3909985935302391 0.4832089552238806 0.07876230661040788 0.09328358208955224
1 0.5007032348804501 0.08582089552238806 0.10407876230661041 0.15298507462686567
1 0.4838255977496484 0.31343283582089554 0.10689170182841069 0.15298507462686567
1 0.28973277074542897 0.8246268656716418 0.0759493670886076 0.08955223880597014
1 0.35161744022503516 0.835820895522388 0.10407876230661041 0.1417910447761194
1 0.5344585091420534 0.5373134328358209 0.1293952180028131 0.17537313432835822
1 0.5316455696202531 0.7518656716417911 0.10689170182841085 0.13059701492537312
1 0.2714486638537271 0.9440298507462687 0.06751054852320683 0.08582089552238806
1 0.9071729957805907 0.9029850746268657 0.11251758087201125 0.16044776119402984
1 0.4092827004219409 0.3582089552238806 0.09845288326300984 0.11940298507462686
