1 0.04360056258790436 0.3917910447761194 0.08438818565400844 0.10074626865671642
1 0.5850914205344585 0.2630597014925373 0.07313642756680731 0.11940298507462686
1 0.8270042194092827 0.664179104477612 0.06751054852320675 0.0708955223880597
1 0.8917018284106891 0.6604477611940298 0.07032348804500703 0.1044776119402985
1 0.6216596343178622 0.07276119402985075 0.05625879043600562 0.06343283582089553
1 0.11954992967651196 0.4458955223880597 0.05625879043600562 0.08955223880597014
1 0.4908579465541491 0.6996268656716418 0.07032348804500703 0.10820895522388059
1 0.17721518987341772 0.4701492537313433 0.07313642756680731 0.09328358208955224
1 0.7187060478199718 0.2667910447761194 0.09001406469760916 0.11940298507462686
1 0.7834036568213784 0.6156716417910447 0.07313642756680731 0.07089552238805949
1 0.5569620253164557 0.34888059701492535 0.08157524613220815 0.11194029850746269
