1 0.6191176470588236 0.11764705882352941 0.06470588235294118 0.10588235294117647
1 0.5073529411764706 0.013725490196078431 0.07647058823529412 0.0392156862745098
1 0.045588235294117645 0.34509803921568627 0.10588235294117647 0.13725490196078433
1 0.1323529411764706 0.4215686274509804 0.07058823529411765 0.10588235294117647
1 0.2088235294117647 0.5117647058823529 0.07058823529411765 0.09411764705882353
1 0.28823529411764703 0.5588235294117647 0.07058823529411773 0.08627450980392157
1 0.38235294117647056 0.6470588235294118 0.058823529411764705 0.10196078431372549
1 0.48676470588235293 0.6901960784313725 0.07647058823529412 0.06666666666666667
1 0.5823529411764706 0.6647058823529411 0.09117647058823529 0.06274509803921569
1 0.675 0.5843137254901961 0.06470588235294135 0.07058823529411765
1 0.7220588235294118 0.5294117647058824 0.047058823529411764 0.06274509803921569
1 0.7705882352941177 0.43529411764705883 0.06764705882352941 0.07450980392156863
1 0.6264705882352941 0.4568627450980392 0.05 0.08627450980392157
