1 0.7897058823529411 0.703921568627451 0.06764705882352941 0.08235294117647059
1 0.2911764705882353 0.7411764705882353 0.06764705882352941 0.09803921568627451
1 0.15 0.6078431372549019 0.07941176470588235 0.08627450980392157
1 0.9205882352941176 0.711764705882353 0.05588235294117647 0.07450980392156863
1 0.8588235294117647 0.7137254901960784 0.06470588235294118 0.07058823529411765
1 0.011764705882352941 0.3686274509803922 0.052941176470588235 0.08627450980392157
1 0.7426470588235294 0.19411764705882353 0.052941176470588235 0.08627450980392157
1 0.7823529411764706 0.26862745098039215 0.07647058823529412 0.08627450980392157
1 0.8558823529411764 0.21764705882352942 0.09411764705882353 0.08235294117647059
1 0.9838235294117647 0.050980392156862744 0.058823529411764705 0.06666666666666667
1 0.08676470588235294 0.5058823529411764 0.09705882352941177 0.12156862745098039
1 0.025 0.7588235294117647 0.05 0.12156862745098039
