1 0.3789954337899543 0.3381818181818182 0.1278538812785388 0.16242424242424242
1 0.5625570776255707 0.08848484848484849 0.08036529680365276 0.16242424242424242
1 0.012785388127853882 0.8242424242424242 0.06575342465753424 0.13090909090909092
1 0.8082191780821918 0.8278787878787879 0.1461187214611872 0.17939393939393938
1 0.5899543378995433 0.18787878787878787 0.0821917808219176 0.08969696969696969
1 0.07853881278538813 0.7672727272727272 0.08767123287671233 0.11393939393939394
1 0.12420091324200913 0.6703030303030303 0.10228310502283106 0.1478787878787879
1 0.26210045662100456 0.4496969696969697 0.12054794520547946 0.16
1 0.6319634703196347 0.17212121212121212 0.0730593607305936 0.10181818181818182
1 0.4776255707762557 0.9345454545454546 0.15342465753424658 0.17696969696969697
1 0.6109589041095891 0.08242424242424243 0.08767123287671233 0.11393939393939394
1 0.9625570776255707 0.05333333333333334 0.16073059360730593 0.1890909090909091
