1 0.913235294117647 0.30392156862745096 0.07058823529411765 0.0784313725490196
1 0.7735294117647059 0.8549019607843137 0.10294117647058823 0.0784313725490196
1 0.31470588235294117 0.9901960784313726 0.04411764705882353 0.06274509803921569
1 0.18235294117647058 0.396078431372549 0.05588235294117647 0.07450980392156863
1 0.8911764705882353 0.03725490196078431 0.06470588235294118 0.06274509803921569
1 0.8294117647058824 0.1843137254901961 0.047058823529411764 0.050980392156862744
1 0.8294117647058824 0.4235294117647059 0.061764705882352944 0.06666666666666667
1 0.8308823529411765 0.7215686274509804 0.07352941176470588 0.07058823529411765
1 0.1661764705882353 0.3137254901960784 0.058823529411764705 0.07450980392156863
1 0.15588235294117647 0.17058823529411765 0.05 0.09019607843137255
1 0.3014705882352941 0.18823529411764706 0.06764705882352941 0.06274509803921569
1 0.5470588235294118 0.10588235294117647 0.06176470588235278 0.06666666666666667
1 0.986764705882353 0.013725490196078431 0.058823529411764705 0.06274509803921569
1 0.8088235294117647 0.054901960784313725 0.07647058823529412 0.06274509803921569
1 0.4264705882352941 0.38823529411764707 0.061764705882352944 0.054901960784313725
1 0.7955882352941176 0.24705882352941178 0.058823529411764705 0.07450980392156863
1 0.11323529411764706 0.903921568627451 0.04411764705882353 0.0784313725490196
