1 0.03823529411764706 0.3627450980392157 0.05294117647058823 0.0784313725490196
1 0.18676470588235294 0.5117647058823529 0.058823529411764705 0.07058823529411765
1 0.5882352941176471 0.592156862745098 0.041176470588235294 0.0784313725490196
1 0.5117647058823529 0.796078431372549 0.05588235294117647 0.08235294117647059
1 0.27941176470588236 0.7235294117647059 0.06764705882352941 0.08235294117647059
1 0.08088235294117647 0.2627450980392157 0.061764705882352944 0.0784313725490196
1 0.2088235294117647 0.0784313725490196 0.058823529411764705 0.054901960784313725
1 0.1411764705882353 0.15294117647058825 0.052941176470588235 0.058823529411764705
1 0.010294117647058823 0.4294117647058823 0.05 0.07058823529411765
1 0.6411764705882353 0.10392156862745099 0.049999999999999836 0.050980392156862744
1 0.8073529411764706 0.09411764705882353 0.047058823529411764 0.050980392156862744
1 0.9470588235294117 0.16666666666666666 0.052941176470588235 0.043137254901960784
1 0.9352941176470588 0.615686274509804 0.05 0.06274509803921569
1 0.8823529411764706 0.6588235294117647 0.052941176470588235 0.07058823529411765
1 0.9397058823529412 0.9019607843137255 0.05588235294117647 0.06666666666666667
1 0.16176470588235295 0.6254901960784314 0.07647058823529412 0.07450980392156863
1 0.052941176470588235 0.7019607843137254 0.07647058823529412 0.10196078431372549
1 0.060294117647058824 0.9745098039215686 0.08823529411764706 0.043137254901960784
1 0.47058823529411764 0.00980392156862745 0.058823529411764705 0.023529411764705882
1 0.18088235294117647 0.7941176470588235 0.061764705882352944 0.07450980392156863
1 0.25588235294117645 0.01568627450980392 0.061764705882352944 0.027450980392156862
1 0.37941176470588234 0.3686274509803922 0.061764705882352944 0.054901960784313725
1 0.736764705882353 0.11764705882352941 0.0470588235294116 0.047058823529411764
1 0.9426470588235294 0.5333333333333333 0.05 0.058823529411764705
