1 0.6647058823529411 0.25098039215686274 0.052941176470588235 0.058823529411764705
1 0.7455882352941177 0.3254901960784314 0.058823529411764705 0.047058823529411764
1 0.8867647058823529 0.29215686274509806 0.052941176470588235 0.07058823529411765
1 0.2235294117647059 0.7509803921568627 0.061764705882352944 0.08627450980392157
1 0.31470588235294117 0.09215686274509804 0.06470588235294118 0.06274509803921569
1 0.3514705882352941 0.8627450980392157 0.05294117647058832 0.09803921568627451
1 0.5088235294117647 0.8098039215686275 0.05 0.0784313725490196
1 0.4294117647058823 0.19215686274509805 0.06470588235294118 0.050980392156862744
1 0.8455882352941176 0.27058823529411763 0.04411764705882353 0.050980392156862744
1 0.9397058823529412 0.20588235294117646 0.061764705882352944 0.06666666666666667
1 0.836764705882353 0.041176470588235294 0.061764705882352944 0.050980392156862744
1 0.775 0.027450980392156862 0.03235294117647059 0.06666666666666667
1 0.9485294117647058 0.0196078431372549 0.06764705882352941 0.047058823529411764
1 0.09852941176470588 0.5196078431372549 0.07058823529411765 0.07450980392156863
1 0.011764705882352941 0.5882352941176471 0.03823529411764706 0.09411764705882353
1 0.22647058823529412 0.5941176470588235 0.07352941176470588 0.08627450980392157
1 0.5058823529411764 0.9549019607843138 0.061764705882352944 0.07058823529411765
1 0.2735294117647059 0.9862745098039216 0.07941176470588227 0.050980392156862744
