1 0.015454545454545455 0.7915151515151515 0.056363636363636366 0.07757575757575758
1 0.8418181818181818 0.1503030303030303 0.06545454545454546 0.08242424242424243
1 0.19636363636363635 0.41454545454545455 0.06909090909090909 0.09454545454545454
1 0.3409090909090909 0.4509090909090909 0.07454545454545454 0.08484848484848485
1 0.6818181818181818 0.07515151515151515 0.05818181818181818 0.09696969696969697
1 0.02090909090909091 0.40606060606060607 0.0890909090909091 0.10181818181818182
1 0.06909090909090909 0.2012121212121212 0.05090909090909091 0.07757575757575758
1 0.2381818181818182 0.13696969696969696 0.08727272727272728 0.0703030303030303
1 0.9663636363636363 0.019393939393939394 0.08545454545454545 0.0993939393939394
1 0.17181818181818181 0.11272727272727273 0.06727272727272728 0.11393939393939394
