1 0.30239099859353025 0.7593283582089553 0.0759493670886076 0.11567164179104457
1 0.3037974683544304 0.914179104477612 0.07032348804500703 0.11567164179104478
1 0.48523206751054854 0.3712686567164179 0.06751054852320675 0.09701492537313433
1 0.07172995780590717 0.30223880597014924 0.08157524613220815 0.06716417910447761
1 0.5738396624472574 0.9552238805970149 0.0759493670886076 0.10820895522388059
1 0.4711673699015471 0.29850746268656714 0.07313642756680731 0.10074626865671642
1 0.2630098452883263 0.6399253731343284 0.08157524613220808 0.1044776119402985
1 0.4289732770745429 0.13246268656716417 0.09282700421940929 0.13805970149253732
1 0.5189873417721519 0.7033582089552238 0.01969057665260197 0.08582089552238806
1 0.7229254571026723 0.03544776119402985 0.11814345991561181 0.1791044776119403
1 0.46554149085794655 0.6268656716417911 0.053445850914205346 0.06343283582089553
1 0.3980309423347398 0.04664179104477612 0.10407876230661041 0.12313432835820895
1 0.48523206751054854 0.5354477611940298 0.09845288326300984 0.1417910447761194
1 0.21518987341772153 0.3358208955223881 0.07313642756680731 0.09328358208955224
