1 0.6821378340365682 0.3824626865671642 0.08720112517580872 0.09328358208955224
1 0.4472573839662447 0.6399253731343284 0.14345991561181434 0.16417910447761194
1 0.32208157524613223 0.033582089552238806 0.059071729957805824 0.10074626865671642
1 0.5977496483825597 0.8264925373134329 0.1744022503516176 0.21641791044776118
1 0.870604781997187 0.4869402985074627 0.1828410689170183 0.19776119402985073
1 0.40646976090014064 0.13992537313432835 0.09845288326300984 0.15671641791044777
1 0.459915611814346 0.5223880597014925 0.10689170182841069 0.13059701492537312
1 0.3150492264416315 0.7705223880597015 0.14345991561181434 0.14925373134328357
1 0.3727144866385373 0.007462686567164179 0.04781997187060478 0.05970149253731343
1 0.21237693389592124 0.22574626865671643 0.14064697609001406 0.208955223880597
1 0.459915611814346 0.4048507462686567 0.09845288326300984 0.14925373134328357
1 0.540084388185654 0.4832089552238806 0.09001406469760916 0.08208955223880597
