1 0.360056258790436 0.35074626865671643 0.090014064697609 0.10820895522388059
1 0.7735583684950773 0.027985074626865673 0.10126582278481013 0.08208955223880597
1 0.45569620253164556 0.22574626865671643 0.07313642756680731 0.04477611940298507
1 0.21237693389592124 0.009328358208955223 0.0759493670886076 0.10820895522388059
1 0.6188466947960619 0.048507462686567165 0.0759493670886076 0.0708955223880597
1 0.5963431786216596 0.2873134328358209 0.14627285513361463 0.17537313432835822
1 0.4430379746835443 0.13805970149253732 0.08438818565400844 0.12313432835820895
1 0.20675105485232068 0.5242537313432836 0.0759493670886076 0.07462686567164178
1 0.5147679324894515 0.1791044776119403 0.06188466947960603 0.0708955223880597
1 0.45569620253164556 0.27052238805970147 0.07876230661040788 0.05970149253731343
