1 0.41363636363636364 0.7006060606060606 0.04727272727272727 0.055757575757575756
1 0.17636363636363636 0.6351515151515151 0.045454545454545456 0.06303030303030303
1 0.5154545454545455 0.5975757575757575 0.056363636363636366 0.06060606060606047
1 0.6645454545454546 0.37212121212121213 0.02909090909090909 0.06060606060606061
1 0.740909090909091 0.3490909090909091 0.05636363636363657 0.06787878787878789
1 0.4254545454545455 0.5927272727272728 0.034545454545454546 0.055757575757575895
1 0.4290909090909091 0.5187878787878788 0.03272727272727273 0.07272727272727272
1 0.17363636363636364 0.7345454545454545 0.04181818181818182 0.048484848484848485
1 0.2827272727272727 0.8872727272727273 0.04909090909090909 0.055757575757575756
1 0.6127272727272727 0.48 0.04727272727272727 0.06787878787878789
1 0.5763636363636364 0.19515151515151516 0.04 0.06787878787878789
1 0.5881818181818181 0.12606060606060607 0.04 0.06303030303030303
1 0.5872727272727273 0.3793939393939394 0.023636363636363636 0.07757575757575758
1 0.6518181818181819 0.616969696969697 0.03272727272727273 0.05818181818181818
1 0.5372727272727272 0.7660606060606061 0.03272727272727273 0.05818181818181818
1 0.8136363636363636 0.03878787878787879 0.06909090909090909 0.05090909090909091
1 0.6781818181818182 0.8884848484848484 0.045454545454545456 0.048484848484848485
1 0.6827272727272727 0.7793939393939394 0.04727272727272727 0.05818181818181818
