1 0.2180028129395218 0.4608208955223881 0.09845288326300984 0.10820895522388059
1 0.45850914205344584 0.15671641791044777 0.07313642756680731 0.06716417910447761
1 0.5682137834036568 0.125 0.15471167369901548 0.20522388059701493
1 0.09142053445850915 0.6100746268656716 0.1209563994374121 0.11940298507462686
1 0.1279887482419128 0.03731343283582089 0.10689170182841069 0.13059701492537312
1 0.270042194092827 0.376865671641791 0.11251758087201133 0.09701492537313433
1 0.3558368495077356 0.5167910447761194 0.16877637130801687 0.23507462686567165
1 0.2587904360056259 0.2873134328358209 0.11533052039381145 0.13059701492537312
1 0.9648382559774965 0.026119402985074626 0.07876230661040788 0.11567164179104478
1 0.3389592123769339 0.31343283582089554 0.05907172995780591 0.0708955223880597
