1 0.8241912798874824 0.08582089552238806 0.11533052039381153 0.16417910447761194
1 0.8565400843881856 0.9029850746268657 0.10689170182841069 0.1417910447761194
1 0.759493670886076 0.7630597014925373 0.0759493670886076 0.11940298507462686
1 0.8396624472573839 0.5578358208955224 0.090014064697609 0.12686567164179105
1 0.9929676511954993 0.47388059701492535 0.07313642756680731 0.09701492537313433
1 0.1631504922644163 0.11753731343283583 0.0956399437412096 0.1455223880597015
1 0.7018284106891702 0.8208955223880597 0.07594936708860743 0.0708955223880597
1 0.8270042194092827 0.7294776119402985 0.07876230661040788 0.10074626865671642
1 0.9268635724331927 0.26119402985074625 0.0759493670886076 0.08955223880597014
1 0.7285513361462729 0.7574626865671642 0.06188466947960619 0.06343283582089553
