1 0.1 0.25575757575757574 0.038181818181818185 0.05090909090909084
1 0.46 0.3563636363636364 0.06727272727272728 0.041212121212121214
1 0.3190909090909091 0.9418181818181818 0.034545454545454546 0.06787878787878789
1 0.5072727272727273 0.4896969696969697 0.03090909090909091 0.08242424242424243
1 0.34 0.8654545454545455 0.04727272727272727 0.07757575757575758
1 0.30636363636363634 0.9866666666666667 0.04909090909090909 0.08242424242424243
1 0.5654545454545454 0.5418181818181819 0.056363636363636366 0.0630303030303029
1 0.5672727272727273 0.44606060606060605 0.04363636363636364 0.05818181818181818
1 0.07818181818181819 0.23636363636363636 0.04727272727272727 0.06303030303030303
1 0.6781818181818182 0.16484848484848486 0.04 0.04606060606060606
1 0.6627272727272727 0.29333333333333333 0.03272727272727273 0.04606060606060606
1 0.6190909090909091 0.7527272727272727 0.05272727272727273 0.06787878787878789
1 0.5490909090909091 0.9466666666666667 0.03272727272727273 0.08
