1 0.2390998593530239 0.7238805970149254 0.10970464135021098 0.17164179104477612
1 0.3656821378340366 0.8152985074626866 0.180028129395218 0.22761194029850745
1 0.14345991561181434 0.9402985074626866 0.11251758087201125 0.16044776119402984
1 0.07735583684950774 0.2966417910447761 0.10970464135021098 0.1455223880597015
1 0.5161744022503516 0.3582089552238806 0.15471167369901548 0.19402985074626866
1 0.8523206751054853 0.13805970149253732 0.1490857946554149 0.11567164179104478
1 0.4120956399437412 0.30970149253731344 0.08438818565400844 0.11940298507462686
1 0.23628691983122363 0.48507462686567165 0.11251758087201125 0.1417910447761194
1 0.26019690576652604 0.5951492537313433 0.12095639943741202 0.14925373134328357
1 0.32770745428973275 0.5018656716417911 0.0731364275668074 0.11567164179104478
