1 0.22545454545454546 0.7212121212121212 0.04181818181818182 0.06060606060606061
1 0.2681818181818182 0.08121212121212121 0.045454545454545456 0.06303030303030303
1 0.013636363636363636 0.5890909090909091 0.045454545454545456 0.06545454545454546
1 0.4172727272727273 0.26666666666666666 0.04727272727272727 0.06545454545454546
1 0.2390909090909091 0.3018181818181818 0.04181818181818182 0.06303030303030303
1 0.30454545454545456 0.5745454545454546 0.04181818181818182 0.04606060606060592
1 0.03363636363636364 0.6533333333333333 0.038181818181818185 0.05090909090909091
1 0.05454545454545454 0.6690909090909091 0.034545454545454546 0.041212121212121214
1 0.2718181818181818 0.32727272727272727 0.04363636363636374 0.05818181818181818
1 0.21454545454545454 0.7915151515151515 0.04 0.05333333333333334
1 0.18181818181818182 0.6060606060606061 0.04181818181818182 0.06303030303030303
1 0.22090909090909092 0.5951515151515151 0.04181818181818182 0.05818181818181832
1 0.31363636363636366 0.7636363636363637 0.04 0.055757575757575756
1 0.39454545454545453 0.6412121212121212 0.04909090909090909 0.06303030303030303
1 0.18454545454545454 0.8787878787878788 0.038181818181818185 0.048484848484848485
1 0.19 0.5006060606060606 0.03272727272727273 0.04363636363636364
1 0.1918181818181818 0.5357575757575758 0.034545454545454594 0.04606060606060606
1 0.3 0.21696969696969698 0.038181818181818185 0.055757575757575756
1 0.4290909090909091 0.6024242424242424 0.04181818181818182 0.06060606060606061
1 0.5054545454545455 0.7103030303030303 0.03636363636363636 0.05333333333333334
1 0.2 0.926060606060606 0.038181818181818185 0.04363636363636364
1 0.3236363636363636 0.014545454545454545 0.04909090909090909 0.06303030303030303
