1 0.3278538812785388 0.6012121212121212 0.0365296803652968 0.05818181818181818
1 0.33515981735159817 0.27151515151515154 0.10593607305936073 0.21333333333333326
1 0.5634703196347032 0.19151515151515153 0.10776255707762557 0.13090909090909092
1 0.4374429223744292 0.05818181818181818 0.07123287671232877 0.10424242424242425
1 0.4337899543378995 0.1987878787878788 0.07488584474885844 0.10181818181818182
1 0.40365296803652967 0.4266666666666667 0.07488584474885844 0.12363636363636364
1 0.3954337899543379 0.509090909090909 0.062100456621004566 0.08000000000000014
1 0.1634703196347032 0.5333333333333333 0.07853881278538807 0.09696969696969697
1 0.3598173515981735 0.5381818181818182 0.058447488584474884 0.08242424242424243
1 0.6337899543378995 0.7975757575757576 0.1187214611872146 0.17454545454545456
1 0.5287671232876713 0.6460606060606061 0.091324200913242 0.1406060606060606
1 0.31232876712328766 0.7357575757575757 0.07123287671232877 0.10181818181818182
1 0.25844748858447486 0.5103030303030303 0.09680365296803653 0.11878787878787893
