1 0.6835443037974683 0.27052238805970147 0.05625879043600562 0.10074626865671642
1 0.2250351617440225 0.43656716417910446 0.03938115330520394 0.10820895522388059
1 0.6680731364275668 0.7052238805970149 0.08157524613220815 0.1417910447761194
1 0.5569620253164557 0.41044776119402987 0.090014064697609 0.12686567164179105
1 0.9142053445850914 0.45149253731343286 0.12939521800281295 0.1828358208955224
1 0.630098452883263 0.6175373134328358 0.07876230661040788 0.11567164179104478
1 0.5907172995780591 0.498134328358209 0.090014064697609 0.11194029850746269
1 0.2419127988748242 0.6548507462686567 0.06751054852320675 0.08582089552238806
1 0.6694796061884669 0.9197761194029851 0.11533052039381153 0.1455223880597015
1 0.45850914205344584 0.707089552238806 0.08438818565400844 0.09328358208955224
