1 0.17360369958134572 0.33380749164570445 0.06616862326574173 0.11095305832147938
1 0.0562077550776104 0.11901375053617388 0.04055496264674493 0.025604551920341393
1 0.12771255763897646 0.9582740634806973 0.0384204909284952 0.07396870554765292
1 0.22376378496021446 0.8473210051592179 0.08537886872998933 0.09957325746799431
1 0.24617573800183665 0.5286865812616361 0.023479188900747065 0.07681365576102418
1 0.07435076468273313 0.4205784731535281 0.10672358591248667 0.13655761024182078
1 0.8256848095066393 0.41488857272678553 0.08537886872998933 0.12802275960170698
1 0.9377445747147503 0.5827406353156902 0.0832443970117396 0.1166429587482219
1 0.9686944146293713 0.7961119013185352 0.04695837780149413 0.07396870554765292
1 0.563144788161922 0.9611190136940686 0.0832443970117396 0.09388335704125178
