1 0.6290909090909091 0.25696969696969696 0.03999999999999979 0.07272727272727272
1 0.6981818181818182 0.41818181818181815 0.04363636363636384 0.0703030303030303
1 0.6845454545454546 0.3612121212121212 0.03636363636363636 0.05090909090909091
1 0.8718181818181818 0.8363636363636363 0.05454545454545454 0.06060606060606061
1 0.1 0.29818181818181816 0.04727272727272727 0.06545454545454553
1 0.7 0.2896969696969697 0.06727272727272728 0.055757575757575686
1 0.7872727272727272 0.5066666666666667 0.04363636363636364 0.05090909090909077
1 0.8563636363636363 0.696969696969697 0.06 0.05333333333333334
1 0.04363636363636364 0.42303030303030303 0.06363636363636363 0.05818181818181818
1 0.5281818181818182 0.1393939393939394 0.06363636363636363 0.05818181818181815
