1 0.4964838255977497 0.41044776119402987 0.16033755274261605 0.20522388059701493
1 0.2714486638537271 0.011194029850746268 0.07594936708860768 0.09701492537313433
1 0.379746835443038 0.30970149253731344 0.08438818565400844 0.08582089552238806
1 0.3558368495077356 0.375 0.08438818565400844 0.08955223880597014
1 0.0829817158931083 0.08768656716417911 0.1209563994374121 0.20149253731343283
1 0.37412095639943743 0.22014925373134328 0.10407876230661041 0.11194029850746269
1 0.5569620253164557 0.125 0.05907172995780591 0.07462686567164178
1 0.2489451476793249 0.4869402985074627 0.10126582278481013 0.12313432835820895
1 0.6905766526019691 0.07835820895522388 0.14908579465541474 0.19029850746268656
1 0.08438818565400844 0.6809701492537313 0.08157524613220815 0.09701492537313433
1 0.4430379746835443 0.2667910447761194 0.06188466947960619 0.0708955223880597
