1 0.6648401826484018 0.8121212121212121 0.1278538812785388 0.16484848484848486
1 0.41187214611872147 0.2109090909090909 0.07671232876712329 0.12363636363636364
1 0.41278538812785387 0.06787878787878789 0.0639269406392694 0.12606060606060604
1 0.3726027397260274 0.5818181818181818 0.0365296803652968 0.09212121212121212
1 0.3287671232876712 0.6375757575757576 0.052968036529680365 0.0703030303030303
1 0.5378995433789955 0.6642424242424242 0.10776255707762557 0.12848484848484848
1 0.3223744292237443 0.7830303030303031 0.08401826484018254 0.11151515151515151
1 0.554337899543379 0.18545454545454546 0.1132420091324201 0.12363636363636364
1 0.13972602739726028 0.5915151515151515 0.09680365296803653 0.12848484848484848
1 0.3141552511415525 0.29454545454545455 0.1278538812785388 0.21818181818181817
1 0.4009132420091324 0.44727272727272727 0.08401826484018265 0.12848484848484848
1 0.39452054794520547 0.5393939393939394 0.06027397260273973 0.07272727272727272
1 0.24748858447488584 0.5515151515151515 0.11506849315068493 0.16
