1 0.22644163150492264 0.125 0.07876230661040788 0.1044776119402985
1 0.41350210970464135 0.14925373134328357 0.08438818565400844 0.11194029850746269
1 0.4936708860759494 0.7238805970149254 0.10407876230661041 0.15671641791044777
1 0.48945147679324896 0.8805970149253731 0.07876230661040788 0.09701492537313433
1 0.3980309423347398 0.06902985074626866 0.06188466947960619 0.07462686567164178
1 0.40365682137834036 0.4123134328358209 0.08438818565400844 0.1044776119402985
1 0.22784810126582278 0.789179104477612 0.09845288326300984 0.07835820895522388
1 0.3755274261603376 0.8600746268656716 0.09845288326300984 0.11940298507462686
1 0.4050632911392405 0.31156716417910446 0.09282700421940929 0.1417910447761194
1 0.23066104078762306 0.6735074626865671 0.08438818565400844 0.12313432835820895
1 0.24050632911392406 0.5466417910447762 0.06751054852320675 0.10074626865671642
1 0.45569620253164556 0.4701492537313433 0.08720112517580872 0.1417910447761194
1 0.2039381153305204 0.4253731343283582 0.07313642756680731 0.1044776119402985
