1 0.4360056258790436 0.292910447761194 0.0759493670886076 0.10820895522388059
1 0.7524613220815752 0.4552238805970149 0.06188466947960619 0.1044776119402985
1 0.8073136427566807 0.44029850746268656 0.0759493670886076 0.11567164179104478
1 0.379746835443038 0.29850746268656714 0.06469760900140648 0.11194029850746269
1 0.5977496483825597 0.9776119402985075 0.05625879043600578 0.055970149253731345
1 0.7819971870604782 0.5410447761194029 0.06188466947960619 0.07462686567164178
1 0.16877637130801687 0.5167910447761194 0.04219409282700422 0.06343283582089553
1 0.8396624472573839 0.36380597014925375 0.07876230661040788 0.12686567164179105
1 0.7187060478199718 0.8563432835820896 0.05063291139240522 0.0708955223880597
1 0.9156118143459916 0.3675373134328358 0.09845288326300984 0.13059701492537312
1 0.909985935302391 0.458955223880597 0.08438818565400844 0.12686567164179105
