1 0.7187060478199718 0.5690298507462687 0.05063291139240522 0.07462686567164178
1 0.9184247538677919 0.07649253731343283 0.09845288326300984 0.12686567164179105
1 0.6751054852320675 0.8992537313432836 0.05907172995780591 0.09328358208955224
1 0.14064697609001406 0.31716417910447764 0.06469760900140648 0.08208955223880586
1 0.5977496483825597 0.7089552238805971 0.06751054852320691 0.11567164179104478
1 0.4120956399437412 0.024253731343283583 0.07876230661040788 0.09701492537313433
1 0.9563994374120957 0.7966417910447762 0.11251758087201125 0.1791044776119403
1 0.8326300984528833 0.0037313432835820895 0.06469760900140648 0.07835820895522388
1 0.6272855133614628 0.7854477611940298 0.05907172995780591 0.07835820895522388
1 0.2911392405063291 0.9085820895522388 0.06188466947960619 0.08955223880597014
1 0.8002812939521801 0.11194029850746269 0.08157524613220815 0.10820895522388059
1 0.30942334739803096 0.5970149253731343 0.04781997187060478 0.08955223880597014
1 0.7763713080168776 0.21641791044776118 0.07876230661040788 0.11194029850746263
1 0.7172995780590717 0.9906716417910447 0.07032348804500703 0.08582089552238806
1 0.2812939521800281 0.7294776119402985 0.04781997187060478 0.07462686567164178
1 0.3431786216596343 0.05223880597014925 0.06751054852320675 0.10820895522388059
1 0.7426160337552743 0.15485074626865672 0.06751054852320675 0.1044776119402985
