1 0.6061884669479606 0.6100746268656716 0.12939521800281295 0.16044776119402984
1 0.3769338959212377 0.8600746268656716 0.08438818565400844 0.12313432835820895
1 0.5386779184247539 0.7313432835820896 0.1490857946554149 0.1865671641791045
1 0.09282700421940929 0.8563432835820896 0.21940928270042195 0.3619402985074627
1 0.9549929676511955 0.960820895522388 0.09563994374120956 0.0708955223880597
1 0.45288326300984527 0.8339552238805971 0.10126582278481013 0.13432835820895522
1 0.9634317862165963 0.06529850746268656 0.12939521800281295 0.19402985074626866
1 0.7651195499296765 0.3787313432835821 0.14627285513361463 0.20149253731343283
1 0.6090014064697609 0.5111940298507462 0.1490857946554149 0.16791044776119404
1 0.5133614627285513 0.6492537313432836 0.10407876230661041 0.1044776119402985
1 0.4289732770745429 0.9458955223880597 0.12939521800281295 0.11940298507462686
1 0.8846694796061885 0.9384328358208955 0.13783403656821377 0.16044776119402984
