1 0.36146272855133615 0.1791044776119403 0.06751054852320675 0.08208955223880597
1 0.6061884669479606 0.5541044776119403 0.05063291139240506 0.07835820895522388
1 0.1308016877637131 0.2966417910447761 0.07032348804500699 0.05970149253731343
1 0.5780590717299579 0.3843283582089552 0.07032348804500688 0.07462686567164178
1 0.28973277074542897 0.1791044776119403 0.05625879043600562 0.0708955223880597
1 0.15330520393811534 0.9440298507462687 0.13783403656821377 0.14925373134328357
1 0.6976090014064698 0.291044776119403 0.053445850914205346 0.06716417910447761
1 0.5963431786216596 0.498134328358209 0.04781997187060478 0.055970149253731345
1 0.6455696202531646 0.4925373134328358 0.06751054852320675 0.08208955223880597
1 0.2770745428973277 0.11194029850746269 0.06188466947960619 0.07835820895522388
1 0.4092827004219409 0.11380597014925373 0.06751054852320675 0.08955223880597014
1 0.19690576652601968 0.20522388059701493 0.05907172995780591 0.08208955223880597
1 0.6033755274261603 0.30970149253731344 0.05907172995780607 0.08582089552238806
1 0.5063291139240507 0.15858208955223882 0.06188466947960619 0.0895522388059701
1 0.8087201125175809 0.44776119402985076 0.05063291139240506 0.08208955223880597
1 0.05485232067510549 0.2537313432835821 0.07876230661040788 0.09328358208955224
1 0.43741209563994377 0.9589552238805971 0.04219409282700422 0.08208955223880597
1 0.5611814345991561 0.3302238805970149 0.04219409282700422 0.06716417910447761
1 0.8888888888888888 0.4291044776119403 0.03938115330520394 0.06343283582089553
1 0.42616033755274263 0.5970149253731343 0.06188466947960619 0.10074626865671642
