1 0.31645569620253167 0.28544776119402987 0.11814345991561173 0.16044776119402984
1 0.790436005625879 0.417910447761194 0.07032348804500703 0.11940298507462686
1 0.45147679324894513 0.10261194029850747 0.1209563994374121 0.13432835820895522
1 0.3361462728551336 0.6231343283582089 0.11533052039381153 0.16044776119402984
1 0.3980309423347398 0.208955223880597 0.1209563994374121 0.14925373134328357
1 0.3136427566807314 0.8563432835820896 0.10689170182841069 0.15298507462686567
1 0.06047819971870605 0.8339552238805971 0.08157524613220815 0.09701492537313433
1 0.2419127988748242 0.27052238805970147 0.10407876230661041 0.1417910447761194
1 0.9578059071729957 0.48880597014925375 0.090014064697609 0.13432835820895522
1 0.7946554149085795 0.6473880597014925 0.05907172995780591 0.08955223880597014
1 0.31223628691983124 0.40298507462686567 0.12376933895921238 0.15298507462686567
1 0.4360056258790436 0.029850746268656716 0.10407876230661041 0.055970149253731345
1 0.3530239099859353 0.10074626865671642 0.10970464135021098 0.16044776119402984
1 0.1490857946554149 0.7089552238805971 0.0759493670886076 0.09328358208955224
1 0.22784810126582278 0.39365671641791045 0.10689170182841069 0.15671641791044777
1 0.7187060478199718 0.36380597014925375 0.1265822784810128 0.1865671641791045
