1 0.5189873417721519 0.6529850746268657 0.08157524613220815 0.10820895522388059
1 0.6863572433192686 0.6417910447761194 0.06751054852320675 0.08955223880597014
1 0.4908579465541491 0.39552238805970147 0.05625879043600562 0.06343283582089553
1 0.7060478199718706 0.9384328358208955 0.06469760900140648 0.09701492537313433
1 0.5639943741209564 0.30783582089552236 0.05907172995780591 0.08955223880597026
1 0.21518987341772153 0.7686567164179104 0.07313642756680731 0.09701492537313433
1 0.170182841068917 0.8246268656716418 0.08720112517580872 0.09701492537313433
1 0.7032348804500703 0.8638059701492538 0.04781997187060478 0.07462686567164178
1 0.5063291139240507 0.3582089552238806 0.05063291139240506 0.05970149253731343
1 0.509142053445851 0.251865671641791 0.05625879043600562 0.09701492537313433
1 0.3670886075949367 0.5876865671641791 0.05907172995780591 0.08208955223880597
1 0.3333333333333333 0.628731343283582 0.0450070323488045 0.07835820895522388
1 0.44585091420534456 0.6082089552238806 0.07876230661040788 0.07835820895522388
1 0.7580872011251758 0.8805970149253731 0.06188466947960619 0.10820895522388059
1 0.4472573839662447 0.48880597014925375 0.06751054852320675 0.10074626865671642
1 0.7482419127988749 0.5970149253731343 0.0450070323488045 0.07462686567164178
1 0.5991561181434599 0.5485074626865671 0.06469760900140648 0.08582089552238806
1 0.18846694796061886 0.6791044776119403 0.09282700421940929 0.11940298507462686
1 0.6962025316455697 0.7593283582089553 0.030942334739802933 0.059701492537313224
1 0.03234880450070324 0.7611940298507462 0.09845288326300984 0.13432835820895522
1 0.8663853727144867 0.8917910447761194 0.06469760900140648 0.08208955223880597
1 0.4767932489451477 0.29850746268656714 0.04781997187060478 0.08208955223880597
