1 0.1726027397260274 0.8836363636363637 0.11141552511415526 0.14303030303030304
1 0.17990867579908676 0.730909090909091 0.10228310502283106 0.13090909090909092
1 0.2264840182648402 0.5224242424242425 0.07123287671232877 0.10666666666666667
1 0.4557077625570776 0.30666666666666664 0.091324200913242 0.12363636363636371
1 0.4246575342465753 0.5515151515151515 0.05662100456621005 0.09212121212121212
1 0.3598173515981735 0.5296969696969697 0.08401826484018265 0.10181818181818182
1 0.34794520547945207 0.18545454545454546 0.05662100456621005 0.08
1 0.36164383561643837 0.25333333333333335 0.038356164383561646 0.07515151515151508
1 0.43105022831050227 0.6496969696969697 0.06027397260273973 0.08
1 0.4557077625570776 0.76 0.058447488584474884 0.07515151515151515
1 0.4767123287671233 0.84 0.0547945205479452 0.07272727272727272
1 0.3908675799086758 0.3696969696969697 0.08767123287671233 0.11636363636363636
