1 0.5583684950773559 0.4291044776119403 0.09563994374120956 0.13805970149253732
1 0.3488045007032349 0.6305970149253731 0.0759493670886076 0.09701492537313433
1 0.6230661040787623 0.6529850746268657 0.08720112517580872 0.13805970149253732
1 0.20534458509142053 0.3656716417910448 0.03656821378340366 0.09701492537313433
1 0.43037974683544306 0.9365671641791045 0.06188466947960619 0.10820895522388059
1 0.6638537271448663 0.2126865671641791 0.04219409282700422 0.06716417910447761
1 0.5246132208157525 0.3414179104477612 0.08438818565400844 0.13059701492537312
1 0.5935302390998594 0.5690298507462687 0.08720112517580872 0.13059701492537312
1 0.6146272855133614 0.8824626865671642 0.08438818565400844 0.1417910447761194
1 0.20253164556962025 0.5839552238805971 0.05063291139240506 0.05970149253731343
1 0.4360056258790436 0.6511194029850746 0.07313642756680731 0.08208955223880597
1 0.6933895921237694 0.9888059701492538 0.08438818565400828 0.05970149253731343
1 0.8720112517580872 0.3712686567164179 0.1350210970464135 0.16791044776119404
