1 0.3558368495077356 0.7033582089552238 0.05625879043600562 0.06716417910447761
1 0.18565400843881857 0.04477611940298507 0.05907172995780591 0.06716417910447761
1 0.60056258790436 0.15111940298507462 0.05625879043600578 0.07835820895522388
1 0.07735583684950774 0.6119402985074627 0.1209563994374121 0.13432835820895522
1 0.5021097046413502 0.35634328358208955 0.0450070323488045 0.05970149253731343
1 0.7158931082981715 0.2966417910447761 0.04500703234880466 0.0708955223880597
1 0.11251758087201125 0.07649253731343283 0.06188466947960619 0.08208955223880597
1 0.3319268635724332 0.39365671641791045 0.05063291139240506 0.1044776119402985
1 0.5555555555555556 0.34888059701492535 0.05907172995780591 0.08955223880597014
1 0.5175808720112518 0.40298507462686567 0.04500703234880434 0.06716417910447761
1 0.48945147679324896 0.2537313432835821 0.06188466947960619 0.06716417910447761
1 0.5063291139240507 0.17350746268656717 0.06751054852320675 0.08208955223880597
1 0.25035161744022505 0.04291044776119403 0.0450070323488045 0.07835820895522388
1 0.46554149085794655 0.19402985074626866 0.04219409282700422 0.06343283582089553
1 0.4050632911392405 0.041044776119402986 0.06469760900140648 0.08208955223880597
