1 0.47257383966244726 0.9291044776119403 0.08157524613220815 0.10820895522388059
1 0.5316455696202531 0.166044776119403 0.09001406469760916 0.1865671641791045
1 0.20815752461322082 0.024253731343283583 0.07876230661040788 0.10820895522388059
1 0.2630098452883263 0.4626865671641791 0.09563994374120949 0.12686567164179105
1 0.5485232067510548 0.498134328358209 0.07876230661040788 0.11567164179104478
1 0.8171589310829818 0.753731343283582 0.0759493670886076 0.10074626865671642
1 0.4289732770745429 0.4962686567164179 0.090014064697609 0.12686567164179105
1 0.509142053445851 0.4216417910447761 0.06751054852320675 0.11567164179104478
1 0.5752461322081576 0.7481343283582089 0.07594936708860743 0.10820895522388059
1 0.26582278481012656 0.26865671641791045 0.09563994374120964 0.1455223880597015
1 0.6385372714486639 0.7723880597014925 0.07313642756680716 0.09328358208955224
