1 0.5041095890410959 0.3612121212121212 0.05662100456621005 0.06787878787878789
1 0.5223744292237443 0.4218181818181818 0.05662100456621005 0.07515151515151515
1 0.2593607305936073 0.49818181818181817 0.0821917808219178 0.11151515151515151
1 0.39360730593607307 0.18666666666666668 0.05662100456621005 0.07515151515151515
1 0.4045662100456621 0.6618181818181819 0.06027397260273973 0.08969696969696969
1 0.2502283105022831 0.3709090909090909 0.05662100456621005 0.06545454545454546
1 0.27214611872146116 0.20242424242424242 0.06210045662100467 0.07757575757575758
1 0.4730593607305936 0.2909090909090909 0.06027397260273973 0.0703030303030303
1 0.45388127853881277 0.20606060606060606 0.052968036529680365 0.07272727272727272
1 0.5680365296803653 0.566060606060606 0.05662100456621005 0.06787878787878789
1 0.5378995433789955 0.4909090909090909 0.05662100456621005 0.0703030303030303
