1 0.6007371007371007 0.4763458401305057 0.0687960687960688 0.10766721044045677
1 0.29115479115479115 0.42088091353996737 0.036855036855036855 0.048939641109298535
1 0.6965601965601965 0.9559543230016313 0.12039312039312039 0.13376835236541598
1 0.2457002457002457 0.45024469820554647 0.036855036855036855 0.048939641109298535
1 0.6339066339066339 0.3817292006525285 0.07616707616707617 0.08809135399673745
1 0.961916461916462 0.49755301794453505 0.10073710073710074 0.1598694942903752
1 0.7457002457002457 0.8075040783034257 0.07125307125307126 0.09135399673735727
1 0.8058968058968059 0.7210440456769984 0.08845208845208845 0.10114192495921678
1 0.7285012285012284 0.20554649265905384 0.09090909090909091 0.11092985318107668
1 0.8525798525798526 0.013050570962479609 0.09336609336609336 0.08156606851549755
1 0.8906633906633906 0.6492659053833605 0.10073710073710074 0.1468189233278956
1 0.785012285012285 0.1468189233278956 0.05896805896805897 0.08156606851549755
1 0.5749385749385749 0.5872756933115824 0.07616707616707617 0.09787928221859707
1 0.8108108108108109 0.0766721044045677 0.06142506142506143 0.06525285481239804
1 0.6769041769041769 0.29526916802610115 0.06388206388206388 0.10114192495921696
