0 0.5882352941176471 0.5354477611940298 0.0392156862745098 0.05223880597014925
0 0.9747899159663865 0.21828358208955223 0.05322128851540616 0.05970149253731343
0 0.7450980392156863 0.23507462686567165 0.036414565826330535 0.048507462686567165
0 0.7857142857142857 0.21828358208955223 0.036414565826330535 0.05970149253731343
0 0.15826330532212884 0.26119402985074625 0.06162464985994398 0.05970149253731343
0 0.31092436974789917 0.2555970149253731 0.0700280112044818 0.08208955223880597
0 0.5602240896358543 0.3302238805970149 0.047619047619047616 0.07835820895522388
0 0.12605042016806722 0.30783582089552236 0.04481792717086835 0.04850746268656727
0 0.742296918767507 0.7276119402985075 0.0392156862745098 0.055970149253731345
0 0.4495798319327731 0.46828358208955223 0.04481792717086835 0.06716417910447761
