0 0.9089635854341737 0.8955223880597015 0.0392156862745098 0.0708955223880597
0 0.13865546218487396 0.7276119402985075 0.036414565826330535 0.06343283582089553
0 0.3389355742296919 0.09328358208955224 0.03081232492997199 0.048507462686567165
0 0.18067226890756302 0.1623134328358209 0.03361344537815126 0.06343283582089553
0 0.023809523809523808 0.17723880597014927 0.036414565826330535 0.05223880597014925
0 0.2507002801120448 0.24253731343283583 0.03361344537815126 0.055970149253731345
0 0.06722689075630252 0.20708955223880596 0.036414565826330535 0.048507462686567165
0 0.43557422969187676 0.539179104477612 0.047619047619047616 0.0708955223880597
0 0.10644257703081232 0.7798507462686567 0.03081232492997199 0.05223880597014925
0 0.25630252100840334 0.9664179104477612 0.0476190476190477 0.07462686567164178
0 0.28431372549019607 0.6977611940298507 0.047619047619047616 0.06343283582089553
0 0.17086834733893558 0.5279850746268657 0.03361344537815126 0.05223880597014925
0 0.5658263305322129 0.5578358208955224 0.047619047619047616 0.05223880597014925
