1 0.21542227662178703 0.17455138662316477 0.0416156670746634 0.07177814029363784
1 0.412484700122399 0.3360522022838499 0.03671970624235006 0.052202283849918436
1 0.05752753977968176 0.636215334420881 0.06609547123623011 0.08156606851549737
1 0.10281517747858017 0.08972267536704731 0.05385556915544676 0.07830342577487764
1 0.6768665850673194 0.03425774877650897 0.03916768665850673 0.052202283849918436
1 0.7050183598531212 0.1533442088091354 0.03671970624235006 0.04567699836867863
1 0.7209302325581395 0.300163132137031 0.02937576499388005 0.05872756933115824
1 0.1664626682986536 0.1370309951060359 0.03671970624235006 0.04567699836867863
1 0.3353733170134639 0.734094616639478 0.0416156670746634 0.07504078303425775
1 0.24969400244798043 0.11582381729200653 0.022031823745410038 0.05546492659053834
1 0.05997552019583843 0.45187601957585644 0.02937576499388005 0.07830342577487764
1 0.8702570379436965 0.1500815660685155 0.02937576499388005 0.052202283849918436
