1 0.7552742616033755 0.332089552238806 0.0759493670886076 0.11567164179104478
1 0.9142053445850914 0.20335820895522388 0.10407876230661041 0.13432835820895522
1 0.9226441631504922 0.2966417910447761 0.09845288326300984 0.11194029850746269
1 0.9479606188466948 0.9757462686567164 0.08720112517580872 0.10074626865671642
1 0.6385372714486639 0.960820895522388 0.08720112517580857 0.12313432835820895
1 0.790436005625879 0.40671641791044777 0.09282700421940929 0.11940298507462686
1 0.7988748241912799 0.30783582089552236 0.07876230661040788 0.13059701492537304
1 0.8326300984528833 0.20708955223880596 0.06751054852320675 0.11940298507462686
1 0.4289732770745429 0.1921641791044776 0.05907172995780591 0.10074626865671642
1 0.7257383966244726 0.7444029850746269 0.053445850914205346 0.07462686567164178
1 0.6033755274261603 0.8768656716417911 0.08720112517580889 0.13805970149253732
1 0.37130801687763715 0.20708955223880596 0.07876230661040788 0.11567164179104478
1 0.1617440225035162 0.4533582089552239 0.07032348804500699 0.07462686567164178
1 0.29535864978902954 0.8563432835820896 0.053445850914205346 0.07462686567164178
