0 0.7857142857142857 0.24813432835820895 0.036414565826330535 0.05223880597014925
0 0.5210084033613446 0.5727611940298507 0.05322128851540616 0.0708955223880597
0 0.11064425770308123 0.8190298507462687 0.04201680672268908 0.048507462686567165
0 0.4327731092436975 0.6940298507462687 0.05322128851540616 0.08955223880597014
0 0.7170868347338936 0.8731343283582089 0.06442577030812324 0.10074626865671642
0 0.5392156862745098 0.16417910447761194 0.03361344537815126 0.05970149253731343
0 0.8865546218487395 0.5746268656716418 0.056022408963585436 0.07462686567164178
0 0.7661064425770309 0.19776119402985073 0.04201680672268908 0.05223880597014925
0 0.6092436974789915 0.8824626865671642 0.05322128851540632 0.07462686567164178
0 0.6484593837535014 0.42723880597014924 0.05042016806722689 0.0708955223880597
0 0.41876750700280113 0.48880597014925375 0.05042016806722689 0.08955223880597014
0 0.1568627450980392 0.7649253731343284 0.04201680672268908 0.07835820895522388
0 0.5770308123249299 0.13805970149253732 0.03361344537815142 0.048507462686567165
0 0.5980392156862745 0.48880597014925375 0.047619047619047616 0.05970149253731343
