1 0.6568213783403657 0.08955223880597014 0.14064697609001406 0.19029850746268656
1 0.43319268635724334 0.75 0.11251758087201125 0.17164179104477612
1 0.41631504922644164 0.4869402985074627 0.09563994374120956 0.11940298507462686
1 0.6441631504922645 0.539179104477612 0.171589310829817 0.208955223880597
1 0.45288326300984527 0.3880597014925373 0.0759493670886076 0.11194029850746269
1 0.046413502109704644 0.2630597014925373 0.12376933895921238 0.09328358208955224
1 0.11533052039381153 0.5130597014925373 0.1490857946554149 0.15671641791044777
1 0.369901547116737 0.4085820895522388 0.10689170182841069 0.11940298507462686
1 0.1828410689170183 0.27425373134328357 0.090014064697609 0.11194029850746269
1 0.4936708860759494 0.19029850746268656 0.0759493670886076 0.11567164179104478
1 0.04922644163150492 0.1958955223880597 0.11814345991561181 0.1044776119402985
1 0.459915611814346 0.5634328358208955 0.08720112517580872 0.12686567164179105
