1 0.7760097919216646 0.18107667210440456 0.0587515299877601 0.06525285481239804
1 0.9657282741738066 0.01631321370309951 0.06854345165238677 0.052202283849918436
1 0.7943696450428397 0.5905383360522023 0.0587515299877601 0.06525285481239804
1 0.8996328029375765 0.11745513866231648 0.06119951040391677 0.07830342577487764
1 0.5018359853121175 0.42088091353996737 0.08812729498164015 0.12071778140293637
1 0.6450428396572827 0.12398042414355628 0.07099143206854346 0.08809135399673736
1 0.8200734394124847 0.5220228384991843 0.051407588739290085 0.07504078303425775
1 0.5936352509179926 0.5089722675367048 0.05385556915544676 0.07177814029363784
1 0.8151774785801713 0.33931484502446985 0.046511627906976744 0.07830342577487756
1 0.7833537331701347 0.6704730831973899 0.0587515299877601 0.07504078303425775
1 0.835985312117503 0.265905383360522 0.051407588739290085 0.08156606851549746
1 0.7013463892288861 0.44861337683523655 0.03182374541003672 0.07504078303425775
1 0.8188494492044064 0.42251223491027734 0.06364749082007344 0.07504078303425775
