1 0.279887482419128 0.6529850746268657 0.11814345991561181 0.13432835820895522
1 0.014064697609001406 0.4496268656716418 0.06188466947960619 0.07462686567164178
1 0.3206751054852321 0.753731343283582 0.1097046413502109 0.12686567164179105
1 0.5372714486638537 0.4962686567164179 0.1434599156118145 0.20522388059701493
1 0.33473980309423346 0.914179104477612 0.10689170182841069 0.1865671641791045
1 0.0014064697609001407 0.5223880597014925 0.09282700421940929 0.08208955223880597
1 0.01969057665260197 0.835820895522388 0.09845288326300984 0.16791044776119404
1 0.8185654008438819 0.1958955223880597 0.11814345991561181 0.11194029850746269
1 0.4767932489451477 0.9514925373134329 0.14345991561181434 0.19029850746268656
1 0.3727144866385373 0.6417910447761194 0.07032348804500703 0.12686567164179105
1 0.4191279887482419 0.44402985074626866 0.07876230661040788 0.1417910447761194
1 0.10689170182841069 0.5111940298507462 0.10970464135021098 0.13059701492537312
