1 0.9268635724331927 0.582089552238806 0.08720112517580872 0.12313432835820895
1 0.849507735583685 0.4701492537313433 0.08438818565400844 0.12686567164179105
1 0.39381153305203936 0.35634328358208955 0.06469760900140648 0.09328358208955224
1 0.7651195499296765 0.5447761194029851 0.06188466947960619 0.10074626865671642
1 0.4641350210970464 0.36007462686567165 0.08157524613220815 0.10074626865671642
1 0.9282700421940928 0.47947761194029853 0.08720112517580872 0.11194029850746269
1 0.18143459915611815 0.5578358208955224 0.05907172995780591 0.07835820895522388
1 0.8157524613220816 0.5485074626865671 0.07032348804500703 0.10820895522388059
1 0.7932489451476793 0.6417910447761194 0.07313642756680731 0.11194029850746269
1 0.720112517580872 0.9533582089552238 0.05063291139240506 0.07462686567164178
