1 0.4970588235294118 0.1980392156862745 0.04411764705882353 0.06274509803921569
1 0.4264705882352941 0.8392156862745098 0.020588235294117647 0.06274509803921569
1 0.375 0.9470588235294117 0.03529411764705882 0.047058823529411764
1 0.3779411764705882 0.6607843137254902 0.05 0.0392156862745098
1 0.46176470588235297 0.8588235294117647 0.03529411764705882 0.050980392156862744
1 0.38823529411764707 0.6137254901960785 0.041176470588235294 0.050980392156862744
1 0.26029411764705884 0.40588235294117647 0.041176470588235294 0.03529411764705882
1 0.5470588235294118 0.7862745098039216 0.03235294117647042 0.050980392156862744
1 0.09852941176470588 0.7333333333333333 0.05 0.03529411764705882
1 0.8720588235294118 0.45294117647058824 0.029411764705882353 0.047058823529411764
1 0.09558823529411764 0.9098039215686274 0.03235294117647059 0.047058823529411764
1 0.8794117647058823 0.7764705882352941 0.041176470588235294 0.0392156862745098
1 0.41911764705882354 0.6803921568627451 0.029411764705882353 0.050980392156862744
1 0.09852941176470588 0.8627450980392157 0.03823529411764706 0.050980392156862744
1 0.9411764705882353 0.5137254901960784 0.03235294117647059 0.050980392156862744
1 0.6338235294117647 0.6666666666666666 0.03823529411764706 0.050980392156862744
1 0.8970588235294118 0.8470588235294118 0.041176470588235294 0.03529411764705882
1 0.8485294117647059 0.5490196078431373 0.041176470588235294 0.0392156862745098
1 0.10882352941176471 0.9627450980392157 0.03235294117647059 0.043137254901960784
1 0.7544117647058823 0.6352941176470588 0.03235294117647059 0.0392156862745098
1 0.7102941176470589 0.6941176470588235 0.04411764705882353 0.0392156862745098
1 0.6455882352941177 0.4549019607843137 0.026470588235294117 0.08235294117647059
1 0.6794117647058824 0.6509803921568628 0.04411764705882353 0.050980392156862744
1 0.5794117647058824 0.7156862745098039 0.023529411764705715 0.050980392156862744
1 0.27205882352941174 0.6235294117647059 0.04117647058823538 0.043137254901960784
1 0.45 0.7803921568627451 0.04411764705882353 0.03137254901960784
1 0.4808823529411765 0.703921568627451 0.041176470588235294 0.03137254901960784
1 0.5514705882352942 0.2647058823529412 0.03529411764705882 0.054901960784313725
1 0.4323529411764706 0.6078431372549019 0.041176470588235294 0.03529411764705882
1 0.058823529411764705 0.9372549019607843 0.03823529411764706 0.050980392156862744
1 0.9 0.09803921568627451 0.03529411764705882 0.047058823529411764
1 0.7426470588235294 0.8117647058823529 0.023529411764705882 0.050980392156862744
1 0.7720588235294118 0.5882352941176471 0.05 0.0392156862745098
1 0.43676470588235294 0.0803921568627451 0.058823529411764705 0.08235294117647059
1 0.8323529411764706 0.3607843137254902 0.029411764705882353 0.050980392156862744
1 0.03529411764705882 0.8470588235294118 0.029411764705882353 0.050980392156862744
1 0.6014705882352941 0.6803921568627451 0.047058823529411764 0.0392156862745098
1 0.1676470588235294 0.696078431372549 0.050000000000000044 0.0392156862745098
1 0.8970588235294118 0.46078431372549017 0.03823529411764706 0.043137254901960784
1 0.6205882352941177 0.5352941176470588 0.03823529411764706 0.043137254901960784
1 0.9308823529411765 0.807843137254902 0.03529411764705882 0.043137254901960784
1 0.7397058823529412 0.5823529411764706 0.04411764705882353 0.043137254901960784
1 0.4823529411764706 0.8117647058823529 0.04411764705882353 0.03137254901960784
1 0.6176470588235294 0.3058823529411765 0.047058823529411764 0.043137254901960784
1 0.3397058823529412 0.5764705882352941 0.05 0.03529411764705882
1 0.7691176470588236 0.47843137254901963 0.023529411764705882 0.054901960784313725
1 0.9102941176470588 0.5431372549019607 0.029411764705882353 0.058823529411764705
1 0.9 0.4215686274509804 0.03823529411764706 0.043137254901960784
1 0.913235294117647 0.1588235294117647 0.03823529411764706 0.047058823529411764
