1 0.620253164556962 0.7518656716417911 0.0759493670886076 0.11194029850746269
1 0.19127988748241911 0.875 0.11533052039381153 0.14925373134328357
1 0.030942334739803096 0.9421641791044776 0.090014064697609 0.09328358208955224
1 0.20253164556962025 0.9626865671641791 0.090014064697609 0.07462686567164178
1 0.33755274261603374 0.8059701492537313 0.07313642756680731 0.08955223880597014
1 0.45850914205344584 0.7947761194029851 0.09282700421940929 0.11194029850746269
1 0.5288326300984529 0.8544776119402985 0.08720112517580857 0.12686567164179105
1 0.7032348804500703 0.8582089552238806 0.06188466947960619 0.11194029850746269
1 0.729957805907173 0.7313432835820896 0.04219409282700422 0.07462686567164178
1 0.6779184247538678 0.6623134328358209 0.05907172995780591 0.07462686567164178
1 0.5218002812939522 0.5503731343283582 0.05063291139240506 0.08582089552238806
1 0.7735583684950773 0.8115671641791045 0.04219409282700422 0.06343283582089553
1 0.6019690576652602 0.457089552238806 0.053445850914205346 0.0708955223880597
1 0.559774964838256 0.4141791044776119 0.0450070323488045 0.06716417910447761
1 0.8396624472573839 0.9011194029850746 0.03656821378340366 0.06716417910447761
1 0.5443037974683544 0.5093283582089553 0.04219409282700422 0.07089552238805949
1 0.3853727144866385 0.7630597014925373 0.05063291139240506 0.10074626865671642
1 0.4669479606188467 0.6455223880597015 0.06469760900140648 0.11940298507462686
1 0.5274261603375527 0.4552238805970149 0.0450070323488045 0.06343283582089553
