0 0.5574229691876751 0.15858208955223882 0.07563025210084033 0.09701492537313428
0 0.6008403361344538 0.39925373134328357 0.0700280112044818 0.09328358208955224
0 0.06722689075630252 0.8395522388059702 0.07282913165266107 0.07835820895522388
0 0.8739495798319328 0.8824626865671642 0.056022408963585436 0.04477611940298507
0 0.21708683473389356 0.5410447761194029 0.07563025210084033 0.08582089552238806
0 0.14565826330532214 0.9869402985074627 0.04481792717086835 0.041044776119402986
0 0.9327731092436975 0.4458955223880597 0.07282913165266107 0.09701492537313433
0 0.20168067226890757 0.8507462686567164 0.06162464985994398 0.07835820895522388
0 0.7675070028011205 0.1958955223880597 0.09243697478991597 0.11940298507462686
0 0.8207282913165266 0.9832089552238806 0.06442577030812324 0.04477611940298507
0 0.5518207282913166 0.7630597014925373 0.04201680672268908 0.05970149253731343
0 0.3319327731092437 0.6044776119402985 0.06442577030812324 0.08208955223880597
0 0.7535014005602241 0.8768656716417911 0.056022408963585436 0.07835820895522388
0 0.8613445378151261 0.9309701492537313 0.058823529411764705 0.06716417910447761
0 0.41876750700280113 0.5261194029850746 0.05042016806722689 0.07835820895522388
0 0.7030812324929971 0.9906716417910447 0.04481792717086851 0.029850746268656716
0 0.9159663865546218 0.3582089552238806 0.0700280112044818 0.10074626865671642
0 0.6694677871148459 0.9682835820895522 0.047619047619047776 0.06343283582089553
0 0.25630252100840334 0.4664179104477612 0.07002801120448188 0.09328358208955224
0 0.18207282913165265 0.7705223880597015 0.0700280112044818 0.08582089552238806
