0 0.5322128851540616 0.40298507462686567 0.047619047619047616 0.06343283582089553
0 0.20868347338935575 0.2555970149253731 0.022408963585434174 0.048507462686567165
0 0.23669467787114845 0.251865671641791 0.025210084033613446 0.05970149253731343
0 0.5322128851540616 0.20708955223880596 0.04481792717086835 0.06716417910447761
0 0.3641456582633053 0.014925373134328358 0.04481792717086835 0.048507462686567165
0 0.17366946778711484 0.3582089552238806 0.03081232492997199 0.03731343283582089
0 0.3123249299719888 0.020522388059701493 0.047619047619047616 0.055970149253731345
0 0.25910364145658266 0.1044776119402985 0.02801120448179264 0.048507462686567165
0 0.18067226890756302 0.20522388059701493 0.03361344537815126 0.03731343283582089
0 0.5392156862745098 0.2630597014925373 0.06162464985994398 0.08582089552238806
0 0.18207282913165265 0.3824626865671642 0.03081232492997199 0.03731343283582089
0 0.7492997198879552 0.39925373134328357 0.06722689075630252 0.08208955223880597
0 0.47058823529411764 0.4291044776119403 0.05042016806722689 0.08208955223880597
0 0.2927170868347339 0.3246268656716418 0.03361344537815126 0.05970149253731343
0 0.34593837535014005 0.06529850746268656 0.0392156862745098 0.055970149253731345
0 0.8389355742296919 0.13059701492537312 0.0896358543417367 0.11940298507462686
0 0.2815126050420168 0.125 0.028011204481792718 0.05970149253731343
