1 0.5691554467564259 0.2936378466557912 0.03671970624235006 0.048939641109298535
1 0.8164014687882497 0.3735725938009788 0.03671970624235006 0.04241435562805873
1 0.758873929008568 0.9429037520391517 0.02937576499388005 0.06851549755301795
1 0.6181150550795593 0.3278955954323002 0.05875152998776024 0.07830342577487764
1 0.7943696450428397 0.9184339314845025 0.03427172582619339 0.052202283849918436
1 0.7197062423500612 0.8743882544861338 0.04895960832313342 0.06199021207177814
1 0.8641370869033048 0.8287112561174551 0.03671970624235006 0.06851549755301795
1 0.5226438188494492 0.29526916802610115 0.07099143206854346 0.07830342577487764
1 0.9632802937576499 0.466557911908646 0.056303549571603426 0.05546492659053834
1 0.7123623011015912 0.35073409461663946 0.03427172582619339 0.04567699836867863
1 0.5373317013463892 0.6818923327895595 0.056303549571603426 0.07177814029363784
1 0.780905752753978 0.3703099510603589 0.02937576499388005 0.06851549755301795
1 0.2215422276621787 0.12561174551386622 0.09057527539779682 0.08156606851549755
1 0.7478580171358629 0.3523654159869494 0.02937576499388005 0.03915171288743882
1 0.5801713586291309 0.22512234910277323 0.07343941248470012 0.07177814029363784
1 0.7576499388004896 0.8515497553017944 0.03916768665850673 0.04241435562805873
1 0.5324357405140759 0.5187601957585645 0.022031823745409896 0.06525285481239804
1 0.8653610771113831 0.3866231647634584 0.046511627906976744 0.02936378466557921
1 0.4320685434516524 0.2495921696574225 0.07099143206854346 0.07504078303425775
1 0.02692778457772338 0.026101141924959218 0.06854345165238677 0.08482871125611746
1 0.3488372093023256 0.19086460032626426 0.0832313341493268 0.0848287112561175
1 0.11260709914320685 0.0636215334420881 0.09791921664626684 0.09461663947797716
