1 0.4764705882352941 0.3607843137254902 0.04411764705882353 0.047058823529411764
1 0.725 0.9725490196078431 0.026470588235294117 0.07450980392156863
1 0.9147058823529411 0.6215686274509804 0.029411764705882353 0.0392156862745098
1 0.9691176470588235 0.6274509803921569 0.03235294117647059 0.047058823529411764
1 0.6176470588235294 0.5588235294117647 0.041176470588235294 0.047058823529411764
1 0.6573529411764706 0.9058823529411765 0.03529411764705882 0.047058823529411764
1 0.26323529411764707 0.3 0.041176470588235294 0.050980392156862744
1 0.6426470588235295 0.6058823529411764 0.03823529411764689 0.047058823529411764
1 0.5691176470588235 0.5 0.03823529411764706 0.050980392156862744
1 0.4411764705882353 0.29411764705882354 0.03823529411764706 0.047058823529411764
1 0.12058823529411765 0.21176470588235294 0.058823529411764705 0.08235294117647059
1 0.20441176470588235 0.2647058823529412 0.04411764705882353 0.058823529411764705
1 0.7191176470588235 0.796078431372549 0.04411764705882353 0.0392156862745098
1 0.8441176470588235 0.6745098039215687 0.04411764705882353 0.050980392156862744
1 0.10588235294117647 0.3568627450980392 0.052941176470588235 0.0392156862745098
1 0.9808823529411764 0.6725490196078432 0.041176470588235294 0.043137254901960784
1 0.3602941176470588 0.2901960784313726 0.041176470588235294 0.043137254901960784
1 0.7941176470588235 0.703921568627451 0.03823529411764706 0.03529411764705882
1 0.7602941176470588 0.907843137254902 0.03529411764705882 0.050980392156862744
1 0.5264705882352941 0.44313725490196076 0.03823529411764706 0.043137254901960784
1 0.7058823529411765 0.696078431372549 0.026470588235294284 0.06274509803921569
1 0.3161764705882353 0.29411764705882354 0.041176470588235294 0.0392156862745098
1 0.9485294117647058 0.5862745098039216 0.041176470588235294 0.0392156862745098
