1 0.7285513361462729 0.20708955223880596 0.08438818565400844 0.1455223880597015
1 0.30942334739803096 0.014925373134328358 0.08157524613220815 0.11194029850746269
1 0.22081575246132207 0.1828358208955224 0.1518987341772152 0.1791044776119403
1 0.2630098452883263 0.42723880597014924 0.11533052039381145 0.16417910447761194
1 0.9873417721518988 0.22014925373134328 0.07032348804500703 0.11567164179104478
1 0.919831223628692 0.3208955223880597 0.10407876230661041 0.13432835820895522
1 0.7623066104078763 0.4925373134328358 0.06188466947960619 0.08955223880597014
1 0.6497890295358649 0.1455223880597015 0.1293952180028131 0.17537313432835822
1 0.20675105485232068 0.061567164179104475 0.12376933895921238 0.1455223880597015
1 0.12658227848101267 0.018656716417910446 0.0759493670886076 0.11194029850746269
1 0.12376933895921238 0.16044776119402984 0.12939521800281295 0.19029850746268656
1 0.24753867791842477 0.6604477611940298 0.1350210970464135 0.17164179104477612
1 0.06610407876230662 0.5223880597014925 0.1350210970464135 0.17164179104477612
