0 0.40336134453781514 0.041044776119402986 0.0392156862745098 0.05223880597014925
0 0.9047619047619048 0.4906716417910448 0.05042016806722689 0.05223880597014925
0 0.9117647058823529 0.3712686567164179 0.0392156862745098 0.04477611940298507
0 0.8207282913165266 0.3283582089552239 0.0392156862745098 0.048507462686567165
0 0.49719887955182074 0.9757462686567164 0.04481792717086835 0.05970149253731343
0 0.3753501400560224 0.16977611940298507 0.03361344537815126 0.05223880597014925
0 0.5784313725490197 0.5186567164179104 0.06442577030812309 0.08582089552238806
0 0.4957983193277311 0.7966417910447762 0.05322128851540616 0.055970149253731345
0 0.7072829131652661 0.7817164179104478 0.04201680672268892 0.06343283582089553
0 0.7338935574229691 0.2294776119402985 0.04201680672268908 0.05970149253731343
0 0.1330532212885154 0.9029850746268657 0.0392156862745098 0.05223880597014925
0 0.35714285714285715 0.05970149253731343 0.03361344537815126 0.055970149253731345
0 0.7941176470588235 0.6063432835820896 0.05322128851540616 0.06343283582089553
0 0.665266106442577 0.061567164179104475 0.04481792717086835 0.05223880597014925
0 0.6974789915966386 0.5130597014925373 0.047619047619047616 0.06343283582089553
0 0.6862745098039216 0.871268656716418 0.047619047619047616 0.055970149253731345
