1 0.3319268635724332 0.8414179104477612 0.11251758087201125 0.12313432835820895
1 0.4191279887482419 0.957089552238806 0.13783403656821377 0.1828358208955224
1 0.4120956399437412 0.8395522388059702 0.13783403656821377 0.19029850746268656
1 0.3361462728551336 0.9514925373134329 0.10970464135021098 0.10820895522388059
1 0.34177215189873417 0.6455223880597015 0.08438818565400844 0.11940298507462686
1 0.5752461322081576 0.9776119402985075 0.13783403656821364 0.11567164179104478
1 0.3488045007032349 0.2294776119402985 0.10407876230661041 0.10074626865671642
1 0.869198312236287 0.1865671641791045 0.2109704641350211 0.24253731343283583
1 0.5161744022503516 0.47761194029850745 0.12939521800281295 0.1417910447761194
1 0.8185654008438819 0.4869402985074627 0.23066104078762306 0.31716417910447764
