1 0.6682986536107711 0.4730831973898858 0.05385556915544676 0.07504078303425775
1 0.05507955936352509 0.3278955954323002 0.056303549571603426 0.10766721044045677
1 0.9620563035495716 0.21044045676998369 0.08078335373317014 0.10114192495921696
1 0.07711138310893513 0.5497553017944535 0.06364749082007344 0.05872756933115824
1 0.8053855569155447 0.34910277324632955 0.06609547123623011 0.05872756933115824
1 0.07099143206854346 0.6117455138662317 0.05385556915544676 0.06199021207177814
1 0.847001223990208 0.6574225122349103 0.07343941248470012 0.08482871125611727
1 0.8310893512851897 0.5367047308319739 0.044063647490820076 0.07177814029363784
1 0.8678090575275398 0.3066884176182708 0.0587515299877601 0.06199021207177814
1 0.04528763769889841 0.0734094616639478 0.08567931456548347 0.09461663947797716
1 0.554467564259486 0.5513866231647635 0.08567931456548347 0.08482871125611746
1 0.0416156670746634 0.16802610114192496 0.07833537331701346 0.08156606851549755
1 0.1346389228886169 0.6557911908646004 0.06609547123623011 0.07504078303425775
1 0.02692778457772338 0.7716150081566069 0.048959608323133424 0.06851549755301795
1 0.7050183598531212 0.4453507340946166 0.051407588739290085 0.08809135399673736
1 0.7772337821297429 0.44861337683523655 0.046511627906976744 0.03915171288743882
1 0.09547123623011015 0.797716150081566 0.017135862913096694 0.07177814029363784
1 0.03427172582619339 0.2463295269168026 0.06609547123623011 0.04567699836867863
