1 0.5116279069767442 0.9526916802610114 0.051407588739290085 0.06525285481239804
1 0.18849449204406366 0.15171288743882544 0.03916768665850673 0.04567699836867863
1 0.2827417380660955 0.7112561174551386 0.07343941248470012 0.08482871125611764
1 0.03916768665850673 0.10603588907014681 0.06854345165238679 0.04567699836867863
1 0.2215422276621787 0.5513866231647635 0.0587515299877601 0.09787928221859707
1 0.9326805385556916 0.022838499184339316 0.044063647490820076 0.05220228384991843
1 0.1003671970624235 0.0799347471451876 0.07099143206854346 0.048939641109298535
1 0.2876376988984088 0.4812398042414356 0.04161566707466347 0.07177814029363784
1 0.7833537331701347 0.0864600326264274 0.04895960832313342 0.08156606851549755
1 0.7821297429620563 0.2300163132137031 0.04895960832313342 0.06525285481239804
1 0.7392900856793145 0.9216965742251223 0.022031823745410038 0.05546492659053834
1 0.5250917992656059 0.3425774877650897 0.05385556915544676 0.07177814029363784
1 0.1003671970624235 0.8303425774877651 0.06854345165238677 0.10440456769983687
1 0.4589963280293758 0.3164763458401305 0.06119951040391677 0.07177814029363784
1 0.2998776009791922 0.20717781402936378 0.06854345165238684 0.08156606851549755
1 0.42962056303549573 0.7846655791190864 0.03916768665850673 0.07830342577487784
1 0.36964504283965727 0.3181076672104405 0.056303549571603426 0.06525285481239813
1 0.6560587515299877 0.399673735725938 0.07343941248470012 0.05546492659053834
1 0.6046511627906976 0.8384991843393148 0.04895960832313328 0.03915171288743882
1 0.3292533659730722 0.831973898858075 0.03671970624235006 0.08156606851549755
1 0.19461444308445533 0.7520391517128875 0.051407588739290085 0.026101141924959402
