1 0.5323529411764706 0.9392156862745098 0.03529411764705882 0.08627450980392157
1 0.013235294117647059 0.492156862745098 0.05 0.07450980392156863
1 0.6014705882352941 0.1450980392156863 0.029411764705882353 0.0784313725490196
1 0.5411764705882353 0.45294117647058824 0.052941176470588235 0.0784313725490196
1 0.7426470588235294 0.615686274509804 0.058823529411764705 0.047058823529411764
1 0.7735294117647059 0.09607843137254903 0.07352941176470588 0.12941176470588237
1 0.3558823529411765 0.6509803921568628 0.04411764705882353 0.09411764705882353
1 0.24705882352941178 0.8725490196078431 0.07058823529411765 0.06274509803921569
1 0.34558823529411764 0.8450980392156863 0.06470588235294118 0.047058823529411764
1 0.8397058823529412 0.7980392156862746 0.047058823529411764 0.054901960784313725
1 0.1338235294117647 0.4823529411764706 0.08529411764705883 0.09803921568627451
