1 0.4430379746835443 0.8339552238805971 0.0450070323488045 0.11194029850746269
1 0.630098452883263 0.7313432835820896 0.05063291139240506 0.0708955223880597
1 0.6751054852320675 0.667910447761194 0.0450070323488045 0.06343283582089553
1 0.8537271448663853 0.628731343283582 0.06188466947960619 0.08208955223880597
1 0.9338959212376934 0.6119402985074627 0.04219409282700422 0.048507462686567165
1 0.7454289732770746 0.4496268656716418 0.04781997187060478 0.055970149253731345
1 0.6385372714486639 0.4701492537313433 0.05344585091420519 0.0708955223880597
1 0.5907172995780591 0.47574626865671643 0.04219409282700422 0.06343283582089553
1 0.6075949367088608 0.5410447761194029 0.04781997187060478 0.06716417910447761
1 0.5485232067510548 0.2966417910447761 0.0450070323488045 0.0708955223880597
1 0.45288326300984527 0.23507462686567165 0.07032348804500703 0.0708955223880597
1 0.3389592123769339 0.14925373134328357 0.04781997187060478 0.055970149253731345
1 0.3066104078762307 0.2332089552238806 0.04781997187060478 0.0708955223880597
1 0.32489451476793246 0.31716417910447764 0.050632911392405146 0.04850746268656727
1 0.3924050632911392 0.31902985074626866 0.05907172995780591 0.07835820895522388
1 0.2489451476793249 0.31529850746268656 0.0450070323488045 0.05223880597014925
1 0.2250351617440225 0.34888059701492535 0.05063291139240506 0.05223880597014925
1 0.13220815752461323 0.458955223880597 0.05063291139240502 0.06343283582089553
1 0.08720112517580872 0.3824626865671642 0.05907172995780591 0.08208955223880597
1 0.08579465541490858 0.5018656716417911 0.04781997187060478 0.06716417910447761
