1 0.42334739803094235 0.42350746268656714 0.10126582278481013 0.16417910447761194
1 0.3656821378340366 0.1921641791044776 0.0759493670886076 0.1417910447761194
1 0.31223628691983124 0.18470149253731344 0.07032348804500703 0.08955223880597014
1 0.33052039381153303 0.6511194029850746 0.09001406469760909 0.11194029850746269
1 0.40365682137834036 0.5802238805970149 0.06469760900140648 0.07462686567164178
1 0.4444444444444444 0.6436567164179104 0.07313642756680731 0.1044776119402985
1 0.4022503516174402 0.7182835820895522 0.08720112517580872 0.12313432835820895
1 0.45569620253164556 0.8805970149253731 0.08438818565400844 0.10820895522388059
1 0.1631504922644163 0.4626865671641791 0.08720112517580876 0.1455223880597015
1 0.11814345991561181 0.21082089552238806 0.07313642756680731 0.1044776119402985
1 0.17158931082981715 0.6044776119402985 0.09563994374120956 0.1044776119402985
1 0.1589310829817159 0.06529850746268656 0.09563994374120953 0.10074626865671642
1 0.3108298171589311 0.05783582089552239 0.10689170182841069 0.10820895522388059
