1 0.3402692778457772 0.5350734094616639 0.046511627906976744 0.07177814029363784
1 0.6670746634026927 0.16965742251223492 0.05385556915544676 0.07504078303425771
1 0.011015911872705019 0.5464926590538336 0.0416156670746634 0.04241435562805873
1 0.8604651162790697 0.057096247960848286 0.056303549571603426 0.07177814029363784
1 0.5813953488372093 0.19738988580750408 0.046511627906976744 0.03588907014681892
1 0.17503059975520197 0.4257748776508972 0.056303549571603426 0.07504078303425775
1 0.02447980416156671 0.7177814029363785 0.04895960832313342 0.08156606851549755
1 0.3243574051407589 0.6737357259380098 0.0416156670746634 0.07177814029363784
1 0.41615667074663404 0.7928221859706363 0.051407588739290085 0.06851549755301795
1 0.35495716034271724 0.8597063621533442 0.06119951040391677 0.07504078303425775
1 0.0795593635250918 0.5203915171288744 0.05385556915544676 0.04241435562805873
1 0.7760097919216646 0.07830342577487764 0.08078335373317014 0.0358890701468189
1 0.5263157894736842 0.2300163132137031 0.07343941248470012 0.03262642740619902
1 0.9681762545899633 0.022838499184339316 0.0416156670746634 0.04567699836867863
1 0.379436964504284 0.7194127243066885 0.051407588739290085 0.048939641109298535
1 0.2533659730722154 0.5530179445350734 0.04895960832313342 0.05220228384991862
