1 0.8150124509153905 0.4423897581792319 0.03628601921024546 0.031294452347083924
1 0.8416933473935122 0.6401137980085349 0.032017075773746 0.05405405405405406
1 0.8299537529431387 0.9416785206258891 0.05336179295624333 0.09103840682788052
1 0.6933475629751558 0.6827880512091038 0.05976520811099253 0.06827880512091054
1 0.0060476696987416725 0.5604551920341394 0.021344717182497332 0.06827880512091039
1 0.123443614202477 0.9615931721194879 0.07470651013874066 0.09103840682788052
1 0.763785129677397 0.4011379800853485 0.04695837780149413 0.059743954480796585
1 0.8299537529431387 0.8051209103840683 0.04909284951974386 0.06258890469416785
1 0.6485236568919114 0.9615931721194879 0.064034151547492 0.07965860597439545
1 0.09035930256960613 0.8762446657183499 0.10672358591248667 0.11379800853485064
1 0.04446816062723687 0.732574679943101 0.096051227321238 0.11379800853485064
