1 0.570615439175796 0.27074442683039485 0.06830309498399147 0.09388335704125178
1 0.787264318578144 0.7814129901305371 0.0384204909284952 0.07112375533428165
1 0.8459622908300117 0.801327641624136 0.029882604055496264 0.06827880512091039
1 0.38811810726544393 0.15267899297548732 0.06616862326574173 0.08534850640113797
1 0.42547136233481425 0.023233758267094704 0.06616862326574173 0.06827880512091039
1 0.8384916398161376 0.9449976273993849 0.05549626467449306 0.04267425320056899
1 0.2643187476069594 0.448553815166099 0.05976520811099253 0.07681365576102418
1 0.8555674135621355 0.8752963471717888 0.03415154749199573 0.04836415362731152
1 0.5119174669239285 0.05879563593423553 0.06189967982924214 0.08250355618776671
1 0.39025257898369364 0.35182550791147593 0.05549626467449306 0.059743954480796585
1 0.7488438276496489 0.9293504012258429 0.044823906083244394 0.06827880512091039
1 0.3368907860274503 0.3760075847251317 0.0384204909284952 0.06258890469416785
1 0.2130914263689658 0.4926505434733536 0.064034151547492 0.07396870554765292
