1 0.3936363636363636 0.5612121212121212 0.04 0.0872727272727274
1 0.31363636363636366 0.44606060606060605 0.04909090909090909 0.06303030303030303
1 0.14 0.953939393939394 0.061818181818181765 0.04606060606060606
1 0.09181818181818181 0.43757575757575756 0.04727272727272727 0.05090909090909091
1 0.3790909090909091 0.3393939393939394 0.04363636363636364 0.05333333333333334
1 0.47 0.9030303030303031 0.056363636363636366 0.0993939393939394
1 0.7536363636363637 0.09454545454545454 0.056363636363636366 0.05333333333333334
1 0.13454545454545455 0.13818181818181818 0.04363636363636364 0.06303030303030303
1 0.2636363636363636 0.8860606060606061 0.06727272727272728 0.0993939393939394
1 0.031818181818181815 0.5903030303030303 0.05636363636363638 0.08
1 0.10181818181818182 0.2509090909090909 0.06727272727272728 0.07515151515151515
1 0.3145454545454546 0.8266666666666667 0.047272727272727376 0.05333333333333334
1 0.51 0.20363636363636364 0.04 0.04606060606060606
1 0.2609090909090909 0.5127272727272727 0.06181818181818182 0.06060606060606061
1 0.25636363636363635 0.17212121212121212 0.05272727272727273 0.06060606060606061
1 0.2963636363636364 0.32242424242424245 0.05272727272727273 0.05333333333333334
1 0.019090909090909092 0.44363636363636366 0.056363636363636366 0.06787878787878789
1 0.9381818181818182 0.09454545454545454 0.03636363636363636 0.05333333333333334
1 0.2545454545454545 0.7393939393939394 0.0800000000000001 0.08727272727272728
1 0.4172727272727273 0.7248484848484849 0.05272727272727273 0.07757575757575758
1 0.4072727272727273 0.24606060606060606 0.04909090909090909 0.06545454545454546
