0 0.49719887955182074 0.8395522388059702 0.04481792717086835 0.055970149253731345
0 0.2773109243697479 0.7406716417910447 0.06442577030812324 0.08208955223880618
0 0.32212885154061627 0.6958955223880597 0.06442577030812317 0.08582089552238806
0 0.5378151260504201 0.7910447761194029 0.058823529411764705 0.08208955223880597
0 0.47058823529411764 0.8059701492537313 0.058823529411764705 0.07462686567164178
0 0.47058823529411764 0.7425373134328358 0.056022408963585436 0.06716417910447761
0 0.438375350140056 0.7294776119402985 0.025210084033613446 0.06716417910447761
0 0.41596638655462187 0.7817164179104478 0.047619047619047616 0.06343283582089553
0 0.3795518207282913 0.753731343283582 0.04201680672268908 0.05970149253731343
0 0.3753501400560224 0.8134328358208955 0.05042016806722689 0.07462686567164178
0 0.34593837535014005 0.8395522388059702 0.036414565826330535 0.04477611940298507
0 0.3179271708683473 0.8059701492537313 0.047619047619047616 0.07462686567164178
0 0.2857142857142857 0.7985074626865671 0.036414565826330535 0.05223880597014925
0 0.3403361344537815 0.7555970149253731 0.04201680672268908 0.055970149253731345
0 0.3697478991596639 0.7014925373134329 0.047619047619047616 0.0708955223880597
0 0.39215686274509803 0.6231343283582089 0.06442577030812324 0.08955223880597014
0 0.4369747899159664 0.5802238805970149 0.0392156862745098 0.06343283582089553
0 0.4649859943977591 0.5597014925373134 0.04201680672268908 0.06716417910447761
0 0.5056022408963585 0.5876865671641791 0.047619047619047616 0.06343283582089553
0 0.47058823529411764 0.4869402985074627 0.04201680672268908 0.05223880597014925
0 0.5042016806722689 0.46455223880597013 0.04201680672268908 0.055970149253731345
0 0.46218487394957986 0.4496268656716418 0.04481792717086835 0.05223880597014925
0 0.484593837535014 0.42350746268656714 0.04481792717086835 0.03731343283582089
0 0.4411764705882353 0.4141791044776119 0.0392156862745098 0.041044776119402986
0 0.41456582633053224 0.3824626865671642 0.0392156862745098 0.055970149253731345
0 0.40756302521008403 0.5485074626865671 0.04481792717086835 0.06343283582089553
0 0.36554621848739494 0.5447761194029851 0.0392156862745098 0.06343283582089553
0 0.37254901960784315 0.47574626865671643 0.05042016806722689 0.05970149253731343
0 0.3333333333333333 0.48880597014925375 0.047619047619047616 0.05223880597014925
0 0.3081232492997199 0.5354477611940298 0.05042016806722689 0.06716417910447761
0 0.4019607843137255 0.43470149253731344 0.04201680672268908 0.03731343283582089
0 0.3795518207282913 0.375 0.04481792717086835 0.05970149253731343
0 0.37675070028011204 0.31343283582089554 0.04201680672268908 0.055970149253731345
0 0.3333333333333333 0.36007462686567165 0.04481792717086835 0.06716417910447761
0 0.29831932773109243 0.3619402985074627 0.036414565826330535 0.05223880597014925
0 0.26330532212885155 0.373134328358209 0.0392156862745098 0.041044776119402986
0 0.2535014005602241 0.416044776119403 0.05322128851540616 0.06343283582089553
0 0.2927170868347339 0.6380597014925373 0.0392156862745098 0.06343283582089553
0 0.26330532212885155 0.6455223880597015 0.036414565826330535 0.07462686567164178
0 0.43288973393095764 0.34220532319391633 0.043726235741444866 0.05576679340937896
0 0.7389733841210717 0.2332065906210393 0.04182509505703422 0.048162230671736375
