0 0.25630252100840334 0.789179104477612 0.042016806722689155 0.06716417910447761
0 0.6876750700280112 0.4832089552238806 0.04481792717086835 0.06343283582089553
0 0.43557422969187676 0.7481343283582089 0.036414565826330535 0.08582089552238806
0 0.8417366946778712 0.5466417910447762 0.06162464985994398 0.08208955223880597
0 0.23249299719887956 0.4458955223880597 0.08403361344537816 0.09701492537313433
0 0.5028011204481793 0.47947761194029853 0.08403361344537816 0.08955223880597014
0 0.29971988795518206 0.47947761194029853 0.07563025210084033 0.1044776119402985
0 0.40896358543417366 0.9589552238805971 0.056022408963585436 0.05223880597014925
0 0.09803921568627451 0.7593283582089553 0.047619047619047616 0.08582089552238785
0 0.6876750700280112 0.8899253731343284 0.047619047619047616 0.05970149253731343
0 0.8011204481792717 0.957089552238806 0.047619047619047616 0.05970149253731343
