0 0.3011204481792717 0.8470149253731343 0.08123249299719888 0.09328358208955224
0 0.07563025210084033 0.5111940298507462 0.06442577030812327 0.07835820895522388
0 0.15966386554621848 0.6921641791044776 0.07282913165266111 0.08208955223880597
0 0.3291316526610644 0.8992537313432836 0.06442577030812324 0.07462686567164178
0 0.2927170868347339 0.1417910447761194 0.06162464985994398 0.07835820895522388
0 0.4495798319327731 0.9888059701492538 0.04481792717086835 0.04477611940298507
0 0.3025210084033613 0.9888059701492538 0.053221288515406244 0.055970149253731345
0 0.5462184873949579 0.6343283582089553 0.06722689075630268 0.07462686567164158
0 0.9089635854341737 0.6119402985074627 0.056022408963585436 0.05970149253731343
0 0.22408963585434175 0.026119402985074626 0.05322128851540616 0.048507462686567165
0 0.7913165266106442 0.7276119402985075 0.06162464985994398 0.08582089552238806
0 0.6722689075630253 0.11380597014925373 0.05602240896358528 0.05970149253731343
0 0.14285714285714285 0.27052238805970147 0.04481792717086835 0.08208955223880597
0 0.5896358543417367 0.5746268656716418 0.06442577030812324 0.07835820895522388
0 0.6610644257703081 0.835820895522388 0.06162464985994398 0.07835820895522388
0 0.9677871148459384 0.6361940298507462 0.06162464985994398 0.08955223880597014
0 0.8151260504201681 0.6156716417910447 0.058823529411764705 0.05597014925373155
