0 0.26750700280112044 0.20149253731343283 0.04481792717086835 0.05223880597014925
0 0.5014005602240896 0.667910447761194 0.04201680672268908 0.06343283582089553
0 0.5294117647058824 0.4832089552238806 0.05042016806722689 0.0708955223880597
0 0.6148459383753502 0.30597014925373134 0.047619047619047616 0.05223880597014925
0 0.48599439775910364 0.291044776119403 0.047619047619047616 0.07835820895522388
0 0.0742296918767507 0.26865671641791045 0.04201680672268908 0.055970149253731345
0 0.14285714285714285 0.24813432835820895 0.05322128851540616 0.0708955223880597
0 0.5994397759103641 0.17537313432835822 0.047619047619047616 0.08582089552238806
0 0.6820728291316527 0.7686567164179104 0.047619047619047616 0.055970149253731345
0 0.26750700280112044 0.14365671641791045 0.04201680672268908 0.05223880597014925
0 0.21708683473389356 0.2667910447761194 0.04201680672268908 0.055970149253731345
0 0.20168067226890757 0.3208955223880597 0.04481792717086835 0.05223880597014925
0 0.08823529411764706 0.8283582089552238 0.036414565826330514 0.03731343283582089
0 0.15126050420168066 0.9645522388059702 0.039215686274509845 0.05223880597014925
0 0.16666666666666666 0.582089552238806 0.056022408963585436 0.0708955223880597
0 0.12605042016806722 0.9048507462686567 0.0392156862745098 0.055970149253731345
0 0.25910364145658266 0.7182835820895522 0.06442577030812317 0.041044776119402986
