1 0.265625 0.10049019607843138 0.11764705882352941 0.1568627450980392
1 0.4650735294117647 0.5453431372549019 0.08088235294117647 0.10539215686274524
1 0.390625 0.8578431372549019 0.07169117647058823 0.09558823529411764
1 0.7270220588235294 0.8762254901960784 0.01838235294117647 0.06372549019607843
1 0.48253676470588236 0.00980392156862745 0.10477941176470588 0.031862745098039214
1 0.9862132352941176 0.03676470588235294 0.051470588235294115 0.10049019607843138
1 0.38327205882352944 0.5759803921568627 0.07904411764705882 0.11764705882352955
1 0.32628676470588236 0.9742647058823529 0.07720588235294118 0.08823529411764706
1 0.6102941176470589 0.26348039215686275 0.0974264705882353 0.12254901960784313
1 0.7886029411764706 0.7561274509803921 0.034926470588235295 0.049019607843137254
