1 0.3713235294117647 0.9448529411764706 0.012867647058823529 0.049019607843137254
1 0.3869485294117647 0.5526960784313726 0.04044117647058824 0.022058823529411766
1 0.4172794117647059 0.6936274509803921 0.034926470588235295 0.0784313725490196
1 0.3740808823529412 0.8345588235294118 0.04595588235294118 0.061274509803921566
1 0.5211397058823529 0.9117647058823529 0.034926470588235295 0.0392156862745098
1 0.5523897058823529 0.7009803921568627 0.03125 0.03676470588235294
1 0.3170955882352941 0.6041666666666666 0.051470588235294115 0.058823529411764844
1 0.9751838235294118 0.3553921568627451 0.08088235294117647 0.07107843137254902
1 0.5772058823529411 0.8676470588235294 0.025735294117647058 0.041666666666666664
1 0.8814338235294118 0.5502450980392157 0.05330882352941176 0.06127450980392143
1 0.6305147058823529 0.29411764705882354 0.014705882352941176 0.07107843137254902
