1 0.4090909090909091 0.4763636363636364 0.04 0.0993939393939394
1 0.7163636363636363 0.3939393939393939 0.06 0.06787878787878789
1 0.8672727272727273 0.5781818181818181 0.07090909090909091 0.08000000000000014
1 0.019090909090909092 0.45454545454545453 0.12545454545454546 0.08484848484848485
1 0.9309090909090909 0.40969696969696967 0.05818181818181818 0.0703030303030303
1 0.2872727272727273 0.8836363636363637 0.06909090909090909 0.09454545454545454
1 0.4209090909090909 0.8424242424242424 0.06181818181818182 0.11636363636363636
1 0.7927272727272727 0.37454545454545457 0.045454545454545456 0.06545454545454546
1 0.9490909090909091 0.7151515151515152 0.056363636363636366 0.05818181818181818
1 0.57 0.05090909090909091 0.07090909090909091 0.09696969696969697
1 0.37454545454545457 0.610909090909091 0.0890909090909091 0.11151515151515165
