1 0.8427272727272728 0.3333333333333333 0.03272727272727273 0.07272727272727272
1 0.14545454545454545 0.36484848484848487 0.07818181818181819 0.11151515151515151
1 0.32 0.6424242424242425 0.06181818181818182 0.08484848484848485
1 0.7036363636363636 0.2581818181818182 0.038181818181818185 0.08
1 0.7009090909090909 0.3806060606060606 0.07454545454545454 0.05333333333333334
1 0.6554545454545454 0.33575757575757575 0.05818181818181839 0.08242424242424243
1 0.59 0.25575757575757574 0.05090909090909091 0.08000000000000007
1 0.5972727272727273 0.5103030303030303 0.07090909090909091 0.07030303030303044
1 0.2 0.6084848484848485 0.07636363636363637 0.07515151515151515
1 0.6818181818181818 0.6993939393939393 0.06181818181818182 0.07515151515151515
1 0.6663636363636364 0.5333333333333333 0.05818181818181818 0.05333333333333334
1 0.47363636363636363 0.88 0.06727272727272728 0.0703030303030303
1 0.3490909090909091 0.42424242424242425 0.06545454545454556 0.08242424242424243
1 0.41363636363636364 0.13818181818181818 0.10181818181818182 0.10666666666666667
1 0.14636363636363636 0.5418181818181819 0.056363636363636366 0.09696969696969683
1 0.06727272727272728 0.2509090909090909 0.10727272727272727 0.12606060606060607
1 0.7018181818181818 0.14545454545454545 0.02909090909090909 0.07515151515151515
1 0.21727272727272728 0.9527272727272728 0.06545454545454546 0.08
1 0.17636363636363636 0.6763636363636364 0.05818181818181818 0.07515151515151515
