1 0.7531127710861483 0.3802750100451886 0.06616862326574173 0.07396870554765292
1 0.7189612235941526 0.7472735875700819 0.05549626467449306 0.04551920341394026
1 0.9750978297841205 0.6932195335160278 0.0576307363927428 0.07396870554765292
1 0.8619708287168847 0.44713134005941335 0.04909284951974386 0.04551920341394026
1 0.6944147988342806 0.9065907995188728 0.044823906083244394 0.03698435277382646
1 0.3443614370413244 0.7899478407706509 0.04909284951974386 0.025604551920341393
1 0.8278192812248889 0.37458510961844604 0.051227321237993596 0.03698435277382646
1 0.6229099962729145 0.7757230897037946 0.064034151547492 0.09388335704125178
1 0.6303806472867887 0.35324798301816157 0.0576307363927428 0.03982930298719772
1 0.8961223762088805 0.5040303443268387 0.064034151547492 0.07112375533428165
1 0.20562077535509174 0.277856802363823 0.04695837780149413 0.02275960170697021
1 0.5193881179378025 0.2863916530039368 0.07043756670224119 0.051209103840682786
1 0.6954820346934055 0.20531057192285573 0.051227321237993596 0.03698435277382646
