0 0.22969187675070027 0.14925373134328357 0.0392156862745098 0.05223880597014925
0 0.01680672268907563 0.11940298507462686 0.04201680672268908 0.048507462686567165
0 0.2661064425770308 0.10820895522388059 0.03081232492997199 0.05223880597014928
0 0.7675070028011205 0.39365671641791045 0.07563025210084033 0.08208955223880597
0 0.7955182072829131 0.4832089552238806 0.07282913165266107 0.10074626865671642
0 0.28851540616246496 0.33955223880597013 0.05602240896358551 0.07835820895522388
0 0.9593837535014006 0.6082089552238806 0.06442577030812324 0.10074626865671642
0 0.13865546218487396 0.2555970149253731 0.05042016806722689 0.048507462686567165
0 0.41876750700280113 0.12126865671641791 0.0392156862745098 0.04477611940298507
0 0.19467787114845939 0.08955223880597014 0.04201680672268908 0.04477611940298507
0 0.3557422969187675 0.016791044776119403 0.04481792717086835 0.041044776119402986
