1 0.5045454545454545 0.2290909090909091 0.0890909090909091 0.1406060606060606
1 0.8127272727272727 0.4993939393939394 0.04909090909090909 0.08969696969696969
1 0.5018181818181818 0.0993939393939394 0.11454545454545455 0.11878787878787879
1 0.8527272727272728 0.7381818181818182 0.07454545454545454 0.08969696969696969
1 0.7972727272727272 0.686060606060606 0.07454545454545454 0.09212121212121212
1 0.7945454545454546 0.7781818181818182 0.08545454545454545 0.12121212121212122
1 0.5227272727272727 0.01696969696969697 0.07454545454545454 0.08242424242424243
1 0.5518181818181818 0.9854545454545455 0.08181818181818161 0.09212121212121212
1 0.54 0.37333333333333335 0.11272727272727273 0.13818181818181818
1 0.98 0.31272727272727274 0.0890909090909091 0.10909090909090909
1 0.35909090909090907 0.08606060606060606 0.10545454545454545 0.14545454545454545
1 0.9590909090909091 0.7490909090909091 0.08363636363636363 0.13575757575757577
1 0.7990909090909091 0.5721212121212121 0.06363636363636363 0.08242424242424243
1 0.6781818181818182 0.8460606060606061 0.09636363636363636 0.1503030303030303
1 0.8390909090909091 0.8484848484848485 0.10181818181818182 0.11151515151515151
1 0.64 0.9272727272727272 0.0890909090909091 0.14303030303030304
