1 0.6838235294117647 0.9058823529411765 0.01764705882352941 0.07058823529411765
1 0.65 0.7823529411764706 0.03823529411764706 0.03529411764705882
1 0.29705882352941176 0.7254901960784313 0.03235294117647059 0.0392156862745098
1 0.18235294117647058 0.5196078431372549 0.05588235294117647 0.054901960784313725
1 0.17794117647058824 0.7019607843137254 0.03235294117647059 0.11372549019607843
1 0.8823529411764706 0.38235294117647056 0.052941176470588235 0.09803921568627451
1 0.7897058823529411 0.26666666666666666 0.06470588235294118 0.0784313725490196
1 0.43676470588235294 0.9764705882352941 0.052941176470588235 0.047058823529411764
1 0.9485294117647058 0.1607843137254902 0.04411764705882353 0.050980392156862744
1 0.26323529411764707 0.8 0.041176470588235294 0.058823529411764705
1 0.7794117647058824 0.5705882352941176 0.07941176470588235 0.058823529411764705
