1 0.8636363636363636 0.7927272727272727 0.08 0.06787878787878789
1 0.6981818181818182 0.2957575757575758 0.04363636363636384 0.10181818181818182
1 0.3054545454545455 0.5212121212121212 0.06 0.06787878787878789
1 0.49636363636363634 0.5915151515151515 0.08545454545454545 0.11151515151515151
1 0.7390909090909091 0.03636363636363636 0.08181818181818182 0.11393939393939394
1 0.6309090909090909 0.7466666666666667 0.07636363636363637 0.07515151515151515
1 0.8027272727272727 0.39151515151515154 0.08 0.11151515151515151
1 0.79 0.6339393939393939 0.05818181818181818 0.08727272727272728
1 0.8045454545454546 0.28484848484848485 0.07818181818181819 0.10666666666666667
1 0.7854545454545454 0.9381818181818182 0.06363636363636363 0.055757575757575756
1 0.43727272727272726 0.43636363636363634 0.08 0.10424242424242425
