1 0.8264705882352941 0.703921568627451 0.06470588235294118 0.09411764705882353
1 0.9176470588235294 0.5137254901960784 0.052941176470588235 0.09019607843137255
1 0.4514705882352941 0.4470588235294118 0.07352941176470588 0.07058823529411765
1 0.46911764705882353 0.33725490196078434 0.047058823529411764 0.0392156862745098
1 0.28823529411764703 0.8901960784313725 0.08529411764705891 0.09019607843137255
1 0.1264705882352941 0.6078431372549019 0.061764705882352944 0.050980392156862744
1 0.3588235294117647 0.3352941176470588 0.04411764705882353 0.07058823529411765
1 0.6235294117647059 0.9666666666666667 0.07352941176470588 0.10588235294117647
1 0.4661764705882353 0.11372549019607843 0.03529411764705882 0.058823529411764705
1 0.01911764705882353 0.8568627450980392 0.058823529411764705 0.0784313725490196
1 0.611764705882353 0.11176470588235295 0.05882352941176487 0.07058823529411765
1 0.5308823529411765 0.056862745098039215 0.058823529411764705 0.0392156862745098
