1 0.42727272727272725 0.8278787878787879 0.08363636363636363 0.10666666666666667
1 0.4890909090909091 0.8848484848484849 0.07636363636363637 0.07757575757575758
1 0.19545454545454546 0.926060606060606 0.06909090909090909 0.10424242424242425
1 0.30636363636363634 0.7818181818181819 0.05818181818181818 0.08727272727272728
1 0.1409090909090909 0.8787878787878788 0.08181818181818182 0.06060606060606061
1 0.5390909090909091 0.9054545454545454 0.07272727272727272 0.0703030303030303
1 0.39090909090909093 0.9818181818181818 0.08181818181818182 0.08242424242424243
1 0.34545454545454546 0.7878787878787878 0.07090909090909091 0.10424242424242425
1 0.65 0.9696969696969697 0.11090909090909092 0.1406060606060606
1 0.13090909090909092 0.9333333333333333 0.09636363636363636 0.09696969696969697
1 0.12727272727272726 0.7018181818181818 0.07636363636363641 0.08969696969696969
1 0.6181818181818182 0.8751515151515151 0.06909090909090909 0.07757575757575758
1 0.004545454545454545 0.5515151515151515 0.05454545454545454 0.06060606060606061
1 0.4309090909090909 0.5818181818181818 0.08363636363636363 0.07272727272727272
1 0.007272727272727273 0.6072727272727273 0.038181818181818185 0.10666666666666667
1 0.4118181818181818 0.7248484848484849 0.07818181818181819 0.10424242424242425
1 0.4127272727272727 0.5006060606060606 0.08181818181818182 0.10424242424242425
1 0.2509090909090909 0.7563636363636363 0.08181818181818182 0.08727272727272728
1 0.5718181818181818 0.9624242424242424 0.08 0.08969696969696969
1 0.44 0.6581818181818182 0.09272727272727273 0.09696969696969697
1 0.6263636363636363 0.9175757575757576 0.056363636363636366 0.08242424242424243
1 0.03636363636363636 0.6509090909090909 0.056363636363636366 0.0703030303030303
1 0.23545454545454544 0.9757575757575757 0.09272727272727273 0.07515151515151515
1 0.07363636363636364 0.7745454545454545 0.10363636363636364 0.11636363636363636
