0 0.4635854341736695 0.9440298507462687 0.04481792717086835 0.07462686567164178
0 0.6890756302521008 0.5634328358208955 0.04201680672268908 0.07462686567164178
0 0.2927170868347339 0.43656716417910446 0.05322128851540616 0.06716417910447761
0 0.06302521008403361 0.47388059701492535 0.04201680672268908 0.06716417910447761
0 0.5882352941176471 0.4085820895522388 0.047619047619047616 0.05970149253731343
0 0.46638655462184875 0.7481343283582089 0.036414565826330535 0.05223880597014925
0 0.41316526610644255 0.6380597014925373 0.036414565826330535 0.05223880597014925
0 0.32072829131652664 0.5410447761194029 0.05042016806722681 0.06716417910447761
0 0.12044817927170869 0.48880597014925375 0.06162464985994398 0.06343283582089553
0 0.43557422969187676 0.6958955223880597 0.04481792717086835 0.055970149253731345
0 0.572829131652661 0.7779850746268657 0.05042016806722689 0.0708955223880597
0 0.37254901960784315 0.5578358208955224 0.0392156862745098 0.06716417910447761
0 0.5518207282913166 0.4701492537313433 0.0392156862745098 0.06343283582089553
0 0.5084033613445378 0.8264925373134329 0.03361344537815126 0.05223880597014925
