1 0.5899632802937577 0.5970636215334421 0.03916768665850673 0.026101141924959218
1 0.2631578947368421 0.08972267536704731 0.051407588739290085 0.04241435562805873
1 0.8776009791921665 0.5269168026101142 0.07099143206854346 0.06851549755301795
1 0.9632802937576499 0.1761827079934747 0.051407588739290085 0.03588907014681892
1 0.4222766217870257 0.5807504078303426 0.0587515299877601 0.07177814029363784
1 0.8788249694002448 0.233278955954323 0.02692778457772338 0.06199021207177814
1 0.95593635250918 0.6247960848287113 0.03671970624235006 0.03915171288743882
1 0.6499388004895961 0.4551386623164764 0.022031823745410038 0.05546492659053834
1 0.7356181150550796 0.28711256117455136 0.03182374541003672 0.04567699836867872
1 0.42717258261933905 0.15823817292006526 0.06609547123623011 0.03915171288743882
1 0.8543451652386781 0.42251223491027734 0.046511627906976744 0.03915171288743882
1 0.5642594859241126 0.0766721044045677 0.06854345165238691 0.04241435562805873
1 0.7662178702570379 0.03425774877650897 0.02937576499388005 0.05546492659053834
