1 0.41323529411764703 0.7215686274509804 0.05588235294117647 0.054901960784313725
1 0.8573529411764705 0.9431372549019608 0.08529411764705883 0.10196078431372549
1 0.5794117647058824 0.8372549019607843 0.07058823529411748 0.0784313725490196
1 0.538235294117647 0.24313725490196078 0.07941176470588235 0.058823529411764705
1 0.8764705882352941 0.12352941176470589 0.05 0.054901960784313725
1 0.8132352941176471 0.15294117647058825 0.06764705882352941 0.06274509803921569
1 0.6176470588235294 0.23333333333333334 0.07058823529411765 0.08627450980392157
1 0.6852941176470588 0.5764705882352941 0.020588235294117647 0.0784313725490196
1 0.17058823529411765 0.3352941176470588 0.07647058823529412 0.08627450980392157
1 0.5352941176470588 0.3509803921568627 0.07352941176470588 0.10588235294117647
1 0.9705882352941176 0.050980392156862744 0.061764705882352944 0.08627450980392157
1 0.9073529411764706 0.2372549019607843 0.06764705882352941 0.0784313725490196
1 0.3411764705882353 0.27647058823529413 0.05588235294117647 0.09019607843137255
1 0.6279411764705882 0.503921568627451 0.07352941176470588 0.07450980392156863
1 0.6397058823529411 0.6176470588235294 0.05000000000000017 0.03137254901960784
1 0.016176470588235296 0.03725490196078431 0.05588235294117647 0.0392156862745098
1 0.7955882352941176 0.2725490196078431 0.09117647058823529 0.12941176470588237
1 0.4485294117647059 0.2647058823529412 0.07647058823529412 0.07450980392156863
1 0.6735294117647059 0.4 0.07647058823529396 0.08627450980392157
