1 0.7279411764705882 0.7529411764705882 0.07647058823529412 0.08235294117647059
1 0.7397058823529412 0.3941176470588235 0.06764705882352941 0.10196078431372549
1 0.5794117647058824 0.2823529411764706 0.049999999999999836 0.08235294117647059
1 0.3191176470588235 0.4411764705882353 0.017647058823529495 0.07058823529411765
1 0.75 0.5901960784313726 0.058823529411764705 0.0784313725490196
1 0.9264705882352942 0.3607843137254902 0.08235294117647059 0.0784313725490196
1 0.325 0.25882352941176473 0.01764705882352941 0.08235294117647059
1 0.31470588235294117 0.34509803921568627 0.026470588235294117 0.058823529411764705
1 0.6779411764705883 0.592156862745098 0.052941176470588235 0.07450980392156863
1 0.7 0.8647058823529412 0.02941176470588252 0.07450980392156863
1 0.9573529411764706 0.7666666666666667 0.09117647058823529 0.09411764705882353
1 0.8161764705882353 0.6843137254901961 0.06764705882352941 0.08235294117647059
1 0.7720588235294118 0.49607843137254903 0.07058823529411765 0.09803921568627451
1 0.3161764705882353 0.03725490196078431 0.03529411764705882 0.07450980392156863
1 0.8691176470588236 0.7274509803921568 0.05 0.03529411764705882
