1 0.44363636363636366 0.17939393939393938 0.06545454545454546 0.07272727272727272
1 0.17272727272727273 0.5903030303030303 0.05090909090909091 0.09696969696969697
1 0.03090909090909091 0.9660606060606061 0.06545454545454546 0.11393939393939394
1 0.2827272727272727 0.5696969696969697 0.09272727272727273 0.09212121212121212
1 0.3518181818181818 0.25696969696969696 0.08363636363636363 0.07515151515151515
1 0.23727272727272727 0.7333333333333333 0.06363636363636363 0.09454545454545454
1 0.23363636363636364 0.6387878787878788 0.05454545454545454 0.08
1 0.09545454545454546 0.9115151515151515 0.07454545454545454 0.08242424242424243
1 0.5690909090909091 0.05818181818181818 0.10727272727272727 0.10181818181818182
1 0.4381818181818182 0.25575757575757574 0.06181818181818182 0.06545454545454553
1 0.33 0.33454545454545453 0.08363636363636363 0.10666666666666667
1 0.14727272727272728 0.6678787878787878 0.045454545454545456 0.06545454545454546
1 0.35 0.17212121212121212 0.05454545454545454 0.10909090909090909
1 0.35818181818181816 0.06666666666666667 0.06363636363636363 0.10424242424242425
1 0.25181818181818183 0.3612121212121212 0.07818181818181819 0.11636363636363636
