1 0.22205882352941175 0.27450980392156865 0.047058823529411764 0.08627450980392157
1 0.8455882352941176 0.09019607843137255 0.047058823529411764 0.058823529411764705
1 0.6897058823529412 0.27647058823529413 0.058823529411764705 0.10980392156862745
1 0.4323529411764706 0.903921568627451 0.07058823529411765 0.09019607843137255
1 0.36470588235294116 0.013725490196078431 0.058823529411764705 0.0392156862745098
1 0.3191176470588235 0.08627450980392157 0.0735294117647058 0.07450980392156863
1 0.3779411764705882 0.9823529411764705 0.07352941176470588 0.06274509803921569
1 0.8764705882352941 0.03529411764705882 0.047058823529411764 0.058823529411764705
1 0.013235294117647059 0.01568627450980392 0.061764705882352944 0.12156862745098039
1 0.16323529411764706 0.38823529411764707 0.04411764705882353 0.050980392156862744
1 0.5264705882352941 0.6686274509803921 0.052941176470588235 0.08627450980392157
1 0.6676470588235294 0.403921568627451 0.07352941176470588 0.10196078431372549
1 0.49264705882352944 0.7607843137254902 0.061764705882352944 0.09019607843137255
1 0.0661764705882353 0.6176470588235294 0.10588235294117647 0.1450980392156863
1 0.6544117647058824 0.06666666666666667 0.03823529411764706 0.08627450980392157
