1 0.009791921664626682 0.1370309951060359 0.03427172582619339 0.06199021207177814
1 0.4675642594859241 0.46818923327895595 0.06119951040391677 0.05872756933115824
1 0.18237454100367198 0.1272430668841762 0.03427172582619339 0.048939641109298535
1 0.9840881272949816 0.533442088091354 0.051407588739290085 0.06525285481239804
1 0.8200734394124847 0.20228384991843393 0.017135862913096694 0.05872756933115824
1 0.6915544675642595 0.053833605220228384 0.056303549571603426 0.05546492659053834
1 0.15177478580171358 0.17455138662316477 0.0416156670746634 0.03915171288743882
1 0.20195838433292534 0.17128874388254486 0.0416156670746634 0.03915171288743882
1 0.835985312117503 0.6035889070146819 0.044063647490820076 0.06851549755301795
1 0.48592411260709917 0.04567699836867863 0.044063647490820076 0.04893964110929852
1 0.7417380660954712 0.6655791190864601 0.051407588739290085 0.04241435562805873
1 0.784577723378213 0.8825448613376835 0.02447980416156671 0.09787928221859707
1 0.8164014687882497 0.03588907014681892 0.044063647490820076 0.04567699836867864
1 0.8910648714810282 0.5725938009787929 0.044063647490820076 0.048939641109298535
1 0.3402692778457772 0.12234910277324633 0.06119951040391677 0.05546492659053834
1 0.17135862913096694 0.07830342577487764 0.051407588739290085 0.05220228384991846
1 0.05385556915544676 0.1500815660685155 0.02937576499388005 0.07504078303425775
1 0.2607099143206854 0.4812398042414356 0.06854345165238684 0.06851549755301795
1 0.40636474908200737 0.4698205546492659 0.051407588739290085 0.05546492659053834
1 0.8714810281517748 0.08809135399673736 0.051407588739290085 0.05546492659053834
1 0.5581395348837209 0.06688417618270799 0.04895960832313342 0.03915171288743882
1 0.9730722154222766 0.024469820554649267 0.05385556915544676 0.04567699836867863
1 0.14443084455324356 0.11256117455138662 0.04406364749082011 0.04567699836867863
1 0.543451652386781 0.44045676998368677 0.046511627906976605 0.05872756933115824
1 0.4369645042839657 0.04567699836867863 0.0416156670746634 0.04567699836867862
1 0.8212974296205631 0.09461663947797716 0.02692778457772338 0.06199021207177814
1 0.9424724602203183 0.5497553017944535 0.03671970624235006 0.03588907014681892
1 0.9583843329253366 0.5970636215334421 0.051407588739290085 0.03915171288743882
1 0.3708690330477356 0.8058727569331158 0.09057527539779682 0.07830342577487784
1 0.25091799265605874 0.08972267536704731 0.06609547123623011 0.05546492659053834
1 0.5006119951040392 0.8417618270799347 0.06854345165238677 0.07177814029363784
1 0.20318237454100369 0.02773246329526917 0.044063647490820076 0.05546492659053834
1 0.41370869033047736 0.09787928221859707 0.056303549571603426 0.052202283849918436
1 0.6621787025703795 0.6280587275693311 0.051407588739290085 0.05872756933115824
1 0.12729498164014688 0.9119086460032626 0.08567931456548347 0.07177814029363784
1 0.08935128518971848 0.11745513866231648 0.0416156670746634 0.05546492659053834
1 0.7637698898408812 0.052202283849918436 0.0416156670746634 0.05546492659053834
1 0.802937576499388 0.27895595432300163 0.03916768665850673 0.06851549755301795
1 0.7894736842105263 0.6476345840130505 0.044063647490820076 0.05546492659053852
1 0.4186046511627907 0.9477977161500816 0.06364749082007344 0.09135399673735727
