1 0.8691176470588236 0.8274509803921568 0.047058823529411764 0.07450980392156863
1 0.6941176470588235 0.12941176470588237 0.058823529411764705 0.07058823529411765
1 0.42058823529411765 0.09215686274509804 0.052941176470588235 0.06274509803921569
1 0.6279411764705882 0.4980392156862745 0.05 0.09019607843137255
1 0.22647058823529412 0.5274509803921569 0.07647058823529412 0.09019607843137255
1 0.061764705882352944 0.4176470588235294 0.10882352941176471 0.11372549019607843
1 0.6147058823529412 0.6294117647058823 0.06470588235294118 0.10196078431372549
1 0.2485294117647059 0.19019607843137254 0.047058823529411764 0.09019607843137255
1 0.24411764705882352 0.2901960784313726 0.061764705882352944 0.058823529411764705
1 0.1588235294117647 0.3607843137254902 0.07058823529411765 0.08235294117647059
1 0.6426470588235295 0.4 0.06176470588235278 0.0784313725490196
1 0.5323529411764706 0.027450980392156862 0.06470588235294118 0.043137254901960784
1 0.2867647058823529 0.4117647058823529 0.047058823529411764 0.08235294117647059
1 0.31029411764705883 0.17647058823529413 0.052941176470588235 0.07450980392156863
1 0.4647058823529412 0.041176470588235294 0.047058823529411764 0.050980392156862744
1 0.3235294117647059 0.24313725490196078 0.058823529411764705 0.054901960784313725
1 0.5205882352941177 0.20588235294117646 0.061764705882352944 0.054901960784313725
1 0.3735294117647059 0.14705882352941177 0.052941176470588235 0.06274509803921569
1 0.11323529411764706 0.596078431372549 0.08235294117647059 0.0784313725490196
