1 0.14932680538555693 0.1859706362153344 0.06854345165238675 0.03915171288743882
1 0.2582619339045288 0.39477977161500816 0.04406364749082001 0.05872756933115824
1 0.7368421052631579 0.8825448613376835 0.05385556915544676 0.08156606851549755
1 0.20807833537331702 0.3181076672104405 0.03671970624235006 0.04893964110929844
1 0.8776009791921665 0.7504078303425775 0.09057527539779682 0.10766721044045677
1 0.19216646266829865 0.233278955954323 0.051407588739290085 0.048939641109298535
1 0.4663402692778458 0.18107667210440456 0.03916768665850673 0.03588907014681892
1 0.5042839657282742 0.23491027732463296 0.046511627906976744 0.03262642740619902
1 0.7833537331701347 0.06851549755301795 0.08812729498164015 0.04241435562805873
1 0.2962056303549572 0.4828711256117455 0.03916768665850673 0.06525285481239804
1 0.30966952264381886 0.6068515497553018 0.0587515299877601 0.048939641109298535
1 0.30966952264381886 0.09787928221859707 0.06854345165238677 0.06199021207177814
1 0.22399020807833536 0.6166394779771615 0.046511627906976744 0.048939641109298715
1 0.598531211750306 0.3458401305057096 0.051407588739290085 0.06199021207177814
1 0.35862913096695226 0.1272430668841762 0.03916768665850673 0.03588907014681892
1 0.39167686658506734 0.601957585644372 0.051407588739290085 0.048939641109298535
1 0.023255813953488372 0.17781402936378465 0.0416156670746634 0.03588907014681897
1 0.7209302325581395 0.531810766721044 0.056303549571603426 0.048939641109298715
1 0.7882496940024479 0.6508972267536705 0.09057527539779682 0.08809135399673736
1 0.3525091799265606 0.1729200652528548 0.0416156670746634 0.03262642740619902
1 0.5446756425948592 0.8564437194127243 0.07343941248470012 0.10766721044045677
1 0.09302325581395349 0.6280587275693311 0.06854345165238677 0.03588907014681892
1 0.397796817625459 0.1566068515497553 0.03671970624235006 0.03262642740619907
1 0.15789473684210525 0.6199021207177814 0.056303549571603426 0.03262642740619902
1 0.6364749082007344 0.04730831973898858 0.06119951040391677 0.01957585644371941
