1 0.13708690330477355 0.6052202283849919 0.03427172582619342 0.06525285481239786
1 0.2558139534883721 0.5367047308319739 0.06364749082007344 0.03262642740619902
1 0.9155446756425949 0.632952691680261 0.046511627906976744 0.06199021207177814
1 0.42962056303549573 0.6247960848287113 0.05385556915544676 0.07177814029363784
1 0.6744186046511628 0.6378466557911908 0.03427172582619339 0.05546492659053834
1 0.8665850673194615 0.3474714518760196 0.03427172582619339 0.05546492659053834
1 0.7392900856793145 0.6753670473083198 0.03916768665850673 0.02936378466557912
1 0.31946144430844553 0.16639477977161501 0.03427172582619339 0.026101141924959218
1 0.7637698898408812 0.8580750407830342 0.03916768665850673 0.07177814029363784
1 0.20930232558139536 0.634584013050571 0.06609547123623011 0.052202283849918436
1 0.4773561811505508 0.0701468189233279 0.044063647490820076 0.01957585644371941
1 0.38922888616891066 0.5595432300163132 0.0416156670746634 0.04241435562805873
1 0.8433292533659731 0.6199021207177814 0.046511627906976744 0.06199021207177814
1 0.2839657282741738 0.34094616639477976 0.019583843329253364 0.06851549755301795
1 0.008567931456548347 0.40456769983686786 0.044063647490820076 0.07504078303425775
1 0.34394124847001223 0.4926590538336052 0.022031823745410038 0.04567699836867863
1 0.8788249694002448 0.7471451876019576 0.0416156670746634 0.03915171288743882
1 0.627906976744186 0.12561174551386622 0.0416156670746634 0.06199021207177814
