1 0.09569548186523047 0.8112849673709354 0.10672358591248667 0.10810810810810811
1 0.7168267518759028 0.3987671864321018 0.06616862326574173 0.07396870554765292
1 0.17573817129959546 0.8240872433311061 0.0576307363927428 0.03982930298719772
1 0.22376378496021446 0.801327641624136 0.06830309498399147 0.07396870554765292
1 0.6207755245546648 0.5011853941134674 0.07043756670224119 0.09103840682788052
1 0.5471362502750491 0.34898055769810465 0.07470651013874066 0.09388335704125178
1 0.6581287796240352 0.43717401431261393 0.07043756670224119 0.07681365576102418
1 0.9281394519826264 0.2849691778972512 0.06830309498399147 0.07112375533428165
1 0.014585556571740606 0.8824087227052171 0.064034151547492 0.08819345661450925
1 0.8523657059847609 0.30915125471090693 0.05976520811099253 0.04267425320056899
1 0.7616506579591472 0.3575154083382185 0.08110992529348986 0.0825035561877668
1 0.2771255779164578 0.7515410128901387 0.05976520811099253 0.051209103840682786
