1 0.758873929008568 0.19086460032626426 0.017135862913096694 0.09787928221859711
1 0.38310893512851896 0.2039151712887439 0.019583843329253364 0.05546492659053829
1 0.01346389228886169 0.06525285481239804 0.044063647490820076 0.02936378466557912
1 0.2460220318237454 0.7259380097879282 0.044063647490820076 0.05546492659053834
1 0.19461444308445533 0.12398042414355628 0.051407588739290085 0.05872756933115824
1 0.799265605875153 0.3376835236541599 0.03427172582619339 0.04567699836867863
1 0.27539779681762544 0.6851549755301795 0.017135862913096763 0.052202283849918436
1 0.6144430844553244 0.31158238172920066 0.03182374541003672 0.048939641109298535
1 0.5116279069767442 0.9543230016313213 0.03427172582619339 0.06199021207177814
1 0.06487148102815178 0.10929853181076672 0.05875152998776008 0.048939641109298535
1 0.828641370869033 0.39477977161500816 0.019583843329253364 0.07504078303425775
1 0.32068543451652387 0.14845024469820556 0.03916768665850673 0.03588907014681892
1 0.1481028151774786 0.12398042414355628 0.05385556915544676 0.06851549755301795
1 0.49326805385556916 0.05057096247960848 0.03427172582619339 0.048939641109298535
1 0.3219094247246022 0.7911908646003263 0.017135862913096694 0.07504078303425775
1 0.2913096695226438 0.11908646003262642 0.044063647490820076 0.03915171288743882
1 0.22276621787025705 0.2234910277324633 0.02937576499388005 0.05546492659053834
