1 0.03823529411764706 0.0196078431372549 0.07058823529411765 0.058823529411764705
1 0.8131979695431472 0.09742895805142084 0.06903553299492386 0.08660351826792964
1 0.5294117647058824 0.07647058823529412 0.06470588235294118 0.050980392156862744
1 0.6764705882352942 0.8490196078431372 0.047058823529411764 0.10980392156862745
1 0.7558823529411764 0.596078431372549 0.06764705882352941 0.058823529411764705
1 0.9705882352941176 0.27058823529411763 0.04411764705882353 0.07058823529411765
1 0.5426470588235294 0.48627450980392156 0.041176470588235294 0.058823529411764705
1 0.5073529411764706 0.5647058823529412 0.05588235294117647 0.06666666666666667
1 0.9367647058823529 0.19411764705882353 0.04411764705882353 0.047058823529411764
1 0.15735294117647058 0.20784313725490197 0.06764705882352941 0.07450980392156863
1 0.5838235294117647 0.5647058823529412 0.04411764705882353 0.07058823529411765
1 0.725 0.7196078431372549 0.047058823529411764 0.050980392156862744
1 0.6720588235294118 0.7294117647058823 0.05294117647058807 0.10588235294117647
1 0.07352941176470588 0.25098039215686274 0.08235294117647059 0.058823529411764705
1 0.625 0.615686274509804 0.052941176470588235 0.043137254901960784
1 0.7941176470588235 0.7333333333333333 0.07058823529411765 0.054901960784313725
