1 0.6911764705882353 0.9215686274509803 0.07941176470588235 0.10980392156862745
1 0.18235294117647058 0.7098039215686275 0.04411764705882353 0.07450980392156863
1 0.1661764705882353 0.34901960784313724 0.03235294117647059 0.054901960784313725
1 0.7911764705882353 0.8647058823529412 0.04411764705882353 0.08627450980392157
1 0.2073529411764706 0.6 0.047058823529411764 0.03529411764705882
1 0.4147058823529412 0.807843137254902 0.026470588235294117 0.058823529411764705
1 0.07352941176470588 0.515686274509804 0.04411764705882353 0.058823529411764705
1 0.3044117647058823 0.5450980392156862 0.02941176470588227 0.06274509803921569
1 0.13088235294117648 0.17058823529411765 0.05588235294117647 0.043137254901960784
1 0.8955882352941177 0.8921568627450981 0.058823529411764705 0.07058823529411765
