1 0.925 0.8549019607843137 0.029411764705882353 0.08627450980392157
1 0.6352941176470588 0.09411764705882353 0.052941176470588235 0.043137254901960784
1 0.19117647058823528 0.8725490196078431 0.047058823529411764 0.03137254901960784
1 0.020588235294117647 0.7254901960784313 0.05 0.043137254901960784
1 0.5235294117647059 0.6588235294117647 0.041176470588235294 0.047058823529411764
1 0.8529411764705882 0.9647058823529412 0.03823529411764706 0.047058823529411764
1 0.3191176470588235 0.9450980392156862 0.050000000000000086 0.047058823529411764
1 0.8676470588235294 0.3627450980392157 0.06764705882352941 0.050980392156862744
1 0.025 0.9019607843137255 0.08235294117647059 0.047058823529411764
1 0.4102941176470588 0.2549019607843137 0.06764705882352941 0.043137254901960784
1 0.46911764705882353 0.6078431372549019 0.06764705882352941 0.0392156862745098
1 0.5970588235294118 0.6196078431372549 0.03823529411764706 0.06274509803921569
1 0.1338235294117647 0.8098039215686275 0.04411764705882353 0.03137254901960784
1 0.5985294117647059 0.8980392156862745 0.03529411764705882 0.058823529411764705
1 0.0661764705882353 0.13333333333333333 0.07058823529411765 0.058823529411764705
1 0.5294117647058824 0.047058823529411764 0.04411764705882353 0.08627450980392157
1 0.5397058823529411 0.7509803921568627 0.026470588235294117 0.09019607843137255
1 0.9352941176470588 0.7274509803921568 0.07941176470588235 0.08627450980392157
