1 0.6070263791405294 0.3367606282817598 0.044063647490820076 0.06525285481239804
1 0.7220814586998929 0.16384056302890498 0.051407588739290085 0.08809135399673736
1 0.6792418014171512 0.45910973105500613 0.0416156670746634 0.07830342577487764
1 0.9117999409520349 0.7560102204514172 0.07833537331701346 0.07504078303425775
1 0.45035563250650246 0.4901048370908952 0.022031823745410038 0.06199021207177814
1 0.6976016545383262 0.8750966804840437 0.046511627906976744 0.10114192495921696
1 0.6988256447464045 0.7233837930452182 0.05385556915544676 0.08809135399673736
1 0.390380112310664 0.18831038358355423 0.04895960832313342 0.03588907014681892
1 0.405067994807604 0.26824513072874184 0.051407588739290085 0.052202283849918436
1 0.8812001857500765 0.49173615846120516 0.06854345165238677 0.06199021207177814
1 0.3108207487855722 0.46726633790655586 0.044063647490820076 0.04241435562805873
1 0.3585563669006273 0.10348167232743678 0.03671970624235006 0.052202283849918436
1 0.43077178917724906 0.2405126674334727 0.02447980416156671 0.048939641109298535
1 0.44668366188226744 0.16220924165859502 0.017135862913096694 0.06525285481239804
1 0.4295477989691707 0.10674431506805669 0.04895960832313342 0.04567699836867863
1 0.9020080192874081 0.6581309382328201 0.0587515299877601 0.10766721044045696
1 0.7086175664110312 0.6140852612344515 0.019583843329253364 0.052202283849918436
1 0.5605147512335527 0.9419808566667516 0.02692778457772338 0.03588907014681892
1 0.9203678724085832 0.33839194965206976 0.08567931456548347 0.06525285481239804
