1 0.025 0.0392156862745098 0.058823529411764705 0.10980392156862745
1 0.16323529411764706 0.07058823529411765 0.05588235294117647 0.09019607843137255
1 0.3058823529411765 0.44313725490196076 0.06764705882352932 0.08235294117647059
1 0.2514705882352941 0.25882352941176473 0.08823529411764706 0.07450980392156863
1 0.31029411764705883 0.6705882352941176 0.06764705882352941 0.058823529411764705
1 0.4102941176470588 0.16470588235294117 0.07352941176470588 0.03137254901960784
1 0.27058823529411763 0.1568627450980392 0.07352941176470588 0.0784313725490196
1 0.16323529411764706 0.296078431372549 0.07941176470588235 0.07450980392156863
1 0.16470588235294117 0.38235294117647056 0.05588235294117647 0.06274509803921569
1 0.25735294117647056 0.3333333333333333 0.09117647058823537 0.06666666666666667
1 0.38529411764705884 0.01568627450980392 0.05588235294117647 0.047058823529411764
1 0.10147058823529412 0.3058823529411765 0.05 0.10196078431372549
1 0.09705882352941177 0.18823529411764706 0.047058823529411764 0.07450980392156863
1 0.36911764705882355 0.8274509803921568 0.06764705882352941 0.058823529411764705
1 0.020588235294117647 0.5 0.052941176470588235 0.08235294117647059
1 0.34558823529411764 0.9450980392156862 0.03235294117647059 0.043137254901960784
1 0.1588235294117647 0.0196078431372549 0.07058823529411765 0.058823529411764705
1 0.22205882352941175 0.5529411764705883 0.061764705882352944 0.10196078431372549
1 0.052941176470588235 0.33137254901960783 0.04411764705882353 0.06666666666666667
1 0.14705882352941177 0.14901960784313725 0.06764705882352941 0.08235294117647059
