1 0.7426470588235294 0.7509803921568627 0.05 0.06666666666666667
1 0.1 0.01568627450980392 0.04411764705882353 0.06274509803921569
1 0.5941176470588235 0.023529411764705882 0.05 0.07058823529411765
1 0.5676470588235294 0.23137254901960785 0.04411764705882353 0.0392156862745098
1 0.7 0.9392156862745098 0.06176470588235311 0.07058823529411765
1 0.85 0.5686274509803921 0.05588235294117647 0.0784313725490196
1 0.8191176470588235 0.6764705882352942 0.052941176470588235 0.08235294117647059
1 0.7823529411764706 0.4294117647058823 0.04411764705882353 0.047058823529411764
1 0.03676470588235294 0.6039215686274509 0.052941176470588235 0.06274509803921569
1 0.7220588235294118 0.5725490196078431 0.026470588235294117 0.08235294117647059
1 0.6485294117647059 0.9137254901960784 0.03235294117647059 0.06666666666666667
1 0.8764705882352941 0.23137254901960785 0.041176470588235294 0.08627450980392157
