0 0.8753501400560224 0.46455223880597013 0.04481792717086835 0.05970149253731343
0 0.2535014005602241 0.4869402985074627 0.047619047619047616 0.06716417910447761
0 0.8095238095238095 0.33955223880597013 0.0392156862745098 0.06716417910447761
0 0.5196078431372549 0.39552238805970147 0.05602240896358528 0.08208955223880597
0 0.014005602240896359 0.24253731343283583 0.0392156862745098 0.04477611940298507
0 0.7535014005602241 0.09888059701492537 0.036414565826330535 0.06716417910447761
0 0.7100840336134454 0.8675373134328358 0.05042016806722689 0.07462686567164178
0 0.8221288515406162 0.22761194029850745 0.06162464985994398 0.0708955223880597
0 0.15826330532212884 0.7313432835820896 0.03361344537815126 0.0708955223880597
0 0.30952380952380953 0.6436567164179104 0.05322128851540616 0.06716417910447761
0 0.058823529411764705 0.26492537313432835 0.047619047619047616 0.05223880597014925
0 0.20028011204481794 0.5055970149253731 0.0392156862745098 0.05223880597014925
0 0.16106442577030813 0.35447761194029853 0.053221288515406126 0.055970149253731345
0 0.957983193277311 0.39738805970149255 0.04481792717086835 0.05223880597014925
