1 0.9527272727272728 0.7515151515151515 0.06 0.11878787878787879
1 0.6809090909090909 0.41575757575757577 0.10363636363636364 0.12363636363636364
1 0.83 0.11272727272727273 0.07090909090909091 0.08969696969696969
1 0.3927272727272727 0.01090909090909091 0.05272727272727273 0.05090909090909091
1 0.44272727272727275 0.46424242424242423 0.13818181818181818 0.1696969696969697
1 0.36 0.07151515151515152 0.08727272727272728 0.09454545454545454
1 0.16363636363636364 0.343030303030303 0.12545454545454546 0.12606060606060607
1 0.36454545454545456 0.7369696969696969 0.09454545454545454 0.1478787878787879
1 0.29454545454545455 0.656969696969697 0.07454545454545454 0.08484848484848485
1 0.9936363636363637 0.7963636363636364 0.038181818181818185 0.08727272727272728
1 0.8336363636363636 0.3115151515151515 0.09090909090909091 0.10424242424242425
1 0.94 0.3696969696969697 0.045454545454545456 0.10424242424242425
1 0.26 0.8715151515151515 0.07636363636363637 0.08727272727272728
1 0.9936363636363637 0.7151515151515152 0.02909090909090909 0.08
1 0.1509090909090909 0.08969696969696969 0.1 0.0993939393939394
1 0.7827272727272727 0.3212121212121212 0.06 0.08969696969696969
1 0.37636363636363634 0.15151515151515152 0.07818181818181819 0.0703030303030303
1 0.2927272727272727 0.7248484848484849 0.06363636363636363 0.07757575757575758
1 0.8809090909090909 0.1781818181818182 0.10909090909090909 0.11151515151515151
1 0.2545454545454545 0.9490909090909091 0.06545454545454535 0.10424242424242425
1 0.9736363636363636 0.37575757575757573 0.07818181818181819 0.12363636363636364
1 0.21 0.6690909090909091 0.09454545454545454 0.11878787878787879
1 0.3118181818181818 0.5115151515151515 0.0890909090909091 0.11878787878787865
