1 0.25636363636363635 0.13090909090909092 0.12545454545454546 0.1357575757575758
1 0.34363636363636363 0.14303030303030304 0.09818181818181818 0.12121212121212122
1 0.5781818181818181 0.3975757575757576 0.08727272727272728 0.11393939393939394
1 0.9263636363636364 0.19151515151515153 0.07818181818181819 0.08727272727272728
1 0.6054545454545455 0.12 0.13818181818181818 0.11878787878787879
1 0.7509090909090909 0.8278787878787879 0.06363636363636363 0.08484848484848485
1 0.49818181818181817 0.16363636363636364 0.09090909090909091 0.0993939393939394
1 0.5509090909090909 0.10424242424242425 0.08181818181818182 0.12363636363636364
1 0.3981818181818182 0.8206060606060606 0.09454545454545454 0.11393939393939394
1 0.9018181818181819 0.8290909090909091 0.08 0.08242424242424243
1 0.8109090909090909 0.833939393939394 0.04181818181818182 0.09696969696969697
1 0.5454545454545454 0.8072727272727273 0.0890909090909091 0.09696969696969697
