0 0.07563025210084033 0.5541044776119403 0.04201680672268909 0.055970149253731345
0 0.7955182072829131 0.18470149253731344 0.047619047619047616 0.055970149253731345
0 0.5224089635854342 0.28171641791044777 0.047619047619047616 0.0708955223880597
0 0.7408963585434174 0.47388059701492535 0.05042016806722689 0.055970149253731345
0 0.8319327731092437 0.957089552238806 0.04201680672268908 0.06343283582089553
0 0.06442577030812324 0.3712686567164179 0.039215686274509824 0.05223880597014925
0 0.41596638655462187 0.1958955223880597 0.036414565826330535 0.055970149253731345
0 0.3739495798319328 0.11380597014925373 0.03081232492997199 0.041044776119402986
0 0.3795518207282913 0.332089552238806 0.03361344537815126 0.048507462686567165
0 0.16666666666666666 0.16044776119402984 0.03081232492997199 0.03731343283582089
0 0.39915966386554624 0.17164179104477612 0.03081232492997199 0.04477611940298507
0 0.7170868347338936 0.9552238805970149 0.06162464985994398 0.08582089552238806
0 0.39915966386554624 0.871268656716418 0.03081232492997199 0.048507462686567165
0 0.3235294117647059 0.9291044776119403 0.036414565826330535 0.048507462686567165
0 0.29551820728291317 0.539179104477612 0.028011204481792718 0.05223880597014925
0 0.11904761904761904 0.16044776119402984 0.0392156862745098 0.041044776119402986
0 0.46218487394957986 0.1791044776119403 0.0392156862745098 0.048507462686567165
0 0.19327731092436976 0.1417910447761194 0.04201680672268908 0.03731343283582089
0 0.8935574229691877 0.2126865671641791 0.03361344537815126 0.03731343283582089
0 0.2507002801120448 0.8376865671641791 0.04481792717086835 0.06343283582089553
0 0.6512605042016807 0.7686567164179104 0.036414565826330535 0.06343283582089553
0 0.10084033613445378 0.2630597014925373 0.03361344537815126 0.03731343283582089
0 0.9159663865546218 0.3041044776119403 0.03361344537815126 0.05223880597014925
0 0.27450980392156865 0.26865671641791045 0.03641456582633045 0.048507462686567165
0 0.3235294117647059 0.15298507462686567 0.03081232492997199 0.041044776119402986
0 0.28431372549019607 0.31343283582089554 0.0392156862745098 0.033582089552238806
0 0.09243697478991597 0.7014925373134329 0.05042016806722689 0.055970149253731345
0 0.438375350140056 0.14925373134328357 0.03361344537815126 0.03731343283582089
0 0.11764705882352941 0.582089552238806 0.0392156862745098 0.048507462686567165
0 0.36554621848739494 0.18470149253731344 0.03081232492997199 0.03731343283582089
0 0.4523809523809524 0.835820895522388 0.047619047619047616 0.06716417910447761
0 0.8879551820728291 0.15485074626865672 0.0392156862745098 0.05223880597014925
0 0.1484593837535014 0.18097014925373134 0.03361344537815126 0.04477611940298507
0 0.5994397759103641 0.31716417910447764 0.056022408963585436 0.07462686567164169
0 0.29411764705882354 0.35074626865671643 0.03361344537815126 0.03731343283582089
0 0.542016806722689 0.19776119402985073 0.0392156862745098 0.041044776119402986
0 0.47619047619047616 0.24067164179104478 0.0392156862745098 0.05223880597014925
0 0.2857142857142857 0.13619402985074627 0.03081232492997199 0.05223880597014925
0 0.10504201680672269 0.48507462686567165 0.0392156862745098 0.05223880597014925
0 0.5294117647058824 0.8936567164179104 0.05042016806722689 0.0708955223880597
0 0.35294117647058826 0.27798507462686567 0.03641456582633045 0.041044776119402986
0 0.45098039215686275 0.7555970149253731 0.0392156862745098 0.048507462686567165
0 0.7044817927170869 0.539179104477612 0.05042016806722673 0.05970149253731343
0 0.35714285714285715 0.23694029850746268 0.03361344537815126 0.041044776119402986
0 0.1722689075630252 0.10261194029850747 0.03361344537815126 0.04477611940298507
0 0.12605042016806722 0.6305970149253731 0.05322128851540616 0.03731343283582089
0 0.31932773109243695 0.21828358208955223 0.042016806722689155 0.05223880597014925
0 0.5686274509803921 0.710820895522388 0.05042016806722689 0.05970149253731343
0 0.9327731092436975 0.14738805970149255 0.04201680672268908 0.04477611940298507
0 0.38375350140056025 0.2798507462686567 0.03361344537815126 0.033582089552238806
0 0.5182072829131653 0.3283582089552239 0.04761904761904746 0.055970149253731345
0 0.6526610644257703 0.9720149253731343 0.05322128851540616 0.07835820895522388
0 0.0938375350140056 0.29850746268656714 0.04481792717086835 0.03731343283582089
0 0.3585434173669468 0.14925373134328357 0.028011204481792718 0.041044776119402986
0 0.049019607843137254 0.7182835820895522 0.0392156862745098 0.048507462686567165
0 0.5742296918767507 0.1865671641791045 0.028011204481792878 0.05223880597014925
0 0.6274509803921569 0.19402985074626866 0.04201680672268908 0.055970149253731345
0 0.2773109243697479 0.8694029850746269 0.0392156862745098 0.048507462686567165
0 0.469187675070028 0.30597014925373134 0.0392156862745098 0.05970149253731343
