1 0.7327272727272728 0.7696969696969697 0.07272727272727252 0.08727272727272728
1 0.5054545454545455 0.6581818181818182 0.10727272727272727 0.15272727272727274
1 0.12363636363636364 0.3151515151515151 0.11454545454545455 0.1503030303030303
1 0.4072727272727273 0.9393939393939394 0.14 0.18424242424242424
1 0.9536363636363636 0.9781818181818182 0.0890909090909091 0.07515151515151515
1 0.7981818181818182 0.04242424242424243 0.06181818181818182 0.041212121212121214
1 0.8209090909090909 0.009696969696969697 0.09636363636363636 0.06060606060606061
1 0.7909090909090909 0.6593939393939394 0.09272727272727273 0.12848484848484848
1 0.6027272727272728 0.7951515151515152 0.04 0.05090909090909091
1 0.49636363636363634 0.2509090909090909 0.12 0.13090909090909092
1 0.6672727272727272 0.730909090909091 0.07272727272727272 0.06787878787878789
1 0.057272727272727274 0.2606060606060606 0.09818181818181818 0.13333333333333333
1 0.48363636363636364 0.5454545454545454 0.11454545454545455 0.14787878787878803
1 0.7854545454545454 0.8836363636363637 0.0890909090909091 0.10909090909090909
1 0.6190909090909091 0.7127272727272728 0.04909090909090909 0.06060606060606061
1 0.6363636363636364 0.7963636363636364 0.056363636363636366 0.0703030303030303
