0 0.42997198879551823 0.2574626865671642 0.06442577030812324 0.08208955223880597
0 0.4803921568627451 0.16044776119402984 0.05042016806722689 0.07462686567164178
0 0.9481792717086834 0.3246268656716418 0.07563025210084033 0.06343283582089553
0 0.28711484593837533 0.08022388059701492 0.06442577030812333 0.08582089552238806
0 0.5966386554621849 0.22388059701492538 0.06442577030812324 0.07835820895522388
0 0.21708683473389356 0.09328358208955224 0.05042016806722689 0.06343283582089553
0 0.3277310924369748 0.9309701492537313 0.04201680672268908 0.06343283582089553
0 0.9327731092436975 0.16791044776119404 0.0700280112044818 0.08208955223880597
0 0.15826330532212884 0.10634328358208955 0.05042016806722689 0.05223880597014925
0 0.22549019607843138 0.7705223880597015 0.0896358543417367 0.10074626865671642
0 0.8081232492997199 0.16417910447761194 0.07282913165266107 0.10074626865671642
0 0.742296918767507 0.11007462686567164 0.056022408963585436 0.07462686567164178
0 0.7759103641456583 0.9850746268656716 0.06162464985994398 0.05970149253731343
0 0.7801120448179272 0.05970149253731343 0.07282913165266107 0.08582089552238806
0 0.5434173669467787 0.2667910447761194 0.056022408963585596 0.07835820895522388
0 0.6904761904761905 0.13432835820895522 0.06442577030812324 0.07462686567164178
0 0.6316526610644257 0.5186567164179104 0.06442577030812324 0.08208955223880597
0 0.21288515406162464 0.503731343283582 0.056022408963585436 0.06716417910447761
0 0.3739495798319328 0.013059701492537313 0.056022408963585436 0.055970149253731345
0 0.3543417366946779 0.8917910447761194 0.05042016806722689 0.05970149253731343
0 0.38935574229691877 0.17537313432835822 0.06442577030812324 0.08582089552238806
0 0.8753501400560224 0.054104477611940295 0.0784313725490196 0.09328358208955226
0 0.957983193277311 0.07649253731343283 0.08403361344537816 0.10074626865671642
0 0.09523809523809523 0.7313432835820896 0.0784313725490196 0.10074626865671642
0 0.08403361344537816 0.292910447761194 0.04201680672268906 0.05970149253731343
0 0.8417366946778712 0.9776119402985075 0.06442577030812324 0.05970149253731343
0 0.7212885154061625 0.7276119402985075 0.06722689075630252 0.08208955223880597
0 0.7016806722689075 0.21455223880597016 0.0756302521008405 0.08582089552238806
0 0.19887955182072828 0.31902985074626866 0.0700280112044818 0.06343283582089553
