0 0.7338935574229691 0.7033582089552238 0.06442577030812324 0.0708955223880597
0 0.33053221288515405 0.9701492537313433 0.0784313725490196 0.07835820895522388
0 0.6218487394957983 0.5242537313432836 0.056022408963585436 0.0708955223880597
0 0.8711484593837535 0.7276119402985075 0.05042016806722689 0.06343283582089553
0 0.06862745098039216 0.7425373134328358 0.0672268907563025 0.0708955223880597
0 0.665266106442577 0.6436567164179104 0.06722689075630252 0.07462686567164178
0 0.6092436974789915 0.2593283582089552 0.05042016806722705 0.07462686567164178
0 0.5084033613445378 0.9216417910447762 0.058823529411764705 0.08955223880597014
0 0.7352941176470589 0.3787313432835821 0.036414565826330535 0.06716417910447761
0 0.22549019607843138 0.7294776119402985 0.056022408963585436 0.08955223880597014
0 0.5238095238095238 0.291044776119403 0.07563025210084033 0.09328358208955224
0 0.6596638655462185 0.5802238805970149 0.056022408963585436 0.06716417910447761
0 0.8501400560224089 0.8432835820895522 0.058823529411764705 0.07462686567164178
0 0.7787114845938375 0.8619402985074627 0.058823529411764705 0.0708955223880597
