0 0.2773109243697479 0.376865671641791 0.06442577030812324 0.08582089552238806
0 0.8431372549019608 0.8861940298507462 0.04201680672268908 0.048507462686567165
0 0.7675070028011205 0.5354477611940298 0.058823529411764705 0.08208955223880597
0 0.3557422969187675 0.17350746268656717 0.06162464985994398 0.11194029850746269
0 0.08823529411764706 0.014925373134328358 0.05042016806722687 0.041044776119402986
0 0.09103641456582633 0.9496268656716418 0.0700280112044818 0.08208955223880597
0 0.12745098039215685 0.5186567164179104 0.05042016806722689 0.06343283582089553
0 0.542016806722689 0.8619402985074627 0.04481792717086835 0.05970149253731343
0 0.25770308123249297 0.7985074626865671 0.03921568627450989 0.055970149253731345
0 0.9397759103641457 0.8526119402985075 0.0392156862745098 0.055970149253731345
0 0.8011204481792717 0.621268656716418 0.08123249299719888 0.08955223880597014
0 0.5784313725490197 0.8451492537313433 0.036414565826330375 0.0708955223880597
0 0.8977591036414566 0.8973880597014925 0.058823529411764705 0.06716417910447761
0 0.242296918767507 0.17350746268656717 0.056022408963585436 0.0708955223880597
0 0.9551820728291317 0.664179104477612 0.08403361344537816 0.10074626865671642
0 0.49719887955182074 0.9888059701492538 0.036414565826330535 0.033582089552238806
0 0.9481792717086834 0.9664179104477612 0.058823529411764705 0.0708955223880597
0 0.5448179271708683 0.9813432835820896 0.03921568627450996 0.05970149253731343
0 0.19887955182072828 0.7033582089552238 0.04481792717086835 0.07462686567164178
0 0.21708683473389356 0.8936567164179104 0.05322128851540616 0.07835820895522388
