1 0.4863636363636364 0.15151515151515152 0.03636363636363636 0.09696969696969697
1 0.3418181818181818 0.2509090909090909 0.07454545454545454 0.06303030303030303
1 0.3981818181818182 0.35393939393939394 0.06363636363636363 0.06787878787878789
1 0.29454545454545455 0.5563636363636364 0.07636363636363637 0.06545454545454546
1 0.22727272727272727 0.28363636363636363 0.0890909090909091 0.024242424242424242
1 0.5154545454545455 0.059393939393939395 0.03272727272727273 0.09212121212121212
1 0.44636363636363635 0.21575757575757576 0.06181818181818182 0.07272727272727272
1 0.39636363636363636 0.4581818181818182 0.04727272727272727 0.0703030303030303
1 0.3245454545454545 0.10787878787878788 0.08 0.08484848484848485
1 0.37454545454545457 0.19636363636363635 0.06545454545454546 0.0703030303030303
