1 0.1426470588235294 0.023529411764705882 0.061764705882352944 0.054901960784313725
1 0.7088235294117647 0.6588235294117647 0.05588235294117647 0.050980392156862744
1 0.6294117647058823 0.615686274509804 0.07352941176470588 0.054901960784313725
1 0.9117647058823529 0.8352941176470589 0.03529411764705882 0.050980392156862744
1 0.8132352941176471 0.7647058823529411 0.03823529411764706 0.043137254901960784
1 0.03823529411764706 0.5313725490196078 0.04117647058823529 0.0784313725490196
1 0.07941176470588235 0.8196078431372549 0.07058823529411765 0.03137254901960784
1 0.23088235294117648 0.09607843137254903 0.09705882352941177 0.11764705882352941
1 0.17205882352941176 0.6509803921568628 0.13823529411764707 0.08235294117647059
1 0.5073529411764706 0.9117647058823529 0.05 0.050980392156862744
1 0.4279411764705882 0.6862745098039216 0.07058823529411765 0.047058823529411764
1 0.33676470588235297 0.13137254901960785 0.08823529411764698 0.12156862745098039
1 0.8897058823529411 0.9666666666666667 0.03823529411764706 0.047058823529411764
1 0.7647058823529411 0.7 0.04411764705882353 0.03529411764705882
1 0.34411764705882353 0.796078431372549 0.04411764705882353 0.06274509803921569
1 0.2691176470588235 0.7705882352941177 0.05588235294117647 0.0392156862745098
1 0.29411764705882354 0.6588235294117647 0.041176470588235294 0.0392156862745098
1 0.8382352941176471 0.8058823529411765 0.06470588235294118 0.0392156862745098
1 0.7308823529411764 0.9156862745098039 0.05000000000000017 0.0392156862745098
1 0.40294117647058825 0.40980392156862744 0.07058823529411765 0.10196078431372549
1 0.09117647058823529 0.8901960784313725 0.058823529411764705 0.050980392156862744
1 0.31029411764705883 0.2803921568627451 0.07647058823529412 0.0784313725490196
