1 0.7911764705882353 0.6196078431372549 0.07058823529411765 0.08627450980392157
1 0.052941176470588235 0.28627450980392155 0.09705882352941177 0.10980392156862745
1 0.033823529411764704 0.8117647058823529 0.07941176470588235 0.12549019607843137
1 0.6058823529411764 0.2627450980392157 0.07058823529411748 0.09803921568627451
1 0.25882352941176473 0.7098039215686275 0.10294117647058815 0.09411764705882353
1 0.6735294117647059 0.7823529411764706 0.07647058823529396 0.07450980392156863
1 0.3014705882352941 0.5372549019607843 0.07941176470588235 0.10588235294117647
1 0.8294117647058824 0.44313725490196076 0.06764705882352941 0.13333333333333333
1 0.4 0.1588235294117647 0.08823529411764706 0.10196078431372549
1 0.6764705882352942 0.307843137254902 0.06470588235294118 0.07450980392156863
1 0.49264705882352944 0.19607843137254902 0.07058823529411765 0.09411764705882353
1 0.95 0.22941176470588234 0.07352941176470588 0.09803921568627451
1 0.21029411764705883 0.40784313725490196 0.07647058823529412 0.08235294117647059
1 0.5441176470588235 0.49019607843137253 0.08823529411764723 0.07450980392156863
