1 0.29558823529411765 0.35490196078431374 0.041176470588235294 0.06666666666666667
1 0.7705882352941177 0.027450980392156862 0.04411764705882353 0.06274509803921569
1 0.6441176470588236 0.44901960784313727 0.03823529411764689 0.047058823529411764
1 0.8558823529411764 0.16666666666666666 0.041176470588235294 0.047058823529411764
1 0.5794117647058824 0.296078431372549 0.05294117647058807 0.047058823529411764
1 0.6808823529411765 0.3235294117647059 0.05 0.043137254901960784
1 0.3220588235294118 0.4470588235294118 0.02941176470588227 0.058823529411764705
1 0.763235294117647 0.29215686274509806 0.026470588235294117 0.06666666666666667
1 0.09264705882352942 0.3607843137254902 0.05588235294117647 0.08627450980392157
1 0.9455882352941176 0.3862745098039216 0.03823529411764706 0.0392156862745098
