1 0.6044117647058823 0.4392156862745098 0.05588235294117647 0.07058823529411765
1 0.5838235294117647 0.13333333333333333 0.10294117647058823 0.06274509803921569
1 0.26323529411764707 0.39019607843137255 0.06470588235294118 0.043137254901960784
1 0.22205882352941175 0.6980392156862745 0.041176470588235294 0.050980392156862744
1 0.06470588235294118 0.013725490196078431 0.0852941176470588 0.0392156862745098
1 0.325 0.4470588235294118 0.04411764705882353 0.054901960784313725
1 0.49264705882352944 0.8411764705882353 0.03823529411764706 0.047058823529411764
1 0.5397058823529411 0.5509803921568628 0.061764705882352944 0.08627450980392157
1 0.28088235294117647 0.6450980392156863 0.026470588235294117 0.06274509803921569
1 0.5647058823529412 0.4980392156862745 0.03823529411764706 0.050980392156862744
1 0.925 0.7411764705882353 0.07647058823529412 0.0784313725490196
1 0.7558823529411764 0.35490196078431374 0.06470588235294118 0.08627450980392157
1 0.6941176470588235 0.6588235294117647 0.047058823529411764 0.058823529411764705
1 0.8426470588235294 0.6372549019607843 0.06470588235294118 0.043137254901960784
1 0.7647058823529411 0.9137254901960784 0.03235294117647059 0.050980392156862744
1 0.9029411764705882 0.6372549019607843 0.06764705882352941 0.043137254901960784
1 0.11764705882352941 0.22156862745098038 0.05 0.0392156862745098
1 0.43529411764705883 0.5705882352941176 0.047058823529411764 0.050980392156862744
1 0.5411764705882353 0.7235294117647059 0.07941176470588235 0.06274509803921569
1 0.9897058823529412 0.6470588235294118 0.05 0.06274509803921569
1 0.49117647058823527 0.11960784313725491 0.06470588235294118 0.06274509803921569
1 0.45 0.24313725490196078 0.10882352941176471 0.0784313725490196
1 0.4588235294117647 0.692156862745098 0.052941176470588235 0.06274509803921569
1 0.9676470588235294 0.43137254901960786 0.08235294117647059 0.058823529411764705
1 0.36176470588235293 0.40784313725490196 0.04411764705882353 0.047058823529411764
1 0.6308823529411764 0.692156862745098 0.047058823529411764 0.06666666666666667
1 0.21176470588235294 0.34901960784313724 0.07058823529411765 0.0392156862745098
1 0.8088235294117647 0.9647058823529412 0.026470588235294117 0.0784313725490196
1 0.6044117647058823 0.5509803921568628 0.052941176470588235 0.054901960784313725
1 0.7558823529411764 0.8392156862745098 0.03235294117647059 0.058823529411764705
1 0.8470588235294118 0.6941176470588235 0.06470588235294118 0.050980392156862744
1 0.31029411764705883 0.692156862745098 0.052941176470588235 0.043137254901960784
1 0.7058823529411765 0.6098039215686275 0.0470588235294116 0.043137254901960784
1 0.6808823529411765 0.17254901960784313 0.07941176470588235 0.11764705882352941
1 0.6514705882352941 0.5176470588235295 0.058823529411764705 0.054901960784313725
1 0.7558823529411764 0.9686274509803922 0.05 0.043137254901960784
1 0.48676470588235293 0.5313725490196078 0.03235294117647059 0.058823529411764705
1 0.8102941176470588 0.07450980392156863 0.1323529411764706 0.15294117647058825
1 0.4852941176470588 0.6509803921568628 0.029411764705882353 0.0784313725490196
1 0.7955882352941176 0.8764705882352941 0.03529411764705882 0.06666666666666667
1 0.7823529411764706 0.6470588235294118 0.03529411764705882 0.07058823529411765
1 0.15735294117647058 0.26862745098039215 0.047058823529411764 0.047058823529411764
1 0.5323529411764706 0.4411764705882353 0.05588235294117647 0.06274509803921569
1 0.6102941176470589 0.6411764705882353 0.05294117647058807 0.0392156862745098
1 0.9485294117647058 0.6450980392156863 0.03823529411764706 0.09411764705882353
1 0.43529411764705883 0.025490196078431372 0.09705882352941177 0.058823529411764705
1 0.42058823529411765 0.4725490196078431 0.052941176470588235 0.027450980392156862
1 0.43823529411764706 0.6274509803921569 0.05 0.047058823529411764
1 0.47941176470588237 0.7470588235294118 0.04411764705882353 0.06274509803921569
1 0.6485294117647059 0.5882352941176471 0.058823529411764705 0.047058823529411764
