1 0.16911764705882354 0.1411764705882353 0.06470588235294118 0.0392156862745098
1 0.8102941176470588 0.11176470588235295 0.047058823529411764 0.07450980392156863
1 0.27941176470588236 0.5 0.05588235294117647 0.07450980392156863
1 0.275 0.23333333333333334 0.0647058823529411 0.10588235294117647
1 0.325 0.06470588235294118 0.041176470588235294 0.07450980392156863
1 0.22647058823529412 0.403921568627451 0.026470588235294117 0.058823529411764705
1 0.4441176470588235 0.13333333333333333 0.058823529411764705 0.058823529411764705
1 0.43823529411764706 0.4215686274509804 0.052941176470588235 0.0784313725490196
1 0.3397058823529412 0.21372549019607842 0.041176470588235294 0.08627450980392157
1 0.8470588235294118 0.00980392156862745 0.08529411764705883 0.03137254901960784
1 0.6897058823529412 0.058823529411764705 0.058823529411764705 0.058823529411764705
1 0.09852941176470588 0.7588235294117647 0.041176470588235294 0.08235294117647059
1 0.011764705882352941 0.4372549019607843 0.03235294117647059 0.08627450980392157
1 0.13529411764705881 0.7058823529411765 0.03823529411764706 0.07450980392156863
1 0.6147058823529412 0.22941176470588234 0.029411764705882353 0.08627450980392157
1 0.16176470588235295 0.5941176470588235 0.05 0.0784313725490196
