1 0.11323529411764706 0.4745098039215686 0.03529411764705882 0.06274509803921569
1 0.34705882352941175 0.013725490196078431 0.10882352941176471 0.047058823529411764
1 0.7941176470588235 0.38823529411764707 0.05 0.09019607843137255
1 0.19264705882352942 0.09607843137254903 0.09117647058823529 0.11372549019607843
1 0.6132352941176471 0.2568627450980392 0.09411764705882353 0.10196078431372549
1 0.31176470588235294 0.6372549019607843 0.041176470588235294 0.06666666666666667
1 0.12794117647058822 0.3941176470588235 0.061764705882352944 0.07058823529411765
1 0.2926470588235294 0.5313725490196078 0.061764705882352944 0.07450980392156863
1 0.6044117647058823 0.07647058823529412 0.07058823529411765 0.09019607843137255
1 0.03823529411764706 0.19607843137254902 0.04999999999999999 0.09411764705882353
1 0.6867647058823529 0.03529411764705882 0.07058823529411765 0.08627450980392157
1 0.8544117647058823 0.6313725490196078 0.041176470588235294 0.06274509803921569
1 0.7647058823529411 0.3058823529411765 0.06764705882352941 0.07450980392156863
1 0.3029411764705882 0.43333333333333335 0.04705882352941168 0.09411764705882353
1 0.008823529411764706 0.28433484844132967 0.06470588235294118 0.035300580193014706
1 0.2897058823529412 0.21176470588235294 0.0735294117647058 0.09411764705882353
1 0.052941176470588235 0.45098039215686275 0.041176470588235294 0.07058823529411765
1 0.04264705882352941 0.36666666666666664 0.03823529411764706 0.09411764705882353
1 0.5426470588235294 0.7862745098039216 0.06470588235294118 0.03529411764705882
1 0.6514705882352941 0.7941176470588235 0.05588235294117647 0.027450980392156862
