1 0.13823529411764707 0.19411764705882353 0.052941176470588235 0.058823529411764705
1 0.3735294117647059 0.26862745098039215 0.05 0.06274509803921569
1 0.7926470588235294 0.9156862745098039 0.047058823529411764 0.058823529411764705
1 0.8558823529411764 0.8784313725490196 0.047058823529411764 0.050980392156862744
1 0.011764705882352941 0.7901960784313725 0.041176470588235294 0.08235294117647059
1 0.6205882352941177 0.8196078431372549 0.047058823529411764 0.047058823529411764
1 0.8926470588235295 0.9803921568627451 0.041176470588235294 0.058823529411764705
1 0.5661764705882353 0.5686274509803921 0.052941176470588235 0.043137254901960784
1 0.03823529411764706 0.49411764705882355 0.09411764705882353 0.07058823529411765
1 0.6617647058823529 0.8 0.052941176470588235 0.08235294117647059
1 0.17352941176470588 0.6980392156862745 0.07941176470588235 0.07058823529411765
1 0.8161764705882353 0.8450980392156863 0.03823529411764706 0.043137254901960784
1 0.4647058823529412 0.888235294117647 0.06764705882352941 0.050980392156862744
1 0.0838235294117647 0.6333333333333333 0.07058823529411767 0.0392156862745098
1 0.4264705882352941 0.7196078431372549 0.07941176470588235 0.06666666666666667
