1 0.6529411764705882 0.41568627450980394 0.06470588235294118 0.058823529411764705
1 0.4338235294117647 0.7098039215686275 0.05588235294117647 0.03529411764705882
1 0.6147058823529412 0.5098039215686274 0.023529411764705882 0.07058823529411765
1 0.6470588235294118 0.9764705882352941 0.05588235294117647 0.043137254901960784
1 0.2985294117647059 0.9549019607843138 0.05 0.043137254901960784
1 0.19117647058823528 0.788235294117647 0.047058823529411764 0.054901960784313725
1 0.7808823529411765 0.052941176470588235 0.05588235294117647 0.07058823529411765
1 0.4264705882352941 0.9509803921568627 0.06470588235294118 0.047058823529411764
1 0.6779411764705883 0.3607843137254902 0.03529411764705882 0.06666666666666667
1 0.7161764705882353 0.7411764705882353 0.041176470588235294 0.043137254901960784
1 0.13676470588235295 0.8215686274509804 0.05882352941176466 0.047058823529411764
1 0.051470588235294115 0.8215686274509804 0.04411764705882353 0.043137254901960784
1 0.22941176470588234 0.9823529411764705 0.058823529411764705 0.03137254901960784
1 0.8705882352941177 0.6901960784313725 0.041176470588235294 0.06274509803921569
1 0.37058823529411766 0.9509803921568627 0.05 0.050980392156862744
1 0.9029411764705882 0.16470588235294117 0.06764705882352941 0.09019607843137255
1 0.8514705882352941 0.5980392156862745 0.06764705882352941 0.0392156862745098
1 0.4470588235294118 0.8921568627450981 0.041176470588235294 0.043137254901960784
1 0.9514705882352941 0.5215686274509804 0.061764705882352944 0.047058823529411764
1 0.725 0.5019607843137255 0.061764705882352944 0.03529411764705882
1 0.5014705882352941 0.8509803921568627 0.04411764705882353 0.03137254901960784
1 0.6 0.6039215686274509 0.04411764705882353 0.0392156862745098
1 0.6470588235294118 0.7705882352941177 0.047058823529411764 0.03529411764705882
1 0.8485294117647059 0.5137254901960784 0.06764705882352941 0.07058823529411765
1 0.5602941176470588 0.7333333333333333 0.04411764705882353 0.050980392156862744
1 0.5264705882352941 0.596078431372549 0.04411764705882353 0.058823529411764705
1 0.22647058823529412 0.7431372549019608 0.052941176470588235 0.03137254901960784
1 0.6852941176470588 0.5607843137254902 0.05 0.0392156862745098
1 0.7558823529411764 0.1843137254901961 0.05588235294117647 0.08235294117647059
1 0.5 0.9627450980392157 0.052941176470588235 0.050980392156862744
1 0.3735294117647059 0.7176470588235294 0.03823529411764706 0.03529411764705882
