1 0.8470588235294118 0.38235294117647056 0.07941176470588235 0.10588235294117647
1 0.9838235294117647 0.6705882352941176 0.061764705882352944 0.07450980392156863
1 0.9088235294117647 0.054901960784313725 0.029411764705882353 0.058823529411764705
1 0.7970588235294118 0.21372549019607842 0.047058823529411764 0.09803921568627451
1 0.9102941176470588 0.8450980392156863 0.07647058823529412 0.08235294117647059
1 0.12794117647058822 0.03725490196078431 0.058823529411764705 0.14901960784313725
1 0.7014705882352941 0.1843137254901961 0.07647058823529429 0.11764705882352941
1 0.6573529411764706 0.4588235294117647 0.041176470588235294 0.06666666666666667
1 0.6882352941176471 0.696078431372549 0.03823529411764706 0.08627450980392157
1 0.5911764705882353 0.5882352941176471 0.1 0.09803921568627451
1 0.5764705882352941 0.9372549019607843 0.11470588235294134 0.07450980392156863
1 0.32794117647058824 0.3509803921568627 0.1264705882352941 0.08627450980392157
1 0.45588235294117646 0.3215686274509804 0.07941176470588235 0.047058823529411764
1 0.31470588235294117 0.8901960784313725 0.03529411764705882 0.1568627450980392
1 0.39705882352941174 0.01568627450980392 0.09705882352941177 0.047058823529411764
