1 0.49558823529411766 0.5784313725490197 0.04411764705882353 0.09803921568627451
1 0.011764705882352941 0.5235294117647059 0.029411764705882353 0.08235294117647059
1 0.8941176470588236 0.43333333333333335 0.05588235294117647 0.027450980392156862
1 0.5058823529411764 0.7627450980392156 0.020588235294117647 0.0784313725490196
1 0.6235294117647059 0.7862745098039216 0.05 0.050980392156862744
1 0.7147058823529412 0.5176470588235295 0.047058823529411764 0.06666666666666667
1 0.4338235294117647 0.6490196078431373 0.023529411764705882 0.06666666666666667
1 0.5705882352941176 0.888235294117647 0.041176470588235294 0.11372549019607843
1 0.13823529411764707 0.2372549019607843 0.07647058823529412 0.0784313725490196
1 0.9602941176470589 0.46862745098039216 0.047058823529411764 0.043137254901960784
1 0.8264705882352941 0.6450980392156863 0.029411764705882353 0.07058823529411765
1 0.5441176470588235 0.3980392156862745 0.0529411764705884 0.0784313725490196
1 0.010294117647058823 0.2411764705882353 0.03529411764705882 0.06274509803921569
1 0.836764705882353 0.8941176470588236 0.06764705882352941 0.058823529411764705
1 0.3941176470588235 0.615686274509804 0.03529411764705882 0.08627450980392157
1 0.3235294117647059 0.025490196078431372 0.05588235294117647 0.047058823529411764
1 0.9073529411764706 0.33137254901960783 0.03823529411764706 0.054901960784313725
1 0.15441176470588236 0.14705882352941177 0.058823529411764705 0.07058823529411765
1 0.01764705882352941 0.396078431372549 0.04411764705882353 0.09411764705882353
1 0.5926470588235294 0.9882352941176471 0.058823529411764705 0.0784313725490196
1 0.575 0.8058823529411765 0.04705882352941193 0.06274509803921569
1 0.18970588235294117 0.28823529411764703 0.05 0.058823529411764705
1 0.5352941176470588 0.08431372549019608 0.052941176470588235 0.050980392156862744
1 0.010294117647058823 0.058823529411764705 0.03235294117647059 0.054901960784313725
1 0.4117647058823529 0.25098039215686274 0.04411764705882353 0.08627450980392157
1 0.65 0.8392156862745098 0.05 0.054901960784313725
1 0.2529411764705882 0.4725490196078431 0.052941176470588235 0.09411764705882353
1 0.5441176470588235 0.2607843137254902 0.0529411764705884 0.058823529411764705
1 0.4323529411764706 0.3764705882352941 0.029411764705882353 0.08235294117647059
1 0.16029411764705884 0.5705882352941176 0.05294117647058819 0.09411764705882353
1 0.023529411764705882 0.7627450980392156 0.08235294117647059 0.11764705882352941
1 0.6808823529411765 0.903921568627451 0.052941176470588235 0.06274509803921569
