1 0.6441176470588236 0.2647058823529412 0.05588235294117631 0.10196078431372549
1 0.022058823529411766 0.060784313725490195 0.07352941176470588 0.054901960784313725
1 0.7161764705882353 0.5117647058823529 0.041176470588235294 0.050980392156862744
1 0.5088235294117647 0.01764705882352941 0.07352941176470588 0.06666666666666667
1 0.6647058823529411 0.9803921568627451 0.041176470588235294 0.058823529411764705
1 0.2852941176470588 0.9882352941176471 0.05 0.023529411764705882
1 0.3911764705882353 0.37450980392156863 0.058823529411764705 0.07058823529411765
1 0.6367647058823529 0.6470588235294118 0.05 0.050980392156862744
1 0.5588235294117647 0.5823529411764706 0.03823529411764706 0.03137254901960784
1 0.5647058823529412 0.9137254901960784 0.04411764705882353 0.054901960784313725
1 0.736764705882353 0.5803921568627451 0.04705882352941193 0.027450980392156862
1 0.7779411764705882 0.5411764705882353 0.04411764705882353 0.03137254901960784
1 0.538235294117647 0.492156862745098 0.061764705882352944 0.07450980392156863
1 0.05588235294117647 0.23333333333333334 0.09117647058823529 0.0784313725490196
1 0.6985294117647058 0.06862745098039216 0.05588235294117647 0.09411764705882353
1 0.6352941176470588 0.5647058823529412 0.05588235294117647 0.0392156862745098
1 0.25441176470588234 0.3764705882352941 0.08235294117647059 0.058823529411764705
1 0.6102941176470589 0.9215686274509803 0.04411764705882336 0.050980392156862744
1 0.4279411764705882 0.18823529411764706 0.06470588235294118 0.047058823529411764
1 0.9264705882352942 0.46862745098039216 0.047058823529411764 0.07058823529411765
1 0.7058823529411765 0.9784313725490196 0.05294117647058807 0.03529411764705882
1 0.888235294117647 0.5058823529411764 0.06470588235294118 0.043137254901960784
