1 0.8661764705882353 0.013725490196078431 0.06470588235294118 0.03529411764705882
1 0.3235294117647059 0.5901960784313726 0.052941176470588235 0.0392156862745098
1 0.638235294117647 0.6294117647058823 0.0470588235294116 0.06274509803921569
1 0.9573529411764706 0.8941176470588236 0.04411764705882353 0.054901960784313725
1 0.38382352941176473 0.5529411764705883 0.03529411764705882 0.0392156862745098
1 0.7911764705882353 0.8901960784313725 0.047058823529411764 0.050980392156862744
1 0.5323529411764706 0.09411764705882353 0.05 0.058823529411764705
1 0.8823529411764706 0.10196078431372549 0.047058823529411764 0.058823529411764705
1 0.23088235294117648 0.5490196078431373 0.047058823529411764 0.047058823529411764
1 0.18823529411764706 0.9627450980392157 0.04411764705882353 0.050980392156862744
1 0.29558823529411765 0.6196078431372549 0.03823529411764706 0.054901960784313725
1 0.7088235294117647 0.4745098039215686 0.03529411764705882 0.058823529411764705
1 0.6647058823529411 0.31176470588235294 0.03823529411764706 0.050980392156862744
1 0.6367647058823529 0.35490196078431374 0.03529411764705882 0.0392156862745098
1 0.3514705882352941 0.6294117647058823 0.038235294117647145 0.050980392156862744
1 0.5647058823529412 0.3568627450980392 0.04411764705882353 0.03529411764705882
1 0.19558823529411765 0.7450980392156863 0.047058823529411764 0.054901960784313725
1 0.325 0.4 0.041176470588235294 0.050980392156862744
1 0.4852941176470588 0.4745098039215686 0.03823529411764706 0.043137254901960784
1 0.6720588235294118 0.9705882352941176 0.04117647058823513 0.0392156862745098
1 0.3 0.29411764705882354 0.047058823529411764 0.06666666666666667
1 0.24411764705882352 0.2784313725490196 0.047058823529411764 0.06666666666666667
1 0.8147058823529412 0.1588235294117647 0.041176470588235294 0.050980392156862744
1 0.7617647058823529 0.049019607843137254 0.041176470588235294 0.07450980392156863
1 0.5911764705882353 0.4137254901960784 0.041176470588235294 0.054901960784313725
1 0.35441176470588237 0.3392156862745098 0.041176470588235294 0.054901960784313725
1 0.6897058823529412 0.2803921568627451 0.03529411764705882 0.054901960784313725
1 0.04264705882352941 0.9313725490196079 0.03823529411764706 0.043137254901960784
1 0.18382352941176472 0.5725490196078431 0.04705882352941172 0.050980392156862744
1 0.986764705882353 0.1411764705882353 0.047058823529411764 0.06666666666666667
1 0.5088235294117647 0.5137254901960784 0.03823529411764706 0.03529411764705882
1 0.025 0.3803921568627451 0.052941176470588235 0.07058823529411765
1 0.010294117647058823 0.21372549019607842 0.03823529411764706 0.08235294117647059
1 0.538235294117647 0.27647058823529413 0.05 0.043137254901960784
1 0.625 0.00392156862745098 0.08529411764705883 0.0196078431372549
1 0.45 0.5058823529411764 0.03823529411764706 0.047058823529411764
1 0.6514705882352941 0.8176470588235294 0.047058823529411764 0.054901960784313725
1 0.7205882352941176 0.596078431372549 0.03823529411764706 0.06666666666666667
1 0.41911764705882354 0.5333333333333333 0.03529411764705882 0.043137254901960784
1 0.28088235294117647 0.47058823529411764 0.03823529411764706 0.043137254901960784
1 0.3044117647058823 0.9803921568627451 0.04705882352941185 0.03137254901960784
1 0.23088235294117648 0.7215686274509804 0.03823529411764706 0.050980392156862744
1 0.8470588235294118 0.9862745098039216 0.05 0.050980392156862744
1 0.8970588235294118 0.5490196078431373 0.04411764705882353 0.050980392156862744
1 0.5338235294117647 0.46862745098039216 0.047058823529411764 0.0392156862745098
1 0.2647058823529412 0.6784313725490196 0.041176470588235294 0.058823529411764705
