1 0.7421319796954314 0.15020297699594046 0.10152284263959391 0.14614343707713126
1 0.4517766497461929 0.8903924221921515 0.08934010152284264 0.13261163734776726
1 0.30761421319796955 0.6779431664411367 0.0751269035532995 0.08389715832205669
1 0.007106598984771574 0.530446549391069 0.06294416243654823 0.05953991880920147
1 0.9614213197969543 0.7537212449255751 0.10558375634517767 0.14884979702300405
1 0.433502538071066 0.6305818673883626 0.06903553299492386 0.07036535859269283
1 0.7918781725888325 0.8606224627875507 0.10355329949238579 0.16508795669824086
1 0.5614213197969543 0.09878213802435724 0.07106598984771574 0.09201623815967523
1 0.7908629441624365 0.36265223274695535 0.083248730964467 0.12449255751014884
1 0.16142131979695432 0.6278755074424899 0.07715736040609138 0.09472259810554803
1 0.3614213197969543 0.09472259810554803 0.06903553299492386 0.09472259810554803
1 0.20406091370558377 0.8119079837618404 0.05888324873096447 0.09201623815967523
1 0.36852791878172586 0.5602165087956699 0.09949238578680203 0.05953991880920147
1 0.09340101522842639 0.5196211096075778 0.11776649746192894 0.11096075778078485
1 0.25279187817258886 0.08795669824086604 0.058883248730964524 0.09201623815967523
1 0.48223350253807107 0.02165087956698241 0.05482233502538071 0.10554803788903924
1 0.09441624365482233 0.979702300405954 0.09137055837563451 0.08119079837618404
1 0.5969543147208122 0.4059539918809202 0.06700507614213198 0.10825439783491204
1 0.366497461928934 0.7983761840324763 0.06903553299492386 0.12178619756427606
1 0.6111675126903553 0.5466847090663058 0.07918781725888324 0.12449255751014884
1 0.8913705583756345 0.38294993234100133 0.12588832487309645 0.10554803788903924
1 0.5035532994923858 0.4668470906630582 0.06700507614213198 0.08930987821380243
1 0.5401015228426396 0.4993234100135318 0.06903553299492386 0.09472259810554803
1 0.03451776649746193 0.8592692828146143 0.09340101522842639 0.09742895805142084
1 0.5928934010152285 0.17591339648173207 0.06091370558375635 0.11907983761840325
1 0.6213197969543147 0.952638700947226 0.11370558375634518 0.13261163734776726
1 0.30558375634517765 0.8795669824086604 0.08121827411167512 0.11907983761840325
1 0.13807106598984772 0.7889039242219216 0.07918781725888324 0.13531799729364005
