1 0.9790909090909091 0.3793939393939394 0.07818181818181819 0.0993939393939394
1 0.17 0.16606060606060605 0.06363636363636363 0.09454545454545454
1 0.86 0.5951515151515151 0.09090909090909091 0.08242424242424257
1 0.25545454545454543 0.6424242424242425 0.06909090909090909 0.08727272727272728
1 0.6418181818181818 0.0993939393939394 0.08 0.11393939393939394
1 0.6163636363636363 0.6436363636363637 0.06545454545454546 0.08484848484848485
1 0.44636363636363635 0.3781818181818182 0.09272727272727273 0.13818181818181818
1 0.83 0.4896969696969697 0.04363636363636364 0.10181818181818182
1 0.9490909090909091 0.20727272727272728 0.10181818181818182 0.11393939393939394
1 0.6836363636363636 0.21818181818181817 0.05454545454545454 0.0703030303030303
1 0.1190909090909091 0.5393939393939394 0.04909090909090909 0.05818181818181818
1 0.09454545454545454 0.7733333333333333 0.038181818181818185 0.04363636363636364
1 0.48363636363636364 0.5381818181818182 0.08181818181818182 0.05333333333333334
1 0.07 0.22545454545454546 0.05999999999999998 0.06303030303030303
