1 0.4838235294117647 0.12156862745098039 0.05 0.08235294117647059
1 0.7294117647058823 0.8588235294117647 0.11764705882352941 0.12549019607843137
1 0.5397058823529411 0.7607843137254902 0.07352941176470588 0.11764705882352941
1 0.6808823529411765 0.5666666666666667 0.07941176470588235 0.08235294117647059
1 0.8279411764705882 0.6039215686274509 0.09411764705882353 0.10588235294117647
1 0.48970588235294116 0.22549019607843138 0.07647058823529412 0.0784313725490196
1 0.3411764705882353 0.5745098039215686 0.05 0.09411764705882353
1 0.34705882352941175 0.8529411764705882 0.07941176470588235 0.15294117647058825
1 0.6044117647058823 0.4568627450980392 0.06764705882352941 0.09019607843137255
1 0.525 0.30392156862745096 0.05588235294117647 0.0784313725490196
1 0.8 0.515686274509804 0.08529411764705883 0.09019607843137255
1 0.6764705882352942 0.12549019607843137 0.05 0.1411764705882353
1 0.27647058823529413 0.4647058823529412 0.08529411764705883 0.09411764705882353
1 0.8279411764705882 0.7647058823529411 0.09117647058823529 0.11764705882352941
