1 0.028181818181818183 0.23030303030303031 0.09454545454545454 0.11636363636363636
1 0.1690909090909091 0.1696969696969697 0.07818181818181819 0.09696969696969697
1 0.9872727272727273 0.24363636363636362 0.07818181818181819 0.16727272727272727
1 0.08 0.1296969696969697 0.07636363636363637 0.10666666666666667
1 0.6336363636363637 0.7187878787878788 0.14727272727272728 0.17212121212121212
1 0.21545454545454545 0.703030303030303 0.11454545454545455 0.16
1 0.8263636363636364 0.012121212121212121 0.11272727272727273 0.07757575757575758
1 0.8409090909090909 0.5381818181818182 0.14909090909090908 0.16727272727272727
1 0.5036363636363637 0.27636363636363637 0.10363636363636364 0.12848484848484848
1 0.1509090909090909 0.8703030303030304 0.04 0.09212121212121212
1 0.9636363636363636 0.9551515151515152 0.16545454545454547 0.18666666666666668
1 0.7318181818181818 0.06303030303030303 0.11090909090909092 0.09454545454545454
1 0.6063636363636363 0.12121212121212122 0.10727272727272727 0.15272727272727274
1 0.12454545454545454 0.9793939393939394 0.06 0.08969696969696969
1 0.28363636363636363 0.07636363636363637 0.06909090909090909 0.10424242424242422
1 0.8536363636363636 0.09575757575757576 0.12363636363636364 0.09696969696969697
