1 0.40732835272969153 0.5770507348889478 0.042689434364994665 0.0369843527738263
1 0.8288865170840138 0.3352299667523901 0.029882604055496264 0.05405405405405406
1 0.1938811809047182 0.5542911331819775 0.05976520811099253 0.07681365576102402
1 0.475631447713683 0.38928402080644414 0.032017075773746 0.03698435277382646
1 0.8406261115343874 0.8629682313327599 0.05549626467449306 0.04267425320056899
1 0.14799003896234894 0.13039355138965894 0.04909284951974386 0.06543385490753911
1 0.507648523487429 0.7761972498249363 0.0768409818569904 0.10810810810810811
1 0.04233368890898714 0.042200094775149695 0.0576307363927428 0.07681365576102418
1 0.43827819264431267 0.4348032242203844 0.05549626467449306 0.06543385490753911
1 0.17680540715872034 0.38074917016633036 0.04909284951974386 0.05405405405405406
1 0.11277125561122833 0.7918444759984783 0.06616862326574173 0.10241820768136557
1 0.21949484152371498 0.4632527263540971 0.07257203842049093 0.10526315789473684
1 0.7018854498481547 0.09625414882920375 0.05976520811099253 0.07112375533428165
1 0.16613304856747166 0.6282598387296305 0.05336179295624333 0.08250355618776688
1 0.012451084853490873 0.20436225693731186 0.06830309498399147 0.07681365576102418
1 0.0978299535834802 0.14319582734982964 0.0384204909284952 0.04836415362731152
1 0.8662397721533841 0.39639639633987234 0.02774813233724653 0.025604551920341393
1 0.763785129677397 0.19867235651056933 0.05549626467449306 0.10810810810810811
1 0.34222696532307467 0.8601232811193886 0.07257203842049093 0.06543385490753911
