1 0.4235294117647059 0.8117647058823529 0.06764705882352941 0.13333333333333333
1 0.5367647058823529 0.5058823529411764 0.05 0.07450980392156863
1 0.12205882352941176 0.7431372549019608 0.08529411764705883 0.08627450980392157
1 0.7911764705882353 0.1627450980392157 0.05588235294117647 0.11372549019607843
1 0.9897058823529412 0.44509803921568625 0.03823529411764706 0.07450980392156863
1 0.8955882352941177 0.9725490196078431 0.09117647058823529 0.07058823529411765
1 0.3073529411764706 0.5117647058823529 0.07058823529411765 0.08235294117647059
1 0.4441176470588235 0.5725490196078431 0.058823529411764705 0.054901960784313725
1 0.34558823529411764 0.6294117647058823 0.05588235294117647 0.054901960784313725
1 0.09264705882352942 0.021568627450980392 0.11470588235294117 0.13725490196078433
