1 0.34756314461869897 0.1161688003228026 0.04695837780149413 0.06258890469416785
1 0.8598363569986349 0.5500237078619207 0.08751334044823907 0.10810810810810811
1 0.009249377276116272 0.6296823138363161 0.04695837780149413 0.06827880512091039
1 0.033795802035988205 0.9497392128405836 0.07257203842049093 0.07681365576102418
1 0.1042333687382294 0.8800379326129876 0.05549626467449306 0.07396870554765292
1 0.29740305923983024 0.723565670877568 0.04909284951974386 0.07112375533428181
1 0.17253646372222087 0.9781887149742962 0.08110992529348986 0.06827880512091039
1 0.34542867290044926 0.5742057846755765 0.025613660618996798 0.04267425320056883
1 0.6890786195386563 0.11474632521611698 0.08110992529348986 0.08534850640113797
1 0.3571682673508228 0.8999525841065864 0.0832443970117396 0.10810810810810811
1 0.2771255779164578 0.6510194404366006 0.064034151547492 0.05405405405405406
1 0.43080754163043855 0.2313892839643389 0.05549626467449306 0.09103840682788052
1 0.25684809659308533 0.98672356561441 0.061899679829242264 0.07112375533428165
1 0.42653859819393913 0.4220009482602137 0.044823906083244394 0.09103840682788052
