1 0.17258261933904528 0.2234910277324633 0.019583843329253364 0.06851549755301795
1 0.4039167686658507 0.6655791190864601 0.056303549571603426 0.10440456769983687
1 0.1383108935128519 0.25122349102773245 0.05385556915544676 0.07177814029363784
1 0.5275397796817626 0.3083197389885807 0.06609547123623011 0.08482871125611754
1 0.20563035495716034 0.4029363784665579 0.046511627906976744 0.06851549755301804
1 0.41003671970624234 0.46166394779771613 0.056303549571603426 0.06851549755301795
1 0.2766217870257038 0.5154975530179445 0.056303549571603426 0.08156606851549755
1 0.1689106487148103 0.3132137030995106 0.051407588739290085 0.06851549755301804
1 0.05507955936352509 0.11419249592169657 0.07343941248470012 0.09461663947797716
1 0.8690330477356181 0.8254486133768353 0.07588739290085679 0.07504078303425775
1 0.4504283965728274 0.8694942903752039 0.03671970624235006 0.05546492659053834
1 0.3561811505507956 0.4290375203915171 0.051407588739290085 0.08156606851549755
1 0.4638922888616891 0.765089722675367 0.0416156670746634 0.052202283849918436
1 0.6842105263157895 0.8123980424143556 0.11015911872705018 0.08482871125611746
