1 0.8309090909090909 0.14666666666666667 0.05454545454545454 0.06787878787878789
1 0.21636363636363637 0.8957575757575758 0.07090909090909091 0.07757575757575758
1 0.75 0.566060606060606 0.045454545454545456 0.0703030303030303
1 0.28 0.8545454545454545 0.09636363636363626 0.09696969696969697
1 0.9136363636363637 0.7890909090909091 0.03999999999999979 0.06545454545454546
1 0.5945454545454546 0.6339393939393939 0.07454545454545475 0.08727272727272728
1 0.7754545454545455 0.6606060606060606 0.08363636363636343 0.0703030303030303
1 0.5218181818181818 0.3503030303030303 0.05454545454545454 0.09696969696969697
1 0.37 0.4084848484848485 0.1 0.08
1 0.03090909090909091 0.6412121212121212 0.11272727272727273 0.16
1 0.3145454545454546 0.3466666666666667 0.09636363636363626 0.11151515151515151
1 0.25272727272727274 0.6436363636363637 0.11454545454545455 0.12606060606060607
1 0.5481818181818182 0.49696969696969695 0.04727272727272727 0.10909090909090909
1 0.6572727272727272 0.3284848484848485 0.06545454545454546 0.09454545454545454
1 0.6781818181818182 0.7660606060606061 0.05818181818181818 0.06060606060606061
1 0.1572727272727273 0.2012121212121212 0.09999999999999995 0.13333333333333333
1 0.35454545454545455 0.9769696969696969 0.06181818181818182 0.09696969696969697
1 0.69 0.6581818181818182 0.10363636363636343 0.08969696969696969
1 0.42363636363636364 0.4860606060606061 0.08181818181818182 0.10424242424242425
1 0.01090909090909091 0.4690909090909091 0.05454545454545454 0.10909090909090909
1 0.8209090909090909 0.9406060606060606 0.045454545454545456 0.06545454545454546
1 0.4572727272727273 0.15272727272727274 0.06909090909090909 0.1381818181818182
1 0.82 0.22545454545454546 0.06181818181818182 0.05333333333333334
1 0.30363636363636365 0.926060606060606 0.08545454545454545 0.08
1 0.5054545454545455 0.4618181818181818 0.056363636363636366 0.07272727272727272
1 0.8581818181818182 0.04606060606060606 0.06181818181818182 0.0703030303030303
1 0.49272727272727274 0.8593939393939394 0.06181818181818182 0.08
1 0.3927272727272727 0.2787878787878788 0.056363636363636366 0.0824242424242425
1 0.5463636363636364 0.5927272727272728 0.04 0.05090909090909105
1 0.3190909090909091 0.1903030303030303 0.07454545454545454 0.09696969696969697
