1 0.6809090909090909 0.1890909090909091 0.09090909090909091 0.10424242424242425
1 0.6190909090909091 0.6496969696969697 0.08545454545454545 0.11393939393939394
1 0.22454545454545455 0.5054545454545455 0.07818181818181819 0.07515151515151501
1 0.44 0.34424242424242424 0.08181818181818182 0.10666666666666667
1 0.3518181818181818 0.08848484848484849 0.045454545454545456 0.09454545454545454
1 0.42454545454545456 0.10666666666666667 0.07272727272727272 0.09454545454545454
1 0.7909090909090909 0.4775757575757576 0.06909090909090909 0.08242424242424243
1 0.6072727272727273 0.263030303030303 0.09272727272727273 0.0969696969696969
1 0.4445454545454545 0.8193939393939393 0.08181818181818182 0.11878787878787879
1 0.26181818181818184 0.26181818181818184 0.08727272727272728 0.10181818181818175
1 0.7009090909090909 0.9175757575757576 0.09454545454545454 0.10666666666666667
1 0.35363636363636364 0.17333333333333334 0.07090909090909091 0.09212121212121212
