1 0.16454545454545455 0.4896969696969697 0.06 0.04363636363636364
1 0.17545454545454545 0.23272727272727273 0.06909090909090909 0.08484848484848485
1 0.4809090909090909 0.6387878787878788 0.05090909090909091 0.0703030303030303
1 0.17545454545454545 0.052121212121212124 0.06181818181818182 0.07757575757575758
1 0.899090909090909 0.16727272727272727 0.056363636363636366 0.06787878787878789
1 0.10727272727272727 0.4715151515151515 0.04363636363636364 0.048484848484848485
1 0.30363636363636365 0.2412121212121212 0.04181818181818182 0.0703030303030303
1 0.9627272727272728 0.15393939393939393 0.06 0.06787878787878789
1 0.20909090909090908 0.3624242424242424 0.05272727272727278 0.06787878787878789
1 0.2609090909090909 0.23393939393939395 0.05272727272727273 0.06545454545454546
1 0.1290909090909091 0.6533333333333333 0.04 0.048484848484848485
1 0.2018181818181818 0.696969696969697 0.04727272727272727 0.055757575757575756
1 0.36454545454545456 0.24242424242424243 0.07818181818181819 0.05090909090909091
1 0.05272727272727273 0.46424242424242423 0.06181818181818182 0.03878787878787879
