0 0.438375350140056 0.47574626865671643 0.058823529411764705 0.0708955223880597
0 0.4943977591036415 0.11194029850746269 0.0392156862745098 0.048507462686567165
0 0.5434173669467787 0.4701492537313433 0.07843137254901977 0.08955223880597014
0 0.22408963585434175 0.5839552238805971 0.07282913165266107 0.09328358208955224
0 0.4341736694677871 0.1623134328358209 0.058823529411764705 0.07835820895522388
0 0.20868347338935575 0.007462686567164179 0.05042016806722689 0.05970149253731343
0 0.31092436974789917 0.07649253731343283 0.047619047619047616 0.06343283582089553
0 0.5280112044817927 0.32649253731343286 0.05322128851540616 0.08208955223880597
0 0.6918767507002801 0.13059701492537312 0.036414565826330535 0.041044776119402986
0 0.7997198879551821 0.8656716417910447 0.06722689075630252 0.08582089552238827
0 0.3081232492997199 0.5503731343283582 0.06162464985994398 0.0708955223880597
0 0.056022408963585436 0.7966417910447762 0.10644257703081232 0.11940298507462686
0 0.9341736694677871 0.375 0.05042016806722689 0.06716417910447761
0 0.8501400560224089 0.9048507462686567 0.056022408963585436 0.05970149253731343
0 0.5014005602240896 0.38992537313432835 0.06442577030812324 0.08208955223880597
0 0.5574229691876751 0.0708955223880597 0.05042016806722689 0.03731343283582089
0 0.4677871148459384 0.34701492537313433 0.06162464985994398 0.08208955223880597
0 0.6386554621848739 0.10074626865671642 0.04481792717086851 0.04477611940298507
0 0.06722689075630252 0.42350746268656714 0.10084033613445378 0.09701492537313433
0 0.36694677871148457 0.4048507462686567 0.056022408963585436 0.07462686567164178
0 0.7100840336134454 0.5708955223880597 0.07563025210084033 0.09328358208955224
0 0.8823529411764706 0.23694029850746268 0.05042016806722689 0.055970149253731345
0 0.5350140056022409 0.6772388059701493 0.056022408963585436 0.08955223880597014
0 0.8431372549019608 0.9888059701492538 0.06162464985994398 0.055970149253731345
0 0.48599439775910364 0.503731343283582 0.056022408963585436 0.0708955223880597
0 0.34173669467787116 0.4664179104477612 0.047619047619047616 0.07462686567164178
0 0.45518207282913165 0.22201492537313433 0.0392156862745098 0.05970149253731343
0 0.32492997198879553 0.7873134328358209 0.07563025210084033 0.10074626865671642
0 0.5700280112044818 0.22201492537313433 0.0700280112044818 0.09328358208955224
0 0.3403361344537815 0.3787313432835821 0.04481792717086835 0.06343283582089553
0 0.4257703081232493 0.4123134328358209 0.06722689075630252 0.07835820895522388
0 0.9047619047619048 0.30783582089552236 0.04201680672268908 0.059701492537313536
0 0.9593837535014006 0.43097014925373134 0.03361344537815126 0.06716417910447761
0 0.36134453781512604 0.5317164179104478 0.06442577030812324 0.08582089552238806
0 0.9117647058823529 0.7276119402985075 0.05322128851540616 0.05970149253731343
0 0.8557422969187675 0.7182835820895522 0.06162464985994398 0.08208955223880597
0 0.11484593837535013 0.6604477611940298 0.0784313725490196 0.08955223880597014
0 0.49299719887955185 0.2574626865671642 0.04201680672268908 0.05970149253731343
0 0.0742296918767507 0.020522388059701493 0.0784313725490196 0.08582089552238806
0 0.3949579831932773 0.33955223880597013 0.06722689075630252 0.08208955223880597
0 0.3963585434173669 0.47947761194029853 0.05322128851540616 0.0708955223880597
0 0.9327731092436975 0.016791044776119403 0.06162464985994398 0.04477611940298507
0 0.8977591036414566 0.6623134328358209 0.10084033613445378 0.08955223880597014
0 0.5448179271708683 0.8190298507462687 0.07282913165266122 0.08582089552238806
0 0.9803921568627451 0.3656716417910448 0.04481792717086835 0.055970149253731345
0 0.7184873949579832 0.061567164179104475 0.06162464985994398 0.0708955223880597
0 0.41876750700280113 0.26865671641791045 0.047619047619047616 0.06716417910447761
0 0.2703081232492997 0.029850746268656716 0.056022408963585436 0.055970149253731345
0 0.6428571428571429 0.1921641791044776 0.05602240896358528 0.06343283582089553
0 0.6722689075630253 0.03731343283582089 0.05042016806722673 0.05970149253731343
0 0.08823529411764706 0.7294776119402985 0.05042016806722687 0.04477611940298507
0 0.3641456582633053 0.31343283582089554 0.03081232492997199 0.055970149253731345
0 0.7857142857142857 0.08022388059701492 0.058823529411764705 0.08208955223880597
