1 0.7245454545454545 0.72 0.11636363636363616 0.13818181818181818
1 0.05272727272727273 0.9781818181818182 0.14909090909090908 0.12363636363636364
1 0.4918181818181818 0.7793939393939394 0.08545454545454545 0.13575757575757577
1 0.5027272727272727 0.14424242424242426 0.10363636363636364 0.16727272727272724
1 0.41818181818181815 0.04242424242424243 0.06909090909090898 0.06787878787878789
1 0.4809090909090909 0.2545454545454545 0.06545454545454546 0.11636363636363643
1 0.4218181818181818 0.16121212121212122 0.09454545454545454 0.10181818181818182
1 0.6945454545454546 0.21696969696969698 0.10363636363636364 0.08484848484848485
1 0.9472727272727273 0.7054545454545454 0.12363636363636364 0.12363636363636364
1 0.8336363636363636 0.23272727272727273 0.11636363636363636 0.12848484848484848
