1 0.5887584487809189 0.5367472717806082 0.064034151547492 0.08250355618776671
1 0.49911063661443006 0.7302038862898543 0.04695837780149413 0.06258890469416785
1 0.6229099962729145 0.35893788344490407 0.042689434364994665 0.06543385490753904
1 0.4180007113209402 0.6391654794619738 0.02774813233724653 0.04836415362731152
1 0.5492707219932987 0.8937885235587021 0.044823906083244394 0.03698435277382646
1 0.7403059407766499 0.20531057192285573 0.042689434364994665 0.06543385490753911
1 0.48630380630493164 0.925082975905786 0.04055496264674493 0.03982930298719772
1 0.40519388101144177 0.9265054510124716 0.05976520811099253 0.07681365576102418
1 0.21415866222809066 0.5125651949669524 0.064034151547492 0.07396870554765275
1 0.46282461740418457 0.5111427198602668 0.029882604055496264 0.06543385490753911
1 0.05087157578198607 0.5694641992343777 0.07257203842049093 0.11095305832147938
1 0.6570615437649103 0.06448553636097806 0.042689434364994665 0.05689900426742532
1 0.6004980432312924 0.2721669019370805 0.04909284951974386 0.06827880512091039
1 0.42653859819393913 0.1612138436156011 0.04695837780149413 0.06258890469416781
1 0.44788331537643644 0.8183973429043635 0.04909284951974386 0.06258890469416785
1 0.6293134114276637 0.6861071579825997 0.04909284951974386 0.034139402560455195
1 0.6549270720466606 0.8952109986653878 0.04695837780149413 0.02844950213371266
1 0.6378512983006627 0.8667614965316751 0.0384204909284952 0.02275960170697013
1 0.5482034861341739 0.6946420086227135 0.04909284951974386 0.03698435277382662
1 0.26858769104345886 0.8752963471717888 0.044823906083244394 0.05689900426742532
1 0.32835289915445137 0.5282124211404944 0.061899679829242264 0.09103840682788052
1 0.2867307006485816 0.04314840976069357 0.061899679829242264 0.06827880512091039
1 0.7360369973401504 0.10715978956154705 0.05549626467449306 0.06827880512091039
1 0.5215225896560522 0.6562351807422014 0.04909284951974386 0.02844950213371282
1 0.3582355032099476 0.6832622077692284 0.03415154749199573 0.04551920341394026
1 0.5738171467531707 0.743006162250025 0.04055496264674493 0.06543385490753911
1 0.3774457486741952 0.08724513806794819 0.05549626467449306 0.07965860597439545
1 0.3763785128150704 0.7956377411973934 0.0384204909284952 0.059743954480796585
1 0.6399857700189124 0.770033189277052 0.051227321237993596 0.06258890469416785
1 0.4019921734340672 0.5367472717806082 0.0576307363927428 0.06827880512091039
1 0.2813945213529572 0.20246562170948446 0.051227321237993596 0.06827880512091039
1 0.16613304856747166 0.018966332947037808 0.0768409818569904 0.059743954480796585
