1 0.7518181818181818 0.45696969696969697 0.05090909090909091 0.06060606060606061
1 0.17636363636363636 0.2012121212121212 0.045454545454545456 0.04606060606060606
1 0.6445454545454545 0.9636363636363636 0.034545454545454546 0.0703030303030303
1 0.46545454545454545 0.8242424242424242 0.04727272727272727 0.048484848484848485
1 0.8390909090909091 0.6533333333333333 0.07090909090909091 0.06787878787878789
1 0.6254545454545455 0.11757575757575757 0.04909090909090909 0.048484848484848485
1 0.6563636363636364 0.6593939393939394 0.06181818181818182 0.05090909090909091
1 0.6745454545454546 0.10424242424242425 0.03272727272727273 0.048484848484848485
1 0.7345454545454545 0.4206060606060606 0.03272727272727273 0.05818181818181818
1 0.5363636363636364 0.8836363636363637 0.05090909090909091 0.055757575757575756
1 0.6081818181818182 0.9272727272727272 0.04 0.07757575757575758
1 0.46454545454545454 0.11393939393939394 0.034545454545454546 0.05090909090909091
1 0.29 0.10424242424242425 0.04363636363636364 0.06060606060606061
1 0.8036363636363636 0.526060606060606 0.034545454545454546 0.04606060606060592
1 0.7209090909090909 0.08606060606060606 0.03090909090909091 0.04606060606060606
1 0.7254545454545455 0.9866666666666667 0.05272727272727273 0.0703030303030303
