1 0.6454545454545455 0.4618181818181818 0.06727272727272728 0.05090909090909091
1 0.6909090909090909 0.5878787878787879 0.038181818181818185 0.06303030303030303
1 0.61 0.21212121212121213 0.038181818181818185 0.06060606060606061
1 0.7727272727272727 0.56 0.038181818181818185 0.03878787878787893
1 0.9272727272727272 0.5587878787878788 0.04181818181818182 0.0654545454545456
1 0.7472727272727273 0.6242424242424243 0.04181818181818182 0.048484848484848485
1 0.6090909090909091 0.08363636363636363 0.04363636363636364 0.06060606060606061
1 0.730909090909091 0.343030303030303 0.04181818181818182 0.05333333333333334
1 0.7354545454545455 0.7624242424242424 0.038181818181818185 0.06545454545454546
1 0.9327272727272727 0.46545454545454545 0.038181818181818185 0.06303030303030303
1 0.5381818181818182 0.5321212121212121 0.05454545454545454 0.06303030303030303
