1 0.7018181818181818 0.5054545454545455 0.06545454545454546 0.11878787878787865
1 0.509090909090909 0.7878787878787878 0.058181818181817974 0.08727272727272728
1 0.5163636363636364 0.4909090909090909 0.07636363636363637 0.11393939393939394
1 0.43636363636363634 0.2193939393939394 0.08727272727272728 0.08969696969696969
1 0.1572727272727273 0.37454545454545457 0.0945454545454546 0.10424242424242425
1 0.4209090909090909 0.14303030303030304 0.09636363636363636 0.08727272727272728
1 0.8027272727272727 0.4206060606060606 0.04909090909090909 0.07757575757575758
1 0.9527272727272728 0.5527272727272727 0.09818181818181818 0.10909090909090909
1 0.740909090909091 0.30666666666666664 0.06181818181818161 0.10181818181818189
1 0.7190909090909091 0.17212121212121212 0.06727272727272728 0.08484848484848485
