1 0.6509090909090909 0.5078787878787879 0.10181818181818182 0.0945454545454544
1 0.3009090909090909 0.3284848484848485 0.04363636363636364 0.08242424242424243
1 0.48363636363636364 0.2993939393939394 0.07090909090909091 0.07757575757575758
1 0.25272727272727274 0.4315151515151515 0.04909090909090909 0.08484848484848485
1 0.59 0.5503030303030303 0.045454545454545456 0.07515151515151515
1 0.6290909090909091 0.25696969696969696 0.0781818181818184 0.05333333333333334
1 0.7018181818181818 0.6327272727272727 0.04727272727272727 0.08
1 0.7527272727272727 0.8690909090909091 0.1 0.05333333333333334
1 0.2681818181818182 0.17696969696969697 0.06909090909090909 0.08484848484848485
1 0.23545454545454544 0.0048484848484848485 0.07272727272727272 0.05090909090909091
1 0.17636363636363636 0.36848484848484847 0.03636363636363636 0.10909090909090909
1 0.5545454545454546 0.6533333333333333 0.06727272727272728 0.07757575757575758
