1 0.3836363636363636 0.26181818181818184 0.06909090909090898 0.12121212121212128
1 0.7472727272727273 0.8472727272727273 0.07090909090909091 0.12848484848484848
1 0.9 0.8993939393939394 0.07454545454545454 0.10424242424242425
1 0.2827272727272727 0.02909090909090909 0.06 0.08242424242424243
1 0.7509090909090909 0.5127272727272727 0.06727272727272728 0.08242424242424243
1 0.20636363636363636 0.7018181818181818 0.07636363636363637 0.08
1 0.19727272727272727 0.9612121212121212 0.06363636363636363 0.0993939393939394
1 0.9072727272727272 0.28 0.05454545454545454 0.0969696969696969
1 0.5109090909090909 0.6763636363636364 0.09454545454545454 0.08969696969696969
1 0.9009090909090909 0.4351515151515152 0.08363636363636363 0.09212121212121212
1 0.03090909090909091 0.9163636363636364 0.07090909090909091 0.07757575757575758
1 0.5518181818181818 0.8109090909090909 0.0599999999999998 0.11151515151515151
1 0.8236363636363636 0.2909090909090909 0.06181818181818182 0.11151515151515151
1 0.20909090909090908 0.3527272727272727 0.06727272727272722 0.08
1 0.21363636363636362 0.42424242424242425 0.06727272727272728 0.0703030303030303
1 0.17545454545454545 0.5915151515151515 0.07818181818181819 0.09696969696969697
1 0.43272727272727274 0.9915151515151515 0.07090909090909091 0.06787878787878789
1 0.3190909090909091 0.36 0.06545454545454546 0.0703030303030303
