1 0.14692280310322406 0.5718349928876245 0.05549626467449306 0.07965860597439561
1 0.5247242972334268 0.5803698435277382 0.05549626467449306 0.06827880512091039
1 0.2664532193252091 0.19630156472261737 0.08537886872998939 0.1166429587482219
1 0.0626111702323596 0.5519203413940256 0.08324439701173961 0.03982930298719772
1 0.635716826582413 0.7553342816500711 0.025613660618996798 0.04551920341394026
1 0.4734969759954332 0.6429587482219061 0.025613660618996798 0.06827880512091039
1 0.44147990022168726 0.6884779516358464 0.03415154749199573 0.04836415362731152
1 0.25578086073396045 0.3869132290184922 0.0768409818569904 0.09957325746799431
1 0.3390252577457 0.31436699857752487 0.064034151547492 0.08819345661450917
1 0.19601565262296794 0.23186344238975817 0.04695837780149413 0.059743954480796585
1 0.9142653858140032 0.6827880512091038 0.04055496264674493 0.06258890469416802
1 0.36784062594207145 0.3229018492176387 0.051227321237993596 0.04836415362731152
1 0.12237637834335213 0.16500711237553342 0.06616862326574173 0.09672830725462304
1 0.3987904658566926 0.7226173541963016 0.04695837780149413 0.06258890469416785
1 0.08075417983748233 0.3015647226173542 0.08110992529348986 0.1109530583214793
1 0.8384916398161376 0.6571834992887624 0.05549626467449306 0.06258890469416785
