1 0.06474564195060933 0.8392603129445235 0.05336179295624333 0.059743954480796585
1 0.6762717892291579 0.813655761024182 0.05976520811099253 0.04551920341394026
1 0.7616506579591472 0.8705547652916074 0.03415154749199573 0.05405405405405406
1 0.091426538428731 0.09957325746799431 0.051227321237993596 0.06827880512091039
1 0.6399857700189124 0.6799431009957326 0.06830309498399147 0.08534850640113814
1 0.9804340090797449 0.44523470839260315 0.044823906083244394 0.06827880512091039
1 0.731768053903651 0.7923186344238976 0.04695837780149413 0.06258890469416785
1 0.8128779791971408 0.6244665718349929 0.064034151547492 0.06543385490753911
1 0.7189612235941526 0.47368421052631576 0.03415154749199573 0.06543385490753911
1 0.6207755245546648 0.1763869132290185 0.064034151547492 0.05689900426742536
1 0.3657061542238217 0.1678520625889047 0.0576307363927428 0.08250355618776671
1 0.18214158645434467 0.701280227596017 0.061899679829242264 0.06827880512091039
1 0.11170401975210346 0.36984352773826457 0.0576307363927428 0.07396870554765292
1 0.2792600496347075 0.4182076813655761 0.05976520811099253 0.09103840682788052
1 0.40946282444794124 0.09957325746799431 0.05549626467449306 0.06827880512091039
1 0.683742440243032 0.2716927453769559 0.05336179295624333 0.0825035561877668
1 0.7616506579591472 0.6913229018492176 0.06830309498399147 0.08819345661450925
1 0.21415866222809066 0.4722617354196302 0.04909284951974386 0.06258890469416785
1 0.3059409461128292 0.5135135135135135 0.064034151547492 0.07681365576102418
