1 0.6015652790904172 0.3987671864321018 0.0576307363927428 0.07396870554765292
1 0.7168267518759028 0.49122806836666794 0.064034151547492 0.07396870554765292
1 0.9366773388556253 0.7216690356497405 0.04909284951974386 0.06258890469416785
1 0.8256848095066393 0.6277856786084888 0.08751334044823907 0.09957325746799414
1 0.19601565262296794 0.7316263613965399 0.04055496264674493 0.06543385490753911
1 0.11917467076597753 0.4357515392059283 0.09391675560298826 0.1166429587482219
1 0.09249377428785586 0.6277856786084888 0.06616862326574173 0.09957325746799447
1 0.7723230165503959 0.5637742988076353 0.06830309498399147 0.09388335704125193
1 0.3027392385354546 0.22664769852314023 0.07043756670224119 0.08534850640113797
1 0.4233368906165645 0.9492650527194418 0.06830309498399147 0.04836415362731152
1 0.23870508698796258 0.2565196757635385 0.07043756670224119 0.09103840682788052
1 0.4927072214596808 0.13276434148188845 0.08964781216648879 0.13655761024182078
1 0.363571682505572 0.9122806999456153 0.07470651013874066 0.09103840682788052
1 0.9836357166571195 0.2650545264036523 0.07470651013874066 0.150782361308677
1 0.4905727497414311 0.2977714538574219 0.04055496264674493 0.059743954480796585
1 0.0658128778097342 0.5097202447535812 0.08110992529348986 0.09672830725462321
1 0.5418000709794247 0.3418681821646765 0.0384204909284952 0.051209103840682786
1 0.1682675202857214 0.6533902305288302 0.0768409818569904 0.10526315789473684
1 0.5183208820786777 0.9791370299598401 0.0832443970117396 0.09388335704125178
1 0.023123443444739537 0.1469890925487448 0.04695837780149413 0.08250355618776667
