1 0.5483476132190942 0.9053833605220228 0.07343941248469998 0.07177814029363784
1 0.8310893512851897 0.42414355628058725 0.10281517747858017 0.05546492659053834
1 0.7025703794369645 0.4078303425774878 0.0416156670746634 0.07504078303425765
1 0.20195838433292534 0.799347471451876 0.06854345165238677 0.048939641109298535
1 0.04039167686658507 0.7096247960848288 0.0832313341493268 0.09461663947797716
1 0.22888616891064872 0.1500815660685155 0.07099143206854346 0.08809135399673736
1 0.30966952264381886 0.867862969004894 0.07343941248470012 0.07504078303425775
1 0.3243574051407589 0.07177814029363784 0.09057527539779682 0.09461663947797719
1 0.9791921664626683 0.33442088091353994 0.0587515299877601 0.07177814029363794
1 0.3108935128518972 0.4469820554649266 0.07833537331701339 0.10766721044045677
1 0.5410036719706243 0.8531810766721044 0.051407588739290085 0.05546492659053834
1 0.6487148102815178 0.6476345840130505 0.02692778457772338 0.05546492659053852
1 0.758873929008568 0.5040783034257749 0.06609547123623011 0.08482871125611746
