1 0.31701346389228885 0.601957585644372 0.08567931456548347 0.09135399673735727
1 0.6364749082007344 0.200652528548124 0.056303549571603426 0.10440456769983687
1 0.6328029375764994 0.831973898858075 0.07588739290085679 0.11419249592169657
1 0.3659730722154223 0.9119086460032626 0.09057527539779682 0.14355628058727568
1 0.046511627906976744 0.30505709624796085 0.10526315789473684 0.13376835236541598
1 0.4479804161566707 0.6704730831973899 0.09057527539779682 0.09461663947797716
1 0.21052631578947367 0.4828711256117455 0.12239902080783353 0.1598694942903752
1 0.9253365973072215 0.03425774877650897 0.06854345165238677 0.12398042414355628
1 0.6891064871481029 0.08156606851549755 0.07588739290085679 0.11419249592169657
1 0.5507955936352509 0.4437194127243067 0.08812729498164001 0.14355628058727568
