1 0.4105300603070661 0.5291607396870555 0.07257203842049093 0.04551920341394026
1 0.9590892918972476 0.3627311522048364 0.0832443970117396 0.1251778093883357
1 0.04766986820461147 0.03698435277382646 0.05336179295624333 0.06543385490753911
1 0.8278192812248889 0.918918918918919 0.07470651013874066 0.12233285917496443
1 0.3336890784500757 0.7624466571834992 0.02774813233724653 0.08250355618776671
1 0.2792600496347075 0.6145092460881935 0.08537886872998933 0.14793741109530584
1 0.5578086088662977 0.6614509246088194 0.07043756670224119 0.09388335704125178
1 0.5450017785567993 0.2887624466571835 0.042689434364994665 0.09957325746799431
1 0.5023123441918046 0.8506401137980085 0.06189967982924214 0.059743954480796585
1 0.6784062609474076 0.6614509246088194 0.1152614727854856 0.12802275960170698
1 0.10209889701997966 0.620199146514936 0.029882604055496264 0.09672830725462304
