0 0.6274509803921569 0.5951492537313433 0.058823529411764705 0.09328358208955224
0 0.2815126050420168 0.27611940298507465 0.03361344537815126 0.04477611940298507
0 0.6442577030812325 0.44029850746268656 0.04481792717086819 0.05223880597014925
0 0.011204481792717087 0.6977611940298507 0.0392156862745098 0.05223880597014925
0 0.8781512605042017 0.3283582089552239 0.04481792717086835 0.05223880597014925
0 0.9831932773109243 0.6585820895522388 0.036414565826330535 0.07835820895522388
0 0.4425770308123249 0.5652985074626866 0.06162464985994398 0.07462686567164178
0 0.3753501400560224 0.5634328358208955 0.07563025210084033 0.08208955223880597
0 0.9061624649859944 0.8339552238805971 0.05042016806722689 0.06716417910447761
0 0.226890756302521 0.09701492537313433 0.04481792717086835 0.06716417910447761
