1 0.7872727272727272 0.8278787878787879 0.07272727272727272 0.07272727272727272
1 0.13363636363636364 0.6145454545454545 0.045454545454545456 0.06787878787878775
1 0.21727272727272728 0.01090909090909091 0.034545454545454546 0.08727272727272728
1 0.005454545454545455 0.7151515151515152 0.03272727272727273 0.06545454545454546
1 0.5327272727272727 0.04363636363636364 0.06 0.08727272727272728
1 0.4672727272727273 0.11757575757575757 0.06181818181818182 0.04363636363636364
1 0.36272727272727273 0.48484848484848486 0.04 0.03393939393939394
1 0.3181818181818182 0.7115151515151515 0.08363636363636363 0.11151515151515151
1 0.7636363636363637 0.1890909090909091 0.08545454545454545 0.08969696969696969
1 0.39090909090909093 0.15878787878787878 0.06363636363636363 0.06787878787878789
1 0.27 0.2509090909090909 0.04181818181818182 0.05818181818181818
1 0.5409090909090909 0.9793939393939394 0.06181818181818182 0.05090909090909091
1 0.28909090909090907 0.48484848484848486 0.07636363636363637 0.08
1 0.14454545454545453 0.4581818181818182 0.07272727272727272 0.08
