1 0.37576499388004897 0.9021207177814029 0.046511627906976744 0.07830342577487764
1 0.1346389228886169 0.9477977161500816 0.05385556915544676 0.03915171288743882
1 0.34394124847001223 0.09951060358890701 0.03427172582619339 0.052202283849918436
1 0.011015911872705019 0.16802610114192496 0.051407588739290085 0.06525285481239804
1 0.31946144430844553 0.6802610114192496 0.0587515299877601 0.03262642740619902
1 0.3574051407588739 0.7357259380097879 0.022031823745410038 0.05872756933115824
1 0.799265605875153 0.20228384991843393 0.07343941248470012 0.11419249592169657
1 0.15055079559363524 0.24306688417618272 0.07343941248470015 0.06199021207177814
1 0.0073439412484700125 0.5513866231647635 0.05385556915544676 0.03588907014681892
1 0.5936352509179926 0.4176182707993475 0.051407588739290085 0.09787928221859707
1 0.09791921664626684 0.3735725938009788 0.07343941248470012 0.04567699836867863
1 0.8041615667074663 0.4812398042414356 0.08078335373317014 0.08809135399673736
1 0.19216646266829865 0.7471451876019576 0.04895960832313342 0.09787928221859707
1 0.7711138310893513 0.9853181076672104 0.07099143206854346 0.052202283849918436
1 0.3733170134638923 0.42088091353996737 0.051407588739290085 0.08482871125611746
1 0.9632802937576499 0.3915171288743883 0.056303549571603426 0.04241435562805873
1 0.5581395348837209 0.11908646003262642 0.07588739290085679 0.09461663947797716
1 0.4186046511627907 0.17781402936378465 0.07099143206854346 0.11092985318107662
1 0.1689106487148103 0.634584013050571 0.04895960832313342 0.048939641109298535
1 0.9840881272949816 0.16150081566068517 0.044063647490820076 0.05872756933115824
1 0.8910648714810282 0.6753670473083198 0.09791921664626684 0.13050570962479607
1 0.28518971848225216 0.9722675367047309 0.05385556915544669 0.08809135399673736
1 0.24112607099143207 0.024469820554649267 0.09791921664626684 0.07177814029363784
1 0.15177478580171358 0.533442088091354 0.05385556915544676 0.06199021207177814
1 0.5336597307221542 0.7030995106035889 0.051407588739290085 0.01631321370309951
1 0.6842105263157895 0.765089722675367 0.07099143206854346 0.10440456769983687
1 0.07588739290085679 0.2495921696574225 0.05385556915544676 0.052202283849918436
1 0.4785801713586291 0.9494290375203915 0.10281517747858017 0.11419249592169657
1 0.7050183598531212 0.2300163132137031 0.08567931456548347 0.12071778140293637
1 0.6352509179926561 0.8254486133768353 0.03427172582619339 0.03262642740619902
1 0.009791921664626682 0.7553017944535073 0.03671970624235006 0.08156606851549755
1 0.2962056303549572 0.8743882544861338 0.0416156670746634 0.048939641109298535
1 0.8053855569155447 0.8107667210440457 0.08812729498164015 0.10114192495921696
