1 0.9583843329253366 0.026101141924959218 0.08812729498164015 0.11745513866231648
1 0.3953488372093023 0.4437194127243067 0.09057527539779682 0.1729200652528548
1 0.3990208078335373 0.6737357259380098 0.09057527539779682 0.13050570962479607
1 0.02447980416156671 0.23164763458401305 0.0587515299877601 0.1272430668841762
1 0.6780905752753978 0.3605220228384992 0.08812729498164015 0.1435562805872756
1 0.008567931456548347 0.3915171288743883 0.02692778457772338 0.08156606851549755
1 0.631578947368421 0.2365415986949429 0.06364749082007344 0.09787928221859707
1 0.4810281517747858 0.7455138662316476 0.08078335373317014 0.11092985318107668
1 0.7221542227662179 0.6150081566068516 0.07343941248470012 0.12398042414355646
1 0.8225214198286414 0.567699836867863 0.09791921664626684 0.1402936378466558
1 0.5813953488372093 0.9396411092985318 0.11015911872705018 0.1729200652528548
1 0.7870257037943696 0.8531810766721044 0.1003671970624235 0.1500815660685155
1 0.7539779681762546 0.13213703099510604 0.10281517747858017 0.11745513866231648
1 0.12974296205630356 0.7618270799347472 0.11750305997552016 0.1566068515497553
1 0.576499388004896 0.1533442088091354 0.03427172582619339 0.06525285481239804
1 0.6474908200734394 0.12561174551386622 0.07833537331701346 0.03915171288743882
1 0.5471236230110159 0.4437194127243067 0.1003671970624235 0.1370309951060359
1 0.8347613219094248 0.37846655791190864 0.1003671970624235 0.14355628058727568
1 0.07833537331701346 0.13376835236541598 0.0318237454100367 0.03588907014681892
1 0.014687882496940025 0.5367047308319739 0.07588739290085679 0.12071778140293637
1 0.2533659730722154 0.9787928221859706 0.08078335373317014 0.08482871125611746
1 0.401468788249694 0.8531810766721044 0.1003671970624235 0.12398042414355628
