0 0.8571428571428571 0.24440298507462688 0.04201680672268908 0.05223880597014925
0 0.8067226890756303 0.4608208955223881 0.036414565826330535 0.055970149253731345
0 0.12464985994397759 0.458955223880597 0.03081232492997199 0.05223880597014925
0 0.84593837535014 0.1828358208955224 0.05042016806722689 0.05223880597014925
0 0.22268907563025211 0.6044776119402985 0.04201680672268908 0.06716417910447761
0 0.5560224089635855 0.5578358208955224 0.056022408963585436 0.07835820895522388
0 0.7338935574229691 0.2462686567164179 0.05322128851540616 0.0708955223880597
0 0.23669467787114845 0.21455223880597016 0.036414565826330535 0.06716417910447761
0 0.9425770308123249 0.376865671641791 0.04481792717086835 0.048507462686567165
0 0.31932773109243695 0.03731343283582089 0.044817927170868424 0.05970149253731343
0 0.1792717086834734 0.03731343283582089 0.05042016806722689 0.055970149253731345
0 0.6484593837535014 0.19029850746268656 0.05042016806722689 0.05970149253731343
0 0.6162464985994398 0.5354477611940298 0.047619047619047616 0.0708955223880597
0 0.9593837535014006 0.44216417910447764 0.047619047619047616 0.04850746268656706
0 0.8823529411764706 0.4869402985074627 0.047619047619047616 0.055970149253731345
0 0.8151260504201681 0.09888059701492537 0.05042016806722689 0.06716417910447761
