1 0.2521419828641371 0.8858075040783034 0.046511627906976744 0.06851549755301795
1 0.44920440636474906 0.31158238172920066 0.056303549571603426 0.07504078303425775
1 0.598531211750306 0.765089722675367 0.044063647490820076 0.05872756933115824
1 0.3157894736842105 0.18760195758564438 0.017135862913096694 0.08156606851549755
1 0.616891064871481 0.6411092985318108 0.022031823745410038 0.06199021207177814
1 0.28518971848225216 0.5154975530179445 0.05385556915544669 0.07504078303425775
1 0.4369645042839657 0.5171288743882545 0.044063647490820076 0.05872756933115824
1 0.44430844553243576 0.44045676998368677 0.04895960832313342 0.07830342577487764
1 0.5618115055079559 0.4698205546492659 0.0709914320685436 0.06525285481239804
1 0.2974296205630355 0.35073409461663946 0.019583843329253364 0.06851549755301795
1 0.2839657282741738 0.765089722675367 0.04895960832313342 0.06851549755301795
1 0.5030599755201959 0.9738988580750407 0.04161566707466354 0.03262642740619902
1 0.5385556915544676 0.9200652528548124 0.02692778457772338 0.07504078303425775
1 0.6009791921664627 0.5269168026101142 0.02692778457772338 0.048939641109298535
1 0.6230110159118727 0.7063621533442088 0.017135862913096694 0.07504078303425775
1 0.2729498164014688 0.8238172920065253 0.03671970624234999 0.04567699836867863
1 0.4565483476132191 0.22838499184339314 0.046511627906976744 0.07504078303425775
1 0.29498164014687883 0.5889070146818923 0.0416156670746634 0.07177814029363784
1 0.6070991432068543 0.5791190864600326 0.017135862913096694 0.052202283849918436
