1 0.38636363636363635 0.6278787878787879 0.03636363636363636 0.06060606060606061
1 0.6809090909090909 0.23393939393939395 0.04363636363636364 0.02909090909090909
1 0.6027272727272728 0.5175757575757576 0.04 0.055757575757575756
1 0.55 0.7018181818181818 0.05090909090909091 0.05090909090909091
1 0.36727272727272725 0.4387878787878788 0.05818181818181818 0.055757575757575756
1 0.5754545454545454 0.52 0.04727272727272727 0.05090909090909091
1 0.6409090909090909 0.6012121212121212 0.04 0.01696969696969697
1 0.5981818181818181 0.28484848484848485 0.04363636363636364 0.05090909090909091
1 0.4409090909090909 0.263030303030303 0.056363636363636366 0.0533333333333334
1 0.730909090909091 0.336969696969697 0.034545454545454546 0.04363636363636364
1 0.28454545454545455 0.16242424242424242 0.07454545454545454 0.08
1 0.6972727272727273 0.566060606060606 0.04181818181818182 0.04606060606060606
1 0.8 0.5466666666666666 0.04909090909090909 0.06787878787878789
1 0.5918181818181818 0.703030303030303 0.06181818181818182 0.06787878787878789
1 0.5036363636363637 0.5612121212121212 0.05272727272727273 0.0436363636363635
1 0.4209090909090909 0.08969696969696969 0.07454545454545454 0.08727272727272728
1 0.49272727272727274 0.6521212121212121 0.05454545454545454 0.048484848484848485
1 0.3927272727272727 0.04727272727272727 0.07818181818181819 0.08727272727272728
1 0.5563636363636364 0.2921212121212121 0.04181818181818182 0.055757575757575756
1 0.3572727272727273 0.3490909090909091 0.056363636363636366 0.06787878787878789
1 0.38727272727272727 0.4896969696969697 0.05818181818181818 0.055757575757575756
1 0.3572727272727273 0.5854545454545454 0.04727272727272727 0.04606060606060606
1 0.5563636363636364 0.5551515151515152 0.04727272727272727 0.05818181818181818
1 0.28545454545454546 0.32727272727272727 0.05090909090909091 0.06787878787878789
1 0.48363636363636364 0.15757575757575756 0.06 0.07515151515151515
1 0.6172727272727273 0.3709090909090909 0.04 0.06545454545454546
1 0.4090909090909091 0.006060606060606061 0.056363636363636366 0.05090909090909091
1 0.48818181818181816 0.2957575757575758 0.06 0.04606060606060606
1 0.31272727272727274 0.38666666666666666 0.04363636363636364 0.0703030303030303
1 0.49 0.5103030303030303 0.03272727272727273 0.04363636363636377
1 0.7527272727272727 0.3842424242424242 0.04181818181818182 0.041212121212121214
1 0.5127272727272727 0.5284848484848484 0.034545454545454546 0.03878787878787893
1 0.51 0.5987878787878788 0.045454545454545456 0.06303030303030303
1 0.35454545454545455 0.21818181818181817 0.06909090909090909 0.08969696969696969
1 0.6663636363636364 0.2 0.06363636363636363 0.04363636363636364
1 0.6963636363636364 0.623030303030303 0.05454545454545454 0.03878787878787879
1 0.4172727272727273 0.4193939393939394 0.08 0.10181818181818182
1 0.4018181818181818 0.5309090909090909 0.06363636363636363 0.05333333333333334
1 0.6436363636363637 0.24727272727272728 0.03636363636363636 0.048484848484848485
1 0.5854545454545454 0.25212121212121213 0.05454545454545454 0.04363636363636364
1 0.3109090909090909 0.12484848484848485 0.06545454545454546 0.07757575757575758
1 0.4318181818181818 0.5333333333333333 0.045454545454545456 0.05818181818181818
1 0.4127272727272727 0.610909090909091 0.04363636363636364 0.048484848484848346
1 0.5290909090909091 0.21696969696969698 0.06727272727272728 0.06545454545454546
1 0.5718181818181818 0.4763636363636364 0.03272727272727273 0.04363636363636364
1 0.5045454545454545 0.7042424242424242 0.04363636363636364 0.048484848484848485
