1 0.2913096695226438 0.5171288743882545 0.03427172582619339 0.02936378466557912
1 0.3684210526315789 0.5791190864600326 0.02937576499388005 0.03262642740619902
1 0.08567931456548347 0.5840130505709625 0.03916768665850673 0.02610114192495903
1 0.20930232558139536 0.9526916802610114 0.022031823745410038 0.05546492659053834
1 0.6376988984088128 0.8482871125611745 0.044063647490820076 0.05872756933115824
1 0.2386780905752754 0.5513866231647635 0.03671970624235006 0.03588907014681892
1 0.12362301101591187 0.5040783034257749 0.03671970624235006 0.03262642740619902
1 0.19461444308445533 0.9037520391517129 0.03916768665850673 0.048939641109298535
1 0.14687882496940025 0.6199021207177814 0.02937576499388005 0.04241435562805873
1 0.8384332925336597 0.734094616639478 0.051407588739290085 0.03262642740619902
1 0.14687882496940025 0.7911908646003263 0.046511627906976744 0.03262642740619902
1 0.1689106487148103 0.8907014681892332 0.03671970624235006 0.048939641109298535
1 0.39412484700122397 0.5464926590538336 0.02937576499388005 0.02936378466557912
1 0.33659730722154224 0.5236541598694943 0.04895960832313342 0.03915171288743882
1 0.2631578947368421 0.31484502446982054 0.03427172582619339 0.03915171288743882
