1 0.2484700122399021 0.01631321370309951 0.051407588739290085 0.03588907014681892
1 0.13586291309669524 0.7030995106035889 0.04406364749082004 0.03262642740619902
1 0.9326805385556916 0.433931484502447 0.05385556915544676 0.05546492659053834
1 0.09424724602203183 0.8955954323001631 0.056303549571603426 0.06199021207177814
1 0.16279069767441862 0.2724306688417618 0.06854345165238677 0.11419249592169657
1 0.5973072215422277 0.3066884176182708 0.06854345165238664 0.08482871125611746
1 0.44920440636474906 0.1566068515497553 0.03916768665850673 0.048939641109298576
1 0.9706242350061199 0.9608482871125612 0.08812729498164015 0.04567699836867863
1 0.17503059975520197 0.5938009787928222 0.0416156670746634 0.06199021207177814
1 0.45165238678090575 0.7928221859706363 0.046511627906976744 0.03588907014681892
1 0.3929008567931457 0.300163132137031 0.03427172582619339 0.08482871125611746
1 0.6352509179926561 0.732463295269168 0.02937576499388005 0.07177814029363784
1 0.8433292533659731 0.5546492659053833 0.046511627906976744 0.04241435562805873
1 0.6952264381884945 0.8988580750407831 0.03671970624235006 0.05872756933115824
1 0.10403916768665851 0.6443719412724307 0.0416156670746634 0.052202283849918436
1 0.32068543451652387 0.5954323001631321 0.03671970624235006 0.06199021207177833
1 0.14932680538555693 0.4600326264274062 0.031823745410036686 0.03588907014681892
1 0.7282741738066095 0.6557911908646004 0.05385556915544676 0.03588907014681892
1 0.30354957160342716 0.732463295269168 0.03427172582619339 0.06851549755301795
1 0.26193390452876375 0.2137030995106036 0.04406364749082001 0.03262642740619902
1 0.8580171358629131 0.022838499184339316 0.051407588739290085 0.04241435562805873
1 0.7454100367197063 0.7553017944535073 0.03916768665850673 0.06199021207177814
1 0.9742962056303549 0.6476345840130505 0.044063647490820076 0.05546492659053852
1 0.34394124847001223 0.3083197389885807 0.03916768665850673 0.048939641109298625
1 0.5973072215422277 0.8499184339314845 0.03916768665850659 0.06525285481239804
1 0.9902080783353733 0.21207177814029363 0.046511627906976744 0.1272430668841762
1 0.47123623011015914 0.601957585644372 0.06364749082007344 0.08482871125611746
1 0.06242350061199511 0.3572593800978793 0.051407588739290085 0.07830342577487764
1 0.1762545899632803 0.3931484502446982 0.03916768665850673 0.05546492659053834
1 0.09057527539779682 0.7716150081566069 0.06119951040391677 0.04567699836867863
1 0.36474908200734396 0.866231647634584 0.0587515299877601 0.05546492659053834
1 0.8996328029375765 0.5383360522022839 0.03182374541003672 0.06851549755301795
1 0.03182374541003672 0.07177814029363784 0.046511627906976744 0.02936378466557914
1 0.5091799265605875 0.6688417618270799 0.051407588739290085 0.06525285481239823
