1 0.09057527539779682 0.9102773246329527 0.06364749082007344 0.03915171288743882
1 0.1909424724602203 0.9592169657422512 0.03182374541003672 0.048939641109298535
1 0.7184822521419829 0.8548123980424144 0.051407588739290085 0.07504078303425775
1 0.423500611995104 0.42088091353996737 0.03671970624235006 0.048939641109298535
1 0.587515299877601 0.5595432300163132 0.0416156670746634 0.06525285481239804
1 0.6303549571603427 0.7128874388254486 0.044063647490820076 0.05872756933115824
1 0.39657282741738065 0.9282218597063622 0.046511627906976744 0.02936378466557912
1 0.3023255813953488 0.8401305057096248 0.03427172582619332 0.03915171288743882
1 0.813953488372093 0.09461663947797716 0.07588739290085679 0.08809135399673736
1 0.5177478580171359 0.14355628058727568 0.06609547123623011 0.048939641109298576
1 0.22888616891064872 0.8711256117455138 0.03671970624235006 0.03588907014681892
1 0.26560587515299877 0.9347471451876019 0.03182374541003672 0.048939641109298535
1 0.3818849449204406 0.31484502446982054 0.03671970624235006 0.03915171288743882
1 0.4834761321909425 0.7406199021207178 0.03427172582619339 0.06525285481239804
1 0.6682986536107711 0.9021207177814029 0.046511627906976744 0.08482871125611746
1 0.7062423500611995 0.11745513866231648 0.03427172582619339 0.07830342577487764
1 0.5116279069767442 0.4453507340946166 0.03916768665850673 0.04567699836867863
1 0.3463892288861689 0.2822185970636215 0.051407588739290085 0.04241435562805873
1 0.5287637698898409 0.7292006525285482 0.03427172582619339 0.048939641109298535
1 0.6107711138310894 0.4469820554649266 0.04406364749081994 0.06525285481239804
1 0.3329253365973072 0.5595432300163132 0.02937576499388005 0.04567699836867863
1 0.3390452876376989 0.4290375203915171 0.03182374541003672 0.06199021207177814
1 0.4565483476132191 0.33115823817292006 0.03916768665850673 0.06525285481239804
1 0.5777233782129743 0.8874388254486134 0.039167686658506874 0.07504078303425775
1 0.386780905752754 0.367047308319739 0.03427172582619339 0.05546492659053834
1 0.47368421052631576 0.6721044045676998 0.0416156670746634 0.06525285481239804
1 0.3427172582619339 0.9249592169657422 0.03916768665850673 0.03588907014681892
1 0.7025703794369645 0.7161500815660685 0.03671970624235006 0.07504078303425775
1 0.9143206854345165 0.49429037520391517 0.07343941248470012 0.10766721044045677
1 0.5226438188494492 0.601957585644372 0.03671970624235006 0.05546492659053834
1 0.13096695226438188 0.7748776508972267 0.029375764993880085 0.06199021207177814
