1 0.5667074663402693 0.7879282218597063 0.06854345165238677 0.05546492659053834
1 0.49938800489596086 0.5774877650897227 0.06364749082007344 0.04241435562805873
1 0.3684210526315789 0.4535073409461664 0.07833537331701346 0.11092985318107668
1 0.5348837209302325 0.3637846655791191 0.10281517747858003 0.11745513866231648
1 0.4430844553243574 0.2969004893964111 0.09791921664626684 0.06851549755301795
1 0.6083231334149327 0.12561174551386622 0.03671970624235006 0.11745513866231648
1 0.0073439412484700125 0.06525285481239804 0.014687882496940025 0.11745513866231648
1 0.07833537331701346 0.4437194127243067 0.10281517747858017 0.23164763458401305
1 0.39412484700122397 0.6590538336052202 0.06364749082007344 0.09135399673735727
1 0.3047735618115055 0.6704730831973899 0.06854345165238677 0.08156606851549755
