1 0.27539779681762544 0.8123980424143556 0.06364749082007351 0.052202283849918436
1 0.2558139534883721 0.49755301794453505 0.046511627906976744 0.04567699836867863
1 0.5385556915544676 0.01468189233278956 0.06854345165238677 0.052202283849918436
1 0.8629130966952264 0.48613376835236544 0.06609547123623011 0.07177814029363784
1 0.193390452876377 0.6574225122349103 0.046511627906976744 0.07177814029363766
1 0.4675642594859241 0.3474714518760196 0.056303549571603426 0.07504078303425775
1 0.3402692778457772 0.9722675367047309 0.02692778457772338 0.06851549755301795
1 0.20195838433292534 0.3735725938009788 0.044063647490820076 0.05872756933115824
1 0.16523867809057527 0.11908646003262642 0.0587515299877601 0.07177814029363784
1 0.22888616891064872 0.8564437194127243 0.0416156670746634 0.03915171288743882
1 0.5287637698898409 0.17944535073409462 0.051407588739290085 0.09135399673735727
1 0.10159118727050184 0.20228384991843393 0.06119951040391677 0.026101141924959218
1 0.07099143206854346 0.9151712887438825 0.044063647490820076 0.08156606851549755
1 0.046511627906976744 0.01631321370309951 0.06609547123623011 0.05546492659053834
1 0.38310893512851896 0.9004893964110929 0.02692778457772338 0.07504078303425775
1 0.03427172582619339 0.8417618270799347 0.05385556915544675 0.04241435562805873
1 0.7784577723378213 0.22838499184339314 0.06119951040391677 0.07504078303425775
1 0.07221542227662178 0.29526916802610115 0.04406364749082009 0.07504078303425775
1 0.3427172582619339 0.12561174551386622 0.046511627906976744 0.11745513866231648
1 0.9596083231334149 0.7830342577487766 0.051407588739290085 0.08809135399673736
1 0.3708690330477356 0.6590538336052202 0.04895960832313342 0.08156606851549755
1 0.3243574051407589 0.8466557911908646 0.056303549571603426 0.06525285481239804
1 0.09791921664626684 0.06199021207177814 0.046511627906976744 0.06525285481239804
1 0.6780905752753978 0.11092985318107668 0.07588739290085679 0.06851549755301795
1 0.8763769889840881 0.6313213703099511 0.05385556915544676 0.07830342577487764
1 0.5973072215422277 0.2903752039151713 0.08078335373317 0.07177814029363784
1 0.4149326805385557 0.5285481239804242 0.06609547123623011 0.11092985318107668
1 0.1909424724602203 0.7781402936378466 0.03427172582619339 0.06851549755301795
1 0.7674418604651163 0.38825448613376834 0.06364749082007344 0.10440456769983687
