1 0.5152998776009792 0.7259380097879282 0.0587515299877601 0.06199021207177814
1 0.5605875152998776 0.05546492659053834 0.051407588739290085 0.09135399673735727
1 0.4479804161566707 0.632952691680261 0.08567931456548347 0.05546492659053834
1 0.6499388004895961 0.5138662316476346 0.06119951040391677 0.06851549755301795
1 0.36474908200734396 0.7732463295269169 0.051407588739290085 0.05872756933115805
1 0.7368421052631579 0.8694942903752039 0.0587515299877601 0.06851549755301795
1 0.6340269277845777 0.9706362153344209 0.019583843329253364 0.05546492659053834
1 0.5507955936352509 0.632952691680261 0.0636474908200733 0.11092985318107668
1 0.8212974296205631 0.7781402936378466 0.07099143206854346 0.06525285481239804
1 0.7564259485924113 0.5823817292006526 0.10281517747858017 0.08156606851549755
1 0.10526315789473684 0.013050570962479609 0.07343941248470012 0.05872756933115824
1 0.11015911872705018 0.43882544861337686 0.06119951040391677 0.05546492659053834
1 0.02937576499388005 0.23164763458401305 0.046511627906976744 0.052202283849918436
1 0.037943696450428395 0.5464926590538336 0.06119951040391677 0.08156606851549755
1 0.3157894736842105 0.35889070146818924 0.044063647490820076 0.06851549755301795
1 0.4173806609547124 0.1468189233278956 0.10281517747858017 0.11092985318107668
1 0.9045287637698899 0.8205546492659054 0.03671970624235006 0.07830342577487764
1 0.3390452876376989 0.5513866231647635 0.07099143206854346 0.07504078303425775
