1 0.25703794369645044 0.19249592169657423 0.07343941248470012 0.07177814029363784
1 0.5569155446756426 0.03425774877650897 0.04161566707466354 0.048939641109298535
1 0.09179926560587515 0.6264274061990212 0.0416156670746634 0.05220228384991862
1 0.3708690330477356 0.5106035889070146 0.0587515299877601 0.05546492659053852
1 0.22766217870257038 0.367047308319739 0.08812729498164015 0.10766721044045677
1 0.423500611995104 0.5008156606851549 0.03671970624235006 0.07830342577487746
1 0.5067319461444308 0.9804241435562806 0.044063647490820076 0.06851549755301795
1 0.3329253365973072 0.01794453507340946 0.044063647490820076 0.07177814029363784
1 0.9302325581395349 0.9836867862969005 0.0587515299877601 0.06199021207177814
1 0.6634026927784578 0.34910277324632955 0.07099143206854346 0.07830342577487764
1 0.7148102815177478 0.08972267536704731 0.056303549571603426 0.08809135399673736
1 0.98531211750306 0.12071778140293637 0.06609547123623011 0.1566068515497553
1 0.0208078335373317 0.40456769983686786 0.10526315789473684 0.09461663947797716
1 0.6291309669522643 0.048939641109298535 0.051407588739290085 0.06525285481239804
1 0.47980416156670747 0.24469820554649266 0.046511627906976744 0.08482871125611746
1 0.4259485924112607 0.5872756933115824 0.0587515299877601 0.07830342577487764
1 0.09424724602203183 0.013050570962479609 0.08812729498164015 0.07504078303425775
1 0.5287637698898409 0.2740619902120718 0.056303549571603426 0.04241435562805873
1 0.5287637698898409 0.4763458401305057 0.044063647490820076 0.06525285481239804
1 0.31701346389228885 0.07177814029363784 0.0587515299877601 0.04241435562805875
1 0.7343941248470012 0.8499184339314845 0.07588739290085679 0.10766721044045677
1 0.6695226438188494 0.200652528548124 0.03182374541003672 0.08482871125611746
1 0.044063647490820076 0.6313213703099511 0.056303549571603426 0.05546492659053834
1 0.05385556915544676 0.27569331158238175 0.10771113831089352 0.1500815660685155
1 0.9265605875152999 0.10440456769983687 0.06854345165238677 0.12071778140293637
1 0.46878824969400246 0.3442088091353997 0.051407588739290085 0.05546492659053834
1 0.594859241126071 0.3898858075040783 0.06119951040391677 0.06199021207177814
1 0.7392900856793145 0.3034257748776509 0.06854345165238677 0.06851549755301795
1 0.4773561811505508 0.1468189233278956 0.05385556915544676 0.09135399673735727
