1 0.9277845777233782 0.531810766721044 0.02692778457772338 0.04241435562805891
1 0.43451652386780903 0.7879282218597063 0.056303549571603426 0.06851549755301795
1 0.9082007343941249 0.2740619902120718 0.02447980416156671 0.04241435562805873
1 0.8372093023255814 0.2039151712887439 0.046511627906976744 0.045676998368678674
1 0.784577723378213 0.26753670473083196 0.02692778457772338 0.06525285481239804
1 0.45777233782129745 0.2642740619902121 0.022031823745410038 0.05872756933115824
1 0.9583843329253366 0.66721044045677 0.051407588739290085 0.05872756933115824
1 0.5752753977968176 0.8417618270799347 0.02937576499388019 0.05546492659053834
1 0.791921664626683 0.48613376835236544 0.02692778457772338 0.048939641109298535
1 0.6034271725826194 0.41272430668841764 0.0416156670746634 0.048939641109298535
1 0.30354957160342716 0.401305057096248 0.02447980416156671 0.052202283849918436
1 0.5862913096695227 0.7063621533442088 0.044063647490820215 0.052202283849918436
1 0.4283965728274174 0.7161500815660685 0.02937576499388005 0.05872756933115824
1 0.7968176254589964 0.5856443719412724 0.02692778457772338 0.05546492659053834
1 0.8078335373317014 0.08482871125611746 0.03671970624235006 0.06525285481239806
1 0.9730722154222766 0.4110929853181077 0.03671970624235006 0.04567699836867863
1 0.3684210526315789 0.04730831973898858 0.03916768665850673 0.07504078303425775
1 0.6964504283965728 0.4437194127243067 0.03916768665850673 0.03262642740619902
1 0.605875152998776 0.2300163132137031 0.02692778457772338 0.05546492659053834
1 0.9938800489596084 0.564437194127243 0.044063647490820076 0.03262642740619902
1 0.7148102815177478 0.598694942903752 0.05385556915544676 0.04567699836867863
1 0.4638922888616891 0.6574225122349103 0.06119951040391677 0.03588907014681874
1 0.9583843329253366 0.8646003262642741 0.046511627906976744 0.048939641109298535
1 0.609547123623011 0.5236541598694943 0.03427172582619339 0.04241435562805873
1 0.7980416156670747 0.3572593800978793 0.02937576499388005 0.06199021207177814
1 0.5924112607099143 0.7781402936378466 0.03182374541003672 0.06851549755301795
1 0.5275397796817626 0.7063621533442088 0.0416156670746634 0.03262642740619902
1 0.48592411260709917 0.19086460032626426 0.03182374541003672 0.05872756933115828
1 0.5446756425948592 0.5073409461663948 0.046511627906976744 0.03588907014681892
1 0.572827417380661 0.3164763458401305 0.0367197062423502 0.05872756933115824
1 0.6940024479804161 0.27569331158238175 0.0416156670746634 0.022838499184339316
1 0.25458996328029376 0.07830342577487764 0.05385556915544676 0.05872756933115826
1 0.6707466340269278 0.040783034257748776 0.0587515299877601 0.06525285481239804
1 0.37576499388004897 0.43230016313213704 0.044063647490820076 0.03262642740619902
1 0.6927784577723378 0.18923327895595432 0.0416156670746634 0.04567699836867863
1 0.5385556915544676 0.8417618270799347 0.02937576499388005 0.05546492659053834
1 0.8849449204406364 0.6508972267536705 0.046511627906976744 0.05546492659053834
1 0.1664626682986536 0.20880913539967375 0.06364749082007344 0.07830342577487764
1 0.7466340269277846 0.6802610114192496 0.046511627906976744 0.03915171288743882
1 0.7209302325581395 0.4910277324632953 0.05385556915544676 0.03588907014681892
1 0.49326805385556916 0.8123980424143556 0.044063647490820076 0.052202283849918436
1 0.8824969400244798 0.5432300163132137 0.03916768665850673 0.052202283849918436
1 0.7380660954712362 0.13866231647634583 0.046511627906976744 0.06199021207177814
1 0.5201958384332925 0.3800978792822186 0.04895960832313342 0.06851549755301795
1 0.7821297429620563 0.7830342577487766 0.044063647490820076 0.026101141924959218
1 0.07099143206854346 0.040783034257748776 0.09791921664626684 0.1272430668841762
1 0.9902080783353733 0.3523654159869494 0.03182374541003672 0.03262642740619902
1 0.8592411260709915 0.8955954323001631 0.03671970624235006 0.05546492659053834
1 0.8996328029375765 0.800978792822186 0.03916768665850673 0.05872756933115824
1 0.4700122399020808 0.5481239804241436 0.03916768665850673 0.06851549755301795
1 0.009791921664626682 0.8580750407830342 0.06364749082007344 0.09135399673735727
