1 0.2778457772337821 0.5383360522022839 0.08567931456548347 0.07504078303425775
1 0.5250917992656059 0.7536704730831973 0.1003671970624235 0.12071778140293637
1 0.37821297429620565 0.7716150081566069 0.11015911872705018 0.09787928221859707
1 0.06242350061199511 0.8450244698205547 0.11260709914320685 0.09461663947797716
1 0.1664626682986536 0.598694942903752 0.07833537331701346 0.11745513866231648
1 0.598531211750306 0.24469820554649266 0.08812729498164015 0.1370309951060359
1 0.6891064871481029 0.5938009787928222 0.06364749082007344 0.11419249592169657
1 0.8421052631578947 0.7177814029363785 0.07343941248470012 0.1370309951060359
1 0.011015911872705019 0.4437194127243067 0.07099143206854346 0.1272430668841762
1 0.8115055079559363 0.2561174551386623 0.11260709914320685 0.07177814029363784
