1 0.35183208805519844 0.7396870554765291 0.032017075773746 0.08534850640113797
1 0.07968694397835747 0.6287339971550497 0.07470651013874066 0.08250355618776656
1 0.23016720011496367 0.5320056899004267 0.05976520811099253 0.08250355618776671
1 0.0401992171907374 0.3442389758179232 0.051227321237993596 0.06827880512091039
1 0.123443614202477 0.9046941678520626 0.07470651013874066 0.12233285917496443
1 0.0946282460061056 0.31436699857752487 0.061899679829242264 0.0768136557610241
1 0.01565279243086547 0.6486486486486487 0.05336179295624333 0.07965860597439545
1 0.3923870507019434 0.813655761024182 0.029882604055496264 0.06258890469416785
1 0.091426538428731 0.7965860597439545 0.07043756670224119 0.09957325746799431
1 0.0978299535834802 0.38264580369843526 0.064034151547492 0.08250355618776671
1 0.2867307006485816 0.6742532005689901 0.04695837780149413 0.07112375533428165
1 0.13838491623022514 0.43385490753911804 0.064034151547492 0.07965860597439545
1 0.24083955870621232 0.9231863442389758 0.0832443970117396 0.11095305832147938
1 0.024190679303864406 0.5547652916073968 0.061899679829242264 0.08819345661450925
1 0.008182141416991405 0.18349928876244664 0.0384204909284952 0.04836415362731152
