1 0.235503379410588 0.6187766714082503 0.014941302027748132 0.059743954480796585
1 0.20455353949596686 0.5931721194879089 0.021344717182497332 0.06543385490753911
1 0.33048737087270114 0.6785206258890469 0.044823906083244394 0.059743954480796585
1 0.2653859834660843 0.5789473684210527 0.049092849519743804 0.07112375533428165
1 0.3219494839997022 0.5832147937411095 0.03415154749199573 0.07681365576102418
1 0.3336890784500757 0.17923186344238975 0.03415154749199573 0.03982930298719772
1 0.4713625042771835 0.1337126600284495 0.0384204909284952 0.06258890469416785
1 0.46495908912243433 0.267425320056899 0.02774813233724653 0.07396870554765292
1 0.23870508698796258 0.8563300142247511 0.044823906083244394 0.05689900426742532
1 0.41906794718006507 0.7539118065433855 0.032017075773746 0.06827880512091039
1 0.5023123441918046 0.8506401137980085 0.04482390608324452 0.03698435277382646
1 0.059409462654985 0.7112375533428165 0.10885805763073639 0.13655761024182078
1 0.5268587689516766 0.3456614509246088 0.04909284951974374 0.03698435277382646
1 0.24724297386096153 0.34708392603129445 0.03628601921024546 0.07965860597439545
1 0.3987904658566926 0.6827880512091038 0.042689434364994665 0.04836415362731168
1 0.2792600496347075 0.16642958748221906 0.03415154749199573 0.059743954480796585
1 0.23016720011496367 0.8933143669985776 0.032017075773746 0.05405405405405406
1 0.3059409461128292 0.5120910384068279 0.05549626467449306 0.03982930298719772
