1 0.13096695226438188 0.38499184339314846 0.10036719706242353 0.13376835236541598
1 0.4173806609547124 0.6655791190864601 0.07343941248470012 0.07504078303425775
1 0.6462668298653611 0.037520391517128875 0.13708690330477355 0.18923327895595432
1 0.5446756425948592 0.7928221859706363 0.08567931456548347 0.08156606851549755
1 0.05018359853121175 0.7177814029363785 0.09547123623011015 0.06851549755301795
1 0.06242350061199511 0.5008156606851549 0.07588739290085679 0.05220228384991862
1 0.32802937576499386 0.2936378466557912 0.09547123623011015 0.1468189233278956
1 0.44430844553243576 0.5008156606851549 0.10771113831089352 0.172920065252855
1 0.13708690330477355 0.564437194127243 0.08323133414932678 0.09135399673735727
1 0.0208078335373317 0.6035889070146819 0.07833537331701346 0.10766721044045677
1 0.26438188494492043 0.5791190864600326 0.1003671970624235 0.10114192495921696
