1 0.8837209302325582 0.3376835236541599 0.03916768665850673 0.06851549755301795
1 0.8592411260709915 0.5497553017944535 0.03671970624235006 0.048939641109298535
1 0.7760097919216646 0.8646003262642741 0.04895960832313342 0.03588907014681892
1 0.8555691554467564 0.12887438825448613 0.04895960832313342 0.06851549755301795
1 0.9082007343941249 0.6133768352365416 0.03916768665850673 0.04567699836867863
1 0.7613219094247246 0.01794453507340946 0.03671970624235006 0.07504078303425775
1 0.802937576499388 0.13376835236541598 0.046511627906976744 0.08156606851549755
1 0.7148102815177478 0.964110929853181 0.05385556915544676 0.04567699836867863
1 0.8776009791921665 0.43882544861337686 0.04895960832313342 0.06525285481239804
1 0.8433292533659731 0.22512234910277323 0.0416156670746634 0.07504078303425775
