1 0.5446756425948592 0.5432300163132137 0.05385556915544676 0.03262642740619902
1 0.8616891064871481 0.06199021207177814 0.06119951040391677 0.026101141924959218
1 0.09057527539779682 0.1761827079934747 0.03916768665850673 0.03588907014681892
1 0.6193390452876377 0.5807504078303426 0.05385556915544676 0.04567699836867863
1 0.8298653610771114 0.30505709624796085 0.03671970624235006 0.03915171288743882
1 0.7184822521419829 0.27569331158238175 0.044063647490820076 0.03588907014681892
1 0.9742962056303549 0.8368678629690048 0.06119951040391677 0.06199021207177814
1 0.3537331701346389 0.25938009787928223 0.0416156670746634 0.02936378466557912
1 0.8225214198286414 0.7292006525285482 0.05385556915544676 0.04567699836867863
1 0.6829865361077111 0.3833605220228385 0.056303549571603426 0.04567699836867863
1 0.07711138310893513 0.4078303425774878 0.046511627906976744 0.026101141924959124
