1 0.45532435740514077 0.6606851549755302 0.046511627906976744 0.03915171288743882
1 0.4773561811505508 0.300163132137031 0.03916768665850673 0.03588907014681892
1 0.4883720930232558 0.5236541598694943 0.04895960832313342 0.05546492659053834
1 0.5189718482252142 0.5856443719412724 0.0367197062423502 0.05872756933115824
1 0.9179926560587516 0.7748776508972267 0.0416156670746634 0.03588907014681892
1 0.4565483476132191 0.1468189233278956 0.044063647490820076 0.052202283849918436
1 0.2998776009791922 0.46166394779771613 0.04161566707466347 0.03588907014681892
1 0.37576499388004897 0.4029363784665579 0.0416156670746634 0.03915171288743892
1 0.13341493268053856 0.7275693311582382 0.044063647490820076 0.026101141924959218
1 0.9082007343941249 0.5628058727569332 0.03182374541003672 0.061990212071777955
1 0.19216646266829865 0.6590538336052202 0.04895960832313342 0.06525285481239804
