1 0.22399020807833536 0.43230016313213704 0.0832313341493268 0.10766721044045677
1 0.45165238678090575 0.6378466557911908 0.06609547123623011 0.12071778140293637
1 0.017135862913096694 0.18433931484502447 0.09547123623011015 0.12398042414355628
1 0.6780905752753978 0.1729200652528548 0.12484700122399021 0.10440456769983687
1 0.6842105263157895 0.4812398042414356 0.06854345165238677 0.06199021207177814
1 0.1835985312117503 0.8303425774877651 0.08567931456548347 0.11745513866231648
1 0.4847001223990208 0.38825448613376834 0.06119951040391677 0.1272430668841762
1 0.6682986536107711 0.7047308319738989 0.0587515299877601 0.01957585644371941
1 0.7294981640146879 0.9282218597063622 0.044063647490820076 0.06851549755301795
1 0.8555691554467564 0.21859706362153344 0.11260709914320685 0.1272430668841762
1 0.17747858017135862 0.2365415986949429 0.09302325581395349 0.09461663947797716
1 0.29865361077111385 0.6541598694942904 0.09547123623011008 0.13376835236541598
1 0.5605875152998776 0.9755301794453507 0.06609547123623011 0.11419249592169657
