1 0.7307221542227662 0.2234910277324633 0.06364749082007344 0.07177814029363784
1 0.386780905752754 0.8270799347471451 0.0587515299877601 0.04241435562805891
1 0.24479804161566707 0.44861337683523655 0.046511627906976744 0.08156606851549755
1 0.11260709914320685 0.3132137030995106 0.044063647490820076 0.07177814029363794
1 0.8922888616891065 0.21207177814029363 0.06854345165238677 0.07177814029363784
1 0.8727050183598531 0.3898858075040783 0.051407588739290085 0.048939641109298535
1 0.3684210526315789 0.9755301794453507 0.07343941248470012 0.03915171288743882
1 0.5458996328029376 0.8711256117455138 0.048959608323133556 0.03915171288743882
1 0.9143206854345165 0.8939641109298532 0.02692778457772338 0.048939641109298535
1 0.1211750305997552 0.5562805872756933 0.03916768665850673 0.05546492659053834
1 0.4357405140758874 0.4453507340946166 0.051407588739290085 0.05546492659053834
1 0.025703794369645042 0.5530179445350734 0.05385556915544676 0.06199021207177833
1 0.200734394124847 0.23817292006525284 0.03916768665850673 0.09461663947797716
1 0.012239902080783354 0.965742251223491 0.03916768665850673 0.052202283849918436
1 0.14443084455324356 0.14355628058727568 0.05140758873929012 0.045676998368678674
1 0.2668298653610771 0.37846655791190864 0.051407588739290085 0.052202283849918436
1 0.3463892288861689 0.43882544861337686 0.051407588739290085 0.05872756933115824
1 0.5422276621787026 0.7063621533442088 0.044063647490820076 0.09135399673735727
1 0.1554467564259486 0.835236541598695 0.06609547123623008 0.08809135399673736
1 0.9571603427172583 0.6166394779771615 0.046511627906976744 0.06525285481239823
1 0.7968176254589964 0.9494290375203915 0.0416156670746634 0.06525285481239804
1 0.05018359853121175 0.7210440456769984 0.0416156670746634 0.04893964110929835
1 0.6230110159118727 0.634584013050571 0.044063647490820076 0.06525285481239804
1 0.49571603427172584 0.8075040783034257 0.04895960832313342 0.052202283849918436
1 0.5593635250917993 0.5285481239804242 0.041615667074663264 0.07177814029363784
1 0.1701346389228886 0.5187601957585645 0.06854345165238677 0.09135399673735727
1 0.08200734394124846 0.0799347471451876 0.04895960832313342 0.04567699836867863
