0 0.36134453781512604 0.2947761194029851 0.07282913165266107 0.10820895522388059
0 0.09943977591036414 0.5578358208955224 0.12324929971988796 0.1044776119402985
0 0.19327731092436976 0.47201492537313433 0.09523809523809523 0.09701492537313433
0 0.25210084033613445 0.36007462686567165 0.058823529411764705 0.08208955223880597
0 0.592436974789916 0.26865671641791045 0.0896358543417367 0.12313432835820895
0 0.44677871148459386 0.5373134328358209 0.05322128851540616 0.05970149253731343
0 0.14285714285714285 0.6567164179104478 0.11204481792717087 0.08582089552238806
0 0.696078431372549 0.6473880597014925 0.0896358543417367 0.08208955223880597
0 0.4943977591036415 0.6716417910447762 0.09243697478991597 0.07835820895522388
0 0.6148459383753502 0.5802238805970149 0.0700280112044818 0.06716417910447761
0 0.6820728291316527 0.7145522388059702 0.08403361344537816 0.09328358208955224
0 0.4523809523809524 0.5988805970149254 0.07282913165266107 0.08582089552238806
