1 0.4186046511627907 0.0734094616639478 0.06364749082007344 0.06525285481239804
1 0.2937576499388005 0.7275693311582382 0.0832313341493268 0.09461663947797716
1 0.08567931456548347 0.32300163132137033 0.12729498164014688 0.08482871125611746
1 0.45777233782129745 0.4796084828711256 0.06119951040391677 0.04241435562805873
1 0.8690330477356181 0.6378466557911908 0.09302325581395349 0.10440456769983687
1 0.3243574051407589 0.6182707993474714 0.06854345165238677 0.09787928221859707
1 0.7747858017135862 0.7748776508972267 0.07588739290085679 0.07504078303425775
1 0.5079559363525091 0.9037520391517129 0.048959608323133556 0.11745513866231648
1 0.21664626682986537 0.933115823817292 0.09547123623011015 0.11092985318107668
1 0.3806609547123623 0.9216965742251223 0.07099143206854346 0.10766721044045677
1 0.7858017135862914 0.8939641109298532 0.0587515299877601 0.11092985318107668
1 0.7111383108935129 0.5562805872756933 0.07588739290085679 0.048939641109298535
1 0.06487148102815178 0.13539967373572595 0.07833537331701344 0.08809135399673731
1 0.5238678090575275 0.7585644371941273 0.0709914320685436 0.10114192495921696
1 0.18604651162790697 0.09951060358890701 0.07343941248470012 0.08809135399673736
1 0.8384332925336597 0.7373572593800979 0.07588739290085679 0.10114192495921696
1 0.1689106487148103 0.39804241435562804 0.07099143206854346 0.11092985318107668
1 0.6389228886168911 0.6721044045676998 0.06119951040391677 0.06525285481239804
1 0.8910648714810282 0.9070146818923328 0.07588739290085679 0.05872756933115824
1 0.9412484700122399 0.36541598694942906 0.02692778457772338 0.11092985318107676
