0 0.7282913165266106 0.6138059701492538 0.06162464985994398 0.08208955223880597
0 0.1876750700280112 0.7966417910447762 0.04201680672268908 0.05970149253731343
0 0.45938375350140054 0.996268656716418 0.0392156862745098 0.033582089552238806
0 0.2535014005602241 0.871268656716418 0.03361344537815126 0.055970149253731345
0 0.42997198879551823 0.710820895522388 0.036414565826330535 0.05970149253731343
0 0.6792717086834734 0.5354477611940298 0.047619047619047616 0.07462686567164178
0 0.24509803921568626 0.7910447761194029 0.05322128851540616 0.055970149253731345
0 0.25210084033613445 0.7369402985074627 0.036414565826330535 0.041044776119402986
0 0.25210084033613445 0.6753731343283582 0.04201680672268908 0.041044776119402986
0 0.18907563025210083 0.9701492537313433 0.036414565826330535 0.0708955223880597
0 0.6134453781512605 0.5466417910447762 0.07002801120448163 0.07835820895522388
0 0.44677871148459386 0.9477611940298507 0.0392156862745098 0.0708955223880597
0 0.6470588235294118 0.5988805970149254 0.06162464985994398 0.08955223880597014
0 0.27450980392156865 0.46455223880597013 0.042016806722688996 0.055970149253731345
0 0.19187675070028012 0.667910447761194 0.04481792717086835 0.03731343283582089
