1 0.051407588739290085 0.5089722675367048 0.022031823745410038 0.05872756933115824
1 0.11505507955936352 0.9184339314845025 0.02447980416156671 0.07504078303425775
1 0.1835985312117503 0.0766721044045677 0.03671970624235006 0.05546492659053834
1 0.09547123623011015 0.42088091353996737 0.02447980416156671 0.07830342577487764
1 0.01346389228886169 0.4763458401305057 0.03182374541003672 0.06851549755301795
1 0.028151774785801713 0.632952691680261 0.03427172582619339 0.06525285481239804
1 0.4675642594859241 0.9820554649265906 0.02692778457772338 0.05546492659053834
1 0.10771113831089352 0.8189233278955954 0.03182374541003672 0.05546492659053834
1 0.3157894736842105 0.09135399673735727 0.046511627906976744 0.032626427406199
1 0.16768665850673195 0.01631321370309951 0.046511627906976744 0.04567699836867863
1 0.15422276621787026 0.13539967373572595 0.04895960832313342 0.05546492659053829
1 0.15177478580171358 0.20717781402936378 0.03916768665850673 0.06525285481239804
1 0.11015911872705018 0.30505709624796085 0.03671970624235006 0.08482871125611746
