1 0.8763769889840881 0.24796084828711257 0.019583843329253364 0.05546492659053834
1 0.1419828641370869 0.5089722675367048 0.022031823745410038 0.06199021207177814
1 0.9167686658506732 0.5236541598694943 0.017135862913096694 0.07177814029363784
1 0.20807833537331702 0.4730831973898858 0.046511627906976744 0.03915171288743882
1 0.16156670746634028 0.28874388254486133 0.02937576499388005 0.07504078303425775
1 0.576499388004896 0.8564437194127243 0.04895960832313342 0.04567699836867863
1 0.4663402692778458 0.9265905383360522 0.03671970624235006 0.03915171288743882
1 0.9020807833537332 0.44861337683523655 0.02447980416156671 0.08482871125611746
1 0.9106487148102815 0.5921696574225123 0.019583843329253364 0.052202283849918436
1 0.1175030599755202 0.6427406199021207 0.044063647490820076 0.06525285481239804
1 0.15177478580171358 0.4078303425774878 0.017135862913096694 0.06525285481239813
