1 0.08935128518971848 0.3523654159869494 0.044063647490820076 0.06199021207177814
1 0.5532435740514076 0.37520391517128876 0.044063647490820076 0.03588907014681892
1 0.31334149326805383 0.3817292006525285 0.04651162790697681 0.03915171288743873
1 0.4430844553243574 0.36541598694942906 0.046511627906976744 0.045676998368678536
1 0.8494492044063647 0.5562805872756933 0.044063647490820076 0.026101141924959218
1 0.3806609547123623 0.5562805872756933 0.0416156670746634 0.03588907014681892
1 0.9290085679314566 0.797716150081566 0.03182374541003672 0.06851549755301795
1 0.631578947368421 0.0065252854812398045 0.03916768665850673 0.026101141924959218
1 0.8678090575275398 0.6101141924959217 0.03427172582619339 0.03588907014681892
1 0.9241126070991432 0.6378466557911908 0.02692778457772338 0.05872756933115824
1 0.24479804161566707 0.4061990212071778 0.04895960832313342 0.05546492659053834
1 0.6511627906976745 0.10114192495921696 0.03427172582619339 0.09787928221859707
1 0.7209302325581395 0.07830342577487764 0.03916768665850673 0.06525285481239806
1 0.3659730722154223 0.3735725938009788 0.03427172582619339 0.02936378466557912
1 0.2913096695226438 0.6655791190864601 0.04895960832313342 0.052202283849918436
1 0.7515299877600979 0.18760195758564438 0.044063647490820076 0.05872756933115824
