1 0.33659730722154224 0.17455138662316477 0.0416156670746634 0.04241435562805873
1 0.3292533659730722 0.3768352365415987 0.051407588739290085 0.022838499184339316
1 0.41982864137086906 0.2365415986949429 0.03671970624235006 0.026101141924959218
1 0.5618115055079559 0.1729200652528548 0.06609547123622997 0.04567699836867863
1 0.4638922888616891 0.48613376835236544 0.03916768665850673 0.03262642740619902
1 0.22766217870257038 0.4796084828711256 0.03671970624235006 0.03262642740619902
1 0.6829865361077111 0.19902120717781402 0.046511627906976744 0.03262642740619902
1 0.6903304773561811 0.48613376835236544 0.046511627906976744 0.02936378466557912
1 0.5777233782129743 0.5285481239804242 0.0367197062423502 0.03915171288743882
1 0.6817625458996328 0.6590538336052202 0.03916768665850673 0.03588907014681892
1 0.41370869033047736 0.28711256117455136 0.0416156670746634 0.022838499184339407
1 0.7760097919216646 0.5432300163132137 0.03916768665850673 0.03588907014681892
