1 0.22647058823529412 0.7450980392156863 0.07352941176470588 0.047058823529411764
1 0.2088235294117647 0.5686274509803921 0.047058823529411764 0.047058823529411764
1 0.5014705882352941 0.7862745098039216 0.052941176470588235 0.03137254901960784
1 0.8808823529411764 0.6549019607843137 0.04411764705882353 0.050980392156862744
1 0.20441176470588235 0.807843137254902 0.05 0.047058823529411764
1 0.08970588235294118 0.14313725490196078 0.020588235294117647 0.0784313725490196
1 0.047058823529411764 0.7156862745098039 0.06764705882352941 0.0784313725490196
1 0.3382352941176471 0.6019607843137255 0.06764705882352941 0.047058823529411764
1 0.5852941176470589 0.4176470588235294 0.047058823529411764 0.06274509803921569
1 0.2926470588235294 0.8333333333333334 0.05 0.050980392156862744
1 0.2691176470588235 0.30980392156862746 0.047058823529411764 0.050980392156862744
1 0.625 0.696078431372549 0.052941176470588235 0.050980392156862744
1 0.29705882352941176 0.5392156862745098 0.03823529411764706 0.03529411764705882
1 0.8808823529411764 0.4745098039215686 0.061764705882352944 0.058823529411764705
