1 0.9779411764705882 0.4588235294117647 0.03823529411764706 0.08627450980392157
1 0.6029411764705882 0.16862745098039217 0.052941176470588235 0.0784313725490196
1 0.7220588235294118 0.6509803921568628 0.041176470588235294 0.08235294117647059
1 0.47058823529411764 0.4 0.05588235294117647 0.07058823529411765
1 0.8044117647058824 0.6411764705882353 0.07647058823529412 0.0784313725490196
1 0.020588235294117647 0.6705882352941176 0.05588235294117647 0.06666666666666667
1 0.6544117647058824 0.06274509803921569 0.061764705882352944 0.09019607843137255
1 0.3205882352941177 0.050980392156862744 0.050000000000000086 0.13333333333333333
1 0.4411764705882353 0.49411764705882355 0.04411764705882353 0.06666666666666667
1 0.43970588235294117 0.21176470588235294 0.061764705882352944 0.07450980392156863
1 0.22205882352941175 0.615686274509804 0.07058823529411765 0.08627450980392157
1 0.7102941176470589 0.9862745098039216 0.05588235294117647 0.08627450980392157
1 0.5176470588235295 0.25882352941176473 0.05882352941176454 0.12156862745098039
1 0.7941176470588235 0.5392156862745098 0.07058823529411765 0.07058823529411765
1 0.36470588235294116 0.4823529411764706 0.058823529411764705 0.058823529411764705
1 0.5455882352941176 0.9588235294117647 0.02941176470588252 0.0784313725490196
1 0.975 0.515686274509804 0.08823529411764706 0.0784313725490196
1 0.7294117647058823 0.711764705882353 0.06764705882352941 0.054901960784313725
1 0.9470588235294117 0.3196078431372549 0.09117647058823529 0.09803921568627451
