1 0.3985294117647059 0.6686274509803921 0.03823529411764706 0.06666666666666667
1 0.4102941176470588 0.8921568627450981 0.047058823529411764 0.06666666666666667
1 0.6544117647058824 0.18627450980392157 0.029411764705882353 0.06274509803921569
1 0.5779411764705882 0.492156862745098 0.0529411764705884 0.06274509803921569
1 0.7294117647058823 0.7862745098039216 0.04411764705882353 0.09803921568627451
1 0.31176470588235294 0.6294117647058823 0.052941176470588235 0.07058823529411765
1 0.21470588235294116 0.9156862745098039 0.03529411764705882 0.08627450980392157
1 0.4279411764705882 0.7647058823529411 0.04411764705882353 0.07450980392156863
1 0.1338235294117647 0.9549019607843138 0.06470588235294118 0.0392156862745098
1 0.5794117647058824 0.11372549019607843 0.03823529411764689 0.06274509803921569
1 0.6147058823529412 0.3235294117647059 0.03823529411764706 0.0392156862745098
1 0.34705882352941175 0.9627450980392157 0.04411764705882353 0.07058823529411765
