1 0.3897058823529412 0.5294117647058824 0.058823529411764705 0.058823529411764705
1 0.6823529411764706 0.28431372549019607 0.052941176470588235 0.0784313725490196
1 0.8073529411764706 0.9509803921568627 0.05 0.050980392156862744
1 0.13823529411764707 0.4843137254901961 0.041176470588235294 0.03529411764705882
1 0.2838235294117647 0.984313725490196 0.06764705882352941 0.054901960784313725
1 0.4235294117647059 0.12941176470588237 0.05 0.07058823529411765
1 0.3926470588235294 0.013725490196078431 0.061764705882352944 0.03137254901960784
1 0.46176470588235297 0.7196078431372549 0.023529411764705882 0.06666666666666667
1 0.5882352941176471 0.39215686274509803 0.041176470588235294 0.06666666666666667
1 0.9073529411764706 0.592156862745098 0.05588235294117647 0.06666666666666667
1 0.4426470588235294 0.5843137254901961 0.04411764705882353 0.054901960784313725
1 0.6235294117647059 0.6686274509803921 0.029411764705882353 0.0784313725490196
1 0.2647058823529412 0.503921568627451 0.04411764705882353 0.0784313725490196
1 0.5632352941176471 0.6039215686274509 0.05588235294117647 0.06274509803921569
