1 0.9029411764705882 0.9058823529411765 0.07352941176470588 0.07450980392156863
1 0.7397058823529412 0.5627450980392157 0.052941176470588235 0.047058823529411764
1 0.85 0.6588235294117647 0.061764705882352944 0.06666666666666667
1 0.22794117647058823 0.14901960784313725 0.061764705882352944 0.09411764705882353
1 0.5852941176470589 0.5117647058823529 0.047058823529411764 0.06274509803921569
1 0.46911764705882353 0.5019607843137255 0.07058823529411765 0.050980392156862744
1 0.7941176470588235 0.8176470588235294 0.029411764705882353 0.08235294117647059
1 0.7338235294117647 0.9745098039215686 0.06470588235294135 0.09019607843137255
1 0.05 0.3392156862745098 0.12058823529411765 0.10196078431372549
1 0.26029411764705884 0.33137254901960783 0.07941176470588235 0.058823529411764705
1 0.5926470588235294 0.7843137254901961 0.029411764705882353 0.050980392156862744
1 0.33676470588235297 0.3215686274509804 0.0647058823529411 0.09803921568627451
1 0.24411764705882352 0.2549019607843137 0.052941176470588235 0.06666666666666667
1 0.9470588235294117 0.6333333333333333 0.09117647058823529 0.07058823529411765
