1 0.5279411764705882 0.6882352941176471 0.03235294117647059 0.0784313725490196
1 0.5602941176470588 0.18235294117647058 0.058823529411764705 0.11764705882352941
1 0.41323529411764703 0.5313725490196078 0.03235294117647059 0.10980392156862745
1 0.6955882352941176 0.296078431372549 0.03235294117647059 0.09019607843137255
1 0.5029411764705882 0.06470588235294118 0.07647058823529412 0.12156862745098039
1 0.2338235294117647 0.296078431372549 0.09117647058823529 0.09019607843137255
1 0.7205882352941176 0.013725490196078431 0.061764705882352944 0.0392156862745098
1 0.3382352941176471 0.3568627450980392 0.06470588235294118 0.08235294117647059
1 0.3941176470588235 0.8529411764705882 0.04411764705882353 0.10588235294117647
1 0.7514705882352941 0.1843137254901961 0.05588235294117647 0.08235294117647059
1 0.586764705882353 0.49411764705882355 0.07058823529411765 0.054901960784313725
1 0.6132352941176471 0.07058823529411765 0.047058823529411764 0.06666666666666667
