1 0.425 0.15098039215686274 0.052941176470588235 0.054901960784313725
1 0.6911764705882353 0.23333333333333334 0.04411764705882353 0.054901960784313725
1 0.3426470588235294 0.10196078431372549 0.052941176470588235 0.03529411764705882
1 0.21764705882352942 0.27450980392156865 0.029411764705882353 0.054901960784313725
1 0.5544117647058824 0.08235294117647059 0.04411764705882353 0.047058823529411764
1 0.17647058823529413 0.16470588235294117 0.05294117647058819 0.06274509803921569
1 0.39558823529411763 0.9725490196078431 0.1 0.10196078431372549
1 0.3720588235294118 0.20588235294117646 0.04411764705882353 0.058823529411764705
1 0.6588235294117647 0.06470588235294118 0.061764705882352944 0.047058823529411764
1 0.5455882352941176 0.2980392156862745 0.05882352941176454 0.03529411764705882
1 0.45588235294117646 0.32941176470588235 0.05 0.06666666666666667
1 0.8044117647058824 0.15294117647058825 0.061764705882352944 0.050980392156862744
1 0.3 0.11568627450980393 0.041176470588235294 0.043137254901960784
1 0.10588235294117647 0.11568627450980393 0.05 0.043137254901960784
1 0.6397058823529411 0.26862745098039215 0.0529411764705884 0.07058823529411765
1 0.4764705882352941 0.13137254901960785 0.05 0.043137254901960784
1 0.4647058823529412 0.047058823529411764 0.05588235294117647 0.058823529411764705
1 0.16029411764705884 0.10588235294117647 0.044117647058823574 0.050980392156862744
1 0.986764705882353 0.9058823529411765 0.09411764705882353 0.054901960784313725
1 0.5926470588235294 0.029411764705882353 0.041176470588235294 0.058823529411764705
