1 0.20441176470588235 0.03529411764705882 0.03823529411764706 0.07058823529411765
1 0.17794117647058824 0.11176470588235295 0.04411764705882353 0.047058823529411764
1 0.9897058823529412 0.3803921568627451 0.06764705882352941 0.050980392156862744
1 0.16911764705882354 0.27450980392156865 0.047058823529411764 0.047058823529411764
1 0.325 0.22745098039215686 0.03823529411764706 0.054901960784313725
1 0.35 0.9803921568627451 0.06764705882352949 0.06274509803921569
1 0.2647058823529412 0.09803921568627451 0.026470588235294117 0.06274509803921569
1 0.26323529411764707 0.24509803921568626 0.03235294117647059 0.050980392156862744
1 0.45588235294117646 0.592156862745098 0.06470588235294118 0.047058823529411764
1 0.022058823529411766 0.03529411764705882 0.03529411764705882 0.07450980392156863
