1 0.6470588235294118 0.803921568627451 0.061764705882352944 0.050980392156862744
1 0.23970588235294119 0.40588235294117647 0.029411764705882353 0.08235294117647059
1 0.28088235294117647 0.5607843137254902 0.05 0.06666666666666667
1 0.3088235294117647 0.792156862745098 0.020588235294117647 0.06666666666666667
1 0.4808823529411765 0.7156862745098039 0.07352941176470588 0.047058823529411764
1 0.8191176470588235 0.5196078431372549 0.05 0.03529411764705882
1 0.775 0.4647058823529412 0.03235294117647059 0.07058823529411765
1 0.9882352941176471 0.20784313725490197 0.07647058823529412 0.07058823529411765
1 0.13088235294117648 0.7254901960784313 0.05588235294117647 0.08235294117647059
1 0.20294117647058824 0.6568627450980392 0.058823529411764705 0.058823529411764705
1 0.7191176470588235 0.7235294117647059 0.07058823529411765 0.0784313725490196
1 0.5558823529411765 0.8333333333333334 0.05 0.043137254901960784
