1 0.538235294117647 0.5745098039215686 0.07058823529411765 0.06666666666666667
1 0.47352941176470587 0.4627450980392157 0.03823529411764706 0.0392156862745098
1 0.7102941176470589 0.23529411764705882 0.04411764705882353 0.03529411764705882
1 0.2 0.10588235294117647 0.06764705882352941 0.06666666666666667
1 0.4323529411764706 0.4392156862745098 0.05588235294117647 0.027450980392156862
1 0.022058823529411766 0.07647058823529412 0.061764705882352944 0.09803921568627451
1 0.5323529411764706 0.38823529411764707 0.05 0.08627450980392157
1 0.3573529411764706 0.11372549019607843 0.05588235294117647 0.10980392156862745
1 0.711764705882353 0.5607843137254902 0.06470588235294118 0.07058823529411765
1 0.10882352941176471 0.7509803921568627 0.09117647058823529 0.09803921568627451
1 0.3985294117647059 0.9862745098039216 0.03235294117647059 0.07450980392156863
1 0.31323529411764706 0.5411764705882353 0.058823529411764705 0.058823529411764705
1 0.19117647058823528 0.2784313725490196 0.07058823529411765 0.0392156862745098
1 0.8764705882352941 0.28431372549019607 0.03823529411764706 0.07058823529411765
1 0.4323529411764706 0.6372549019607843 0.03529411764705882 0.054901960784313725
1 0.2823529411764706 0.19215686274509805 0.06470588235294118 0.06274509803921569
