0 0.4232779098519803 0.5221518987341772 0.04513064133016627 0.05379746835443038
0 0.31520190035079265 0.379746835443038 0.047505938242280284 0.06329113924050624
0 0.49928741103962876 0.5110759493670886 0.05463182897862233 0.06962025316455678
0 0.16080760106338174 0.39082278481012656 0.047505938242280284 0.060126582278481104
0 0.6619952495194388 0.8085443037974683 0.035629453681710214 0.04430379746835443
0 0.004038004863856807 0.38449367088607594 0.021377672209026127 0.05379746835443038
0 0.21306413312989006 0.3987341772151899 0.04275534441805225 0.06329113924050633
0 0.1192399051013865 0.39556962025316456 0.040380047505938245 0.04746835443037975
0 0.26413301674034134 0.0379746835443038 0.04275534441805232 0.060126582278481014
0 0.4197149644838093 0.5870253164556962 0.04275534441805225 0.06329113924050633
0 0.5539192400182511 0.509493670886076 0.05463182897862233 0.06645569620253182
0 0.5384798100895101 0.9778481012658228 0.023752969121140277 0.05379746835443038
0 0.008788598688084836 0.6028481012658228 0.047505938242280284 0.06329113924050633
0 0.5242280286168259 0.7136075949367089 0.021377672209026127 0.04430379746835443
0 0.15843230415126774 0.620253164556962 0.047505938242280284 0.060126582278481014
0 0.013539192512312864 0.3291139240506329 0.04275534441805225 0.056962025316455694
0 0.6121140143650444 0.6962025316455697 0.035629453681710214 0.04746835443037957
