1 0.18676470588235294 0.7941176470588235 0.07352941176470588 0.09411764705882353
1 0.9852941176470589 0.8137254901960784 0.05 0.12941176470588237
1 0.22941176470588234 0.3843137254901961 0.07352941176470588 0.06666666666666667
1 0.27205882352941174 0.6294117647058823 0.04705882352941168 0.0784313725490196
1 0.9073529411764706 0.3176470588235294 0.1411764705882353 0.1607843137254902
1 0.7029411764705882 0.6941176470588235 0.09117647058823512 0.07058823529411765
1 0.13970588235294118 0.5058823529411764 0.05588235294117647 0.08235294117647059
1 0.4602941176470588 0.01764705882352941 0.03235294117647059 0.054901960784313725
1 0.638235294117647 0.023529411764705882 0.06176470588235278 0.07058823529411765
1 0.07352941176470588 0.46078431372549017 0.047058823529411764 0.10980392156862745
1 0.14411764705882352 0.28823529411764703 0.05294117647058819 0.06274509803921569
1 0.5220588235294118 0.013725490196078431 0.06764705882352941 0.047058823529411764
