1 0.7323529411764705 0.5627450980392157 0.049999999999999836 0.0784313725490196
1 0.9117647058823529 0.5196078431372549 0.07647058823529412 0.03137254901960784
1 0.175 0.5843137254901961 0.06764705882352937 0.03137254901960784
1 0.2088235294117647 0.7392156862745098 0.058823529411764705 0.047058823529411764
1 0.7705882352941177 0.7352941176470589 0.041176470588235294 0.043137254901960784
1 0.2911764705882353 0.44313725490196076 0.06764705882352941 0.06274509803921569
1 0.4647058823529412 0.4019607843137255 0.047058823529411764 0.043137254901960784
1 0.20441176470588235 0.3784313725490196 0.05588235294117647 0.054901960784313725
1 0.2676470588235294 0.6784313725490196 0.03823529411764706 0.07058823529411765
1 0.3352941176470588 0.5647058823529412 0.05294117647058815 0.047058823529411764
1 0.3088235294117647 0.6019607843137255 0.041176470588235294 0.047058823529411764
1 0.5058823529411764 0.33137254901960783 0.03823529411764706 0.058823529411764705
1 0.4117647058823529 0.4549019607843137 0.04411764705882353 0.047058823529411764
1 0.8779411764705882 0.8058823529411765 0.11764705882352941 0.03529411764705882
