0 0.7484662576687117 0.3072429906542056 0.026292725679228746 0.0514018691588785
0 0.6713409290096407 0.6542056074766355 0.021034180543382998 0.04439252336448598
0 0.44522348816827345 0.9170560747663551 0.03155127081507449 0.030373831775700934
0 0.27344434706397897 0.8995327102803738 0.03155127081507449 0.04205607476635514
0 0.838737949167397 0.6647196261682243 0.022787028921998447 0.035046728971962614
0 0.4653812445223488 0.9334112149532711 0.026292725679228746 0.02570093457943925
0 0.656441717791411 0.8644859813084113 0.03155127081507449 0.0397196261682243
0 0.810692375109553 0.8002336448598131 0.021034180543382998 0.037383177570093455
0 0.4776511831726556 0.8411214953271028 0.029798422436459245 0.0397196261682243
0 0.5416301489921121 0.8481308411214953 0.029798422436459245 0.04672897196261682
