0 0.8235154395431917 0.6943038022970851 0.0498812351543943 0.060126582278481014
0 0.9743467934624316 0.6120253212844269 0.040380047505938245 0.06962025316455696
0 0.7522565321797713 0.25917722001860416 0.052256532066508314 0.06962025316455688
0 0.6572446556952107 0.9854430428034142 0.052256532066508314 0.0379746835443038
0 0.8330166271916478 0.4348101314110092 0.030878859857482184 0.05063291139240506
0 0.44465558206100647 0.45537975166417377 0.0498812351543943 0.07911392405063292
0 0.41377672220352424 0.5250000048287308 0.05463182897862233 0.08227848101265804
0 0.45771971507763354 0.7433544352084775 0.0855106888361045 0.12025316455696203
0 0.8211401426310777 0.36835443520847755 0.035629453681710214 0.05379746835443038
0 0.7047505939374911 0.23860759976543958 0.0498812351543943 0.06645569620253164
0 0.5218527317047119 0.5139240554616421 0.07363420427553444 0.10759493670886076
0 0.13942992885435562 0.9617088655882244 0.04275534441805225 0.060126582278481014
0 0.8152019003507927 0.7591772200186041 0.03800475059382423 0.06329113924050633
0 0.9292161521322654 0.782911397233794 0.035629453681710214 0.04430379746835443
0 0.528978622441054 0.23227848584138894 0.057007125890736345 0.07911392405063292
0 0.4197149644838093 0.14367089090468008 0.030878859857482184 0.04113924050632911
0 0.13942992885435562 0.9617088655882244 0.04275534441805225 0.060126582278481014
0 0.8840855108020991 0.18639240989202185 0.03800475059382423 0.04746835443037975
