1 0.7294117647058823 0.5333333333333333 0.08235294117647059 0.09803921568627451
1 0.836764705882353 0.24901960784313726 0.07647058823529412 0.08627450980392157
1 0.986764705882353 0.25882352941176473 0.10294117647058823 0.06666666666666667
1 0.0838235294117647 0.06862745098039216 0.07647058823529414 0.09411764705882353
1 0.31323529411764706 0.13725490196078433 0.12352941176470589 0.09803921568627451
1 0.016176470588235296 0.6941176470588235 0.044117647058823525 0.07450980392156863
1 0.7617647058823529 0.6196078431372549 0.05588235294117647 0.09803921568627451
1 0.711764705882353 0.10392156862745099 0.05588235294117647 0.10588235294117647
1 0.19558823529411765 0.7156862745098039 0.07941176470588235 0.06666666666666667
1 0.22941176470588234 0.021568627450980392 0.058823529411764705 0.08235294117647059
1 0.75 0.1980392156862745 0.052941176470588235 0.06274509803921569
