1 0.2664532193252091 0.492176386913229 0.055496264674493125 0.04551920341394026
1 0.1586623975535976 0.09957325746799431 0.06830309498399147 0.07965860597439545
1 0.9249377444052518 0.18492176386913228 0.13874066168623267 0.1593172119487909
1 0.4105300603070661 0.48933143669985774 0.0576307363927428 0.06827880512091039
1 0.033795802035988205 0.4751066856330014 0.0576307363927428 0.034139402560455195
1 0.0369975096133628 0.813655761024182 0.10458911419423693 0.11948790896159317
1 0.05834222679586014 0.15647226173541964 0.08751334044823907 0.07681365576102422
1 0.0818214156966072 0.422475106685633 0.05549626467449306 0.03982930298719772
1 0.9249377444052518 0.8421052631578947 0.13233724653148346 0.13086770981507823
1 0.9452152257286243 0.561877667140825 0.08537886872998933 0.08534850640113782
1 0.1202419066251024 0.22190611664295876 0.03628601921024546 0.05689900426742532
1 0.18107435059521979 0.604551920341394 0.0384204909284952 0.05689900426742532
