0 0.28991596638655465 0.3208955223880597 0.044817927170868264 0.048507462686567165
0 0.4831932773109244 0.6753731343283582 0.04481792717086835 0.06716417910447761
0 0.7338935574229691 0.6735074626865671 0.04201680672268908 0.06343283582089553
0 0.8361344537815126 0.9309701492537313 0.04481792717086835 0.06343283582089553
0 0.7128851540616247 0.2798507462686567 0.0392156862745098 0.05223880597014925
0 0.30392156862745096 0.16977611940298507 0.042016806722689155 0.048507462686567165
0 0.44677871148459386 0.7257462686567164 0.058823529411764705 0.08208955223880597
0 0.6918767507002801 0.7350746268656716 0.047619047619047616 0.0708955223880597
0 0.6708683473389355 0.9160447761194029 0.047619047619047776 0.07835820895522388
0 0.7535014005602241 0.3787313432835821 0.03081232492997199 0.048507462686567165
0 0.29831932773109243 0.22201492537313433 0.047619047619047616 0.04477611940298507
