0 0.32077125328659073 0.6682242990654206 0.04557405784399649 0.04672897196261682
0 0.3418054338299737 0.6238317757009346 0.035056967572304996 0.037383177570093455
0 0.5100788781770377 0.9345794392523364 0.042068361086765996 0.0630841121495327
0 0.3496932515337423 0.8703271028037384 0.021034180543382998 0.02570093457943925
0 0.6222611744084137 0.9217289719626168 0.026292725679228746 0.0397196261682243
0 0.4934268185801928 0.49182242990654207 0.056091148115687994 0.07476635514018691
0 0.6345311130587205 0.9591121495327103 0.028045574057843997 0.035046728971962614
0 0.5530236634531113 0.9579439252336449 0.04557405784399649 0.06775700934579439
0 0.3172655565293602 0.7464953271028038 0.029798422436459245 0.06542056074766354
0 0.6178790534618755 0.977803738317757 0.035056967572304996 0.056074766355140186
0 0.8588957055214724 0.9322429906542056 0.015775635407537247 0.04672897196261682
0 0.5030674846625767 0.6144859813084113 0.04382120946538125 0.056074766355140186
0 0.39964943032427697 0.830607476635514 0.03680981595092025 0.05841121495327103
0 0.5836985100788782 0.9941588785046729 0.035056967572304996 0.03271028037383177
0 0.5985977212971078 0.9380841121495327 0.03856266432953549 0.053738317757009345
0 0.5013146362839614 0.6717289719626168 0.03856266432953549 0.07710280373831775
0 0.46275197195442597 0.7593457943925234 0.024539877300613498 0.03271028037383177
0 0.26205083260297984 0.6647196261682243 0.06485539000876424 0.08411214953271028
