0 0.9593837535014006 0.7910447761194029 0.06162464985994398 0.06716417910447761
0 0.19747899159663865 0.32276119402985076 0.047619047619047616 0.05970149253731343
0 0.5406162464985994 0.5167910447761194 0.0896358543417367 0.11567164179104478
0 0.39915966386554624 0.9832089552238806 0.06162464985994398 0.055970149253731345
0 0.4481792717086835 0.5186567164179104 0.0896358543417367 0.11940298507462686
0 0.08543417366946779 0.625 0.04481792717086835 0.06716417910447761
0 0.37254901960784315 0.8805970149253731 0.0700280112044818 0.08955223880597014
0 0.3753501400560224 0.7966417910447762 0.058823529411764705 0.06716417910447761
0 0.9859943977591037 0.7126865671641791 0.05042016806722689 0.07835820895522388
0 0.590983822503162 0.6405090137857901 0.046141607000795545 0.05514316012725345
0 0.9418191446988661 0.4019088016967126 0.049323786793953855 0.053022269353128315
