0 0.32164767747589834 0.26985981308411217 0.035056967572304996 0.037383177570093455
0 0.2042068361086766 0.17406542056074767 0.03856266432953549 0.06074766355140187
0 0.07011393514460999 0.42757009345794394 0.04557405784399649 0.04906542056074766
0 0.18141980718667836 0.6343457943925234 0.057843996494303246 0.07009345794392523
0 0.294478527607362 0.4894859813084112 0.049079754601226995 0.06542056074766354
0 0.19456617002629273 0.3130841121495327 0.033304119193689745 0.04439252336448598
0 0.24890446976336547 0.17990654205607476 0.029798422436459245 0.0514018691588785
0 0.4145486415425066 0.39135514018691586 0.03856266432953549 0.053738317757009345
0 0.04557405784399649 0.7079439252336449 0.03856266432953549 0.053738317757009345
0 0.44785276073619634 0.34813084112149534 0.040315512708150744 0.04906542056074766
0 0.48729184925503943 0.3119158878504673 0.03856266432953549 0.04205607476635514
0 0.28045574057843997 0.2651869158878505 0.03680981595092025 0.03271028037383177
0 0.014899211218229623 0.7488317757009346 0.04732690622261174 0.04906542056074766
0 0.37248028045574055 0.308411214953271 0.052585451358457595 0.07009345794392523
0 0.21998247151621383 0.2757009345794392 0.0368098159509203 0.039719626168224234
0 0.8089395267309377 0.308411214953271 0.029798422436459446 0.0397196261682243
0 0.09553023663453111 0.7231308411214953 0.049079754601226995 0.07242990654205607
0 0.3479404031551271 0.4591121495327103 0.04732690622261174 0.06074766355140187
