0 0.6538124452234881 0.4287383177570093 0.026292725679228746 0.04672897196261682
0 0.2331288343558282 0.6705607476635514 0.029798422436459245 0.030373831775700934
0 0.5950920245398773 0.9264018691588785 0.057843996494303246 0.0794392523364486
0 0.6450482033304119 0.8422897196261683 0.06660823838737949 0.0794392523364486
0 0.025416301489921123 0.8212616822429907 0.03856266432953549 0.0514018691588785
0 0.27256792287467135 0.7733644859813084 0.035056967572304996 0.035046728971962614
0 0.7493426818580193 0.11682242990654206 0.022787028921998048 0.035046728971962614
0 0.7134092900964066 0.12032710280373832 0.029798422436459245 0.037383177570093455
0 0.49693251533742333 0.2967289719626168 0.026292725679228746 0.028037383177570093
0 0.6555652936021035 0.3282710280373832 0.026292725679228548 0.0397196261682243
0 0.684487291849255 0.0911214953271028 0.028045574057843997 0.03271028037383177
0 0.558282208588957 0.0689252336448598 0.029798422436459245 0.03738317757009344
0 0.6520595968448729 0.27686915887850466 0.03155127081507449 0.04906542056074766
