0 0.20683610867659946 0.9135514018691588 0.020783328464310014 0.026154936439739488
0 0.5197195442594216 0.8913551401869159 0.021034180543382998 0.035046728971962614
0 0.3540753724802805 0.7815420560747663 0.031551270815074396 0.037383177570093455
0 0.48729184925503943 0.8960280373831776 0.029798422436459245 0.04439252336448598
0 0.38650306748466257 0.2827102803738318 0.019281332164767746 0.02336448598130841
0 0.6581945661700263 0.8761682242990654 0.01872197877105868 0.03669663817159045
0 0.44785276073619634 0.20677570093457945 0.08063102541630149 0.12149532710280374
0 0.49693251533742333 0.7897196261682243 0.03680981595092025 0.04439252336448598
0 0.6739702015775635 0.919392523364486 0.026292725679228947 0.053738317757009345
0 0.37510955302366344 0.2605140186915888 0.049079754601226995 0.053738317757009345
