0 0.3349809886838093 0.5424588086185045 0.058935361216730035 0.0633713561470214
0 0.29790874533780176 0.08998732572877059 0.06653992395437262 0.07351077313054499
0 0.014638783360615429 0.9239543726235742 0.053231939163498096 0.07604562737642585
0 0.5431558936267751 0.5716096324461344 0.06463878326996197 0.07351077313054485
0 0.24847908754312492 0.11153358681875793 0.053231939163498096 0.08111533586818757
0 0.37585551339863826 0.5031685678073511 0.06273764258555133 0.08618504435994931
0 0.4224334601666991 0.2826362484157161 0.06463878326996197 0.08365019011406843
0 0.46520912556593863 0.4550063371356147 0.053231939163498096 0.07858048162230671
0 0.8910646388739234 0.6185044359949303 0.07604562737642585 0.08365019011406843
0 0.334030418341604 0.9771863117870723 0.058935361216730035 0.06590621039290241
0 0.5288973384936952 0.8326996197718631 0.0741444866920152 0.08871989860583017
0 0.6020912548435051 0.38022813688212925 0.058935361216730035 0.09125475285171103
0 0.5906844107370413 0.29277566539923955 0.049429657794676805 0.06337135614702155
0 0.6363117871628968 0.45373891001267425 0.06844106463878327 0.08618504435994931
0 0.7076045628282961 0.46261089987325726 0.053231939163498096 0.07858048162230671
0 0.8844106464784861 0.45373891001267425 0.049429657794676805 0.07351077313054499
0 0.44904942974844814 0.835234474017744 0.053231939163498096 0.06337135614702155
0 0.21901140693475993 0.5982256020278834 0.04752851711026616 0.06083650190114054
0 0.18764258564198424 0.7908745247148289 0.06844106463878327 0.07858048162230671
0 0.26939163507164204 0.5754119138149556 0.06273764258555133 0.06844106463878341
0 0.9766159696724025 0.9619771863117871 0.051330798479087454 0.053231939163498096
0 0.10019011415909451 0.9784537389100126 0.04182509505703422 0.043092522179974654
0 0.028897338493695277 0.5944233206590621 0.07224334600760456 0.09378960709759189
0 0.9214828898244938 0.3650190114068441 0.053231939163498096 0.07604562737642585
0 0.8673003803187903 0.8732572877059569 0.058935361216730035 0.06590621039290241
0 0.9728136883035812 0.9049429657794676 0.06273764258555133 0.050697084917617236
0 0.04980988602221239 0.8517110266159695 0.07604562737642585 0.09125475285171103
0 0.6458174905849501 0.08618504435994931 0.06273764258555133 0.08618504435994931
0 0.9461977187218321 0.7237008871989861 0.07034220532319392 0.07097591888466413
0 0.9100760457180299 0.870722433460076 0.045627376425855515 0.053231939163498096
0 0.6505703422959767 0.8935361216730038 0.058935361216730035 0.053231939163498096
0 0.6895437263263949 0.8276299112801014 0.049429657794676805 0.06844106463878327
0 0.9404942966686002 0.29404309252217997 0.045627376425855515 0.050697084917617236
