0 0.7332541568828592 0.4509493670886076 0.04513064133016627 0.05379746835443038
0 0.7665083136524554 0.4272151898734177 0.047505938242280284 0.06645569620253164
0 0.8033254157902227 0.47468354430379744 0.0688836104513064 0.07278481012658228
0 0.8472684086643318 0.4462025316455696 0.03800475059382423 0.05379746835443038
0 0.8520190024885599 0.30063291139240506 0.047505938242280284 0.07278481012658228
0 0.9422802851488924 0.37183544303797467 0.047505938242280284 0.05063291139240506
0 0.9957244656714578 0.3512658227848101 0.030878859857482184 0.04746835443037975
0 0.6168646081892725 0.2310126582278481 0.0332541567695962 0.04113924050632911
0 0.7997624704220516 0.379746835443038 0.040380047505938245 0.05063291139240497
0 0.8021377673341656 0.3338607594936709 0.03800475059382423 0.05063291139240506
0 0.8983372922747832 0.33860759493670883 0.04513064133016627 0.06329113924050642
0 0.9173396675716953 0.23259493670886075 0.05463182897862233 0.056962025316455694
0 0.9743467934624316 0.3338607594936709 0.040380047505938245 0.056962025316455694
0 0.8140142518947356 0.4161392405063291 0.05463182897862233 0.05379746835443038
0 0.881710213889985 0.4208860759493671 0.040380047505938245 0.05379746835443038
0 0.872209026241529 0.2579113924050633 0.035629453681710214 0.04746835443037975
0 0.8579572447688449 0.37341772151898733 0.05463182897862233 0.0759493670886076
0 0.9244655583080373 0.40031645569620256 0.04513064133016627 0.05063291139240497
0 0.9232779098519803 0.28639240506329117 0.04513064133016627 0.056962025316455604
0 0.9874109264790587 0.1787974683544304 0.0498812351543943 0.05063291139240506
0 0.203562945481434 0.6170886075949367 0.04275534441805225 0.04113924050632911
0 0.5527315915621941 0.7911392405063291 0.03800475059382423 0.04746835443037975
0 0.6667458433436668 0.8924050632911392 0.040380047505938245 0.060126582278481014
0 0.6109263659089874 0.28639240506329117 0.040380047505938245 0.05379746835443029
0 0.9874109264790587 0.1787974683544304 0.0498812351543943 0.05063291139240506
0 0.9802850357427166 0.26582278481012656 0.040380047505938245 0.05063291139240515
