0 0.8306413302795338 0.2958860759493671 0.0831353919239905 0.08227848101265822
0 0.8567695963127879 0.8496835443037974 0.07600950118764846 0.0981012658227848
0 0.3282660333674198 0.8306962025316456 0.05463182897862233 0.09177215189873418
0 0.4624703089018616 0.3275316455696203 0.0498812351543943 0.0759493670886075
0 0.07410926377122022 0.1360759493670886 0.05463182897862231 0.08544303797468354
0 0.49928741103962876 0.2389240506329114 0.057007125890736345 0.10126582278481013
0 0.3199524941750207 0.7199367088607594 0.057007125890736345 0.1012658227848103
0 0.004038004863856807 0.6123417721518988 0.0166270783847981 0.060126582278481014
0 0.46722090272608957 0.7832278481012658 0.06413301662707839 0.08860759493670886
0 0.40783847992323924 0.9731012658227848 0.0665083135391924 0.10443037974683544
0 0.39121140153844114 0.37658227848101267 0.07125890736342043 0.08227848101265822
0 0.8413301663840468 0.7389240506329114 0.09738717339667459 0.12658227848101247
