0 0.43822222222222224 0.759478672985782 0.051555555555555556 0.07582938388625593
0 0.8577777777777778 0.42890995260663506 0.019555555555555555 0.052132701421800945
0 0.44355555555555554 0.24644549763033174 0.044444444444444446 0.06872037914691943
0 0.4088888888888889 0.3696682464454976 0.060444444444444446 0.09004739336492891
0 0.7617777777777778 0.13744075829383887 0.033777777777777775 0.03317535545023697
0 0.8471111111111111 0.5 0.028444444444444446 0.04028436018957346
0 0.2568888888888889 0.24170616113744076 0.05333333333333334 0.07109004739336493
0 0.6088888888888889 0.4028436018957346 0.044444444444444446 0.06635071090047394
0 0.536 0.5 0.048 0.07345971563981042
0 0.8364444444444444 0.3696682464454976 0.017777777777777778 0.03317535545023697
0 0.7902222222222223 0.16587677725118483 0.021333333333333333 0.037914691943127965
0 0.6026666666666667 0.9146919431279621 0.044444444444444446 0.08056872037914692
0 0.37155555555555553 0.8483412322274881 0.06577777777777788 0.0995260663507109
