0 0.7866666666666666 0.2665876777251185 0.03911111111111111 0.045023696682464455
0 0.6702222222222223 0.6113744075829384 0.0479999999999998 0.05924170616113744
0 0.6213333333333333 0.6267772511848341 0.028444444444444446 0.04265402843601896
0 0.19377777777777777 0.476303317535545 0.032 0.04265402843601896
0 0.8791111111111111 0.22156398104265404 0.032 0.037914691943127965
0 0.9644444444444444 0.19549763033175355 0.028444444444444446 0.030805687203791468
0 0.6088888888888889 0.42417061611374407 0.042666666666666665 0.054502369668246446
0 0.424 0.5154028436018957 0.04622222222222222 0.059241706161137574
0 0.6826666666666666 0.36018957345971564 0.024888888888888887 0.030805687203791468
0 0.824 0.27014218009478674 0.032 0.03317535545023697
0 0.8595555555555555 0.2618483412322275 0.032 0.035545023696682464
0 0.48444444444444446 0.6113744075829384 0.051555555555555556 0.07345971563981042
0 0.5288888888888889 0.47985781990521326 0.035555555555555556 0.04976303317535545
0 0.5511111111111111 0.45260663507109006 0.035555555555555556 0.037914691943127965
0 0.7573333333333333 0.5272511848341233 0.03911111111111111 0.061611374407582936
0 0.7715555555555556 0.3080568720379147 0.044444444444444446 0.04739336492890995
0 0.8142222222222222 0.47393364928909953 0.028444444444444446 0.04976303317535545
0 0.6613333333333333 0.39928909952606634 0.051555555555555556 0.04976303317535545
0 0.8897777777777778 0.4075829383886256 0.032 0.04265402843601896
0 0.24444444444444444 0.476303317535545 0.044444444444444446 0.05687203791469194
0 0.35644444444444445 0.8708530805687204 0.028444444444444446 0.04265402843601896
