0 0.4008888888888889 0.1457345971563981 0.021333333333333333 0.037914691943127965
0 0.2986666666666667 0.09360189573459715 0.028444444444444446 0.04028436018957346
0 0.7075555555555556 0.3068720379146919 0.064 0.0924170616113744
0 0.464 0.5556872037914692 0.04622222222222222 0.07819905213270142
0 0.6204444444444445 0.2938388625592417 0.02311111111111111 0.04739336492891002
0 0.312 0.23104265402843602 0.02666666666666667 0.037914691943127965
0 0.4488888888888889 0.3732227488151659 0.03911111111111111 0.052132701421800945
0 0.2897777777777778 0.1943127962085308 0.02666666666666667 0.030805687203791468
0 0.25333333333333335 0.23222748815165878 0.021333333333333333 0.037914691943127965
0 0.648 0.30450236966824645 0.05333333333333334 0.0947867298578199
0 0.23644444444444446 0.2677725118483412 0.024888888888888887 0.035545023696682464
0 0.3048888888888889 0.48696682464454977 0.037333333333333336 0.037914691943127965
0 0.19644444444444445 0.3459715639810427 0.019555555555555555 0.02843601895734597
0 0.2737777777777778 0.466824644549763 0.02666666666666667 0.037914691943127965
0 0.6977777777777778 0.8850710900473934 0.03911111111111091 0.05924170616113744
0 0.4142222222222222 0.07938388625592417 0.016 0.02843601895734597
0 0.18844444444444444 0.43601895734597157 0.030222222222222223 0.04028436018957346
