0 0.49955555555555553 0.5177725118483413 0.07644444444444444 0.09715639810426527
0 0.8222222222222222 0.8590047393364929 0.032 0.04265402843601896
0 0.7031111111111111 0.24881516587677724 0.06222222222222222 0.06635071090047394
0 0.5991111111111111 0.8945497630331753 0.033777777777777775 0.054502369668246446
0 0.5128888888888888 0.17061611374407584 0.060444444444444446 0.07345971563981042
0 0.656 0.8353080568720379 0.060444444444444446 0.07819905213270142
0 0.8915555555555555 0.21682464454976302 0.04622222222222222 0.054502369668246446
0 0.5697777777777778 0.20853080568720378 0.044444444444444446 0.061611374407582936
0 0.7671111111111111 0.6646919431279621 0.05511111111111111 0.07819905213270142
0 0.5457777777777778 0.3862559241706161 0.06222222222222222 0.09004739336492891
0 0.5893333333333334 0.6030805687203792 0.05688888888888889 0.08056872037914678
0 0.6835555555555556 0.3933649289099526 0.05688888888888889 0.08056872037914692
