0 0.9033613445378151 0.4944029850746269 0.028011204481792718 0.048507462686567165
0 0.6890756302521008 0.1417910447761194 0.04481792717086835 0.0708955223880597
0 0.13725490196078433 0.15485074626865672 0.056022408963585395 0.06716417910447761
0 0.025210084033613446 0.23507462686567165 0.04201680672268908 0.06343283582089553
0 0.8683473389355743 0.5802238805970149 0.028011204481792718 0.05223880597014925
0 0.6246498599439776 0.5615671641791045 0.058823529411764705 0.05970149253731343
0 0.6442577030812325 0.9850746268656716 0.04201680672268892 0.05223880597014925
0 0.18067226890756302 0.9888059701492538 0.03081232492997199 0.055970149253731345
0 0.15126050420168066 0.4944029850746269 0.06442577030812328 0.07462686567164178
0 0.5364145658263305 0.24813432835820895 0.036414565826330535 0.05223880597014925
0 0.8137254901960784 0.5503731343283582 0.03361344537815126 0.03731343283582089
0 0.742296918767507 0.6511194029850746 0.036414565826330535 0.05970149253731343
0 0.24509803921568626 0.8264925373134329 0.03361344537815126 0.05970149253731343
0 0.5966386554621849 0.43097014925373134 0.04201680672268908 0.05970149253731343
0 0.8053221288515406 0.09888059701492537 0.04481792717086835 0.033582089552238806
0 0.8081232492997199 0.75 0.03081232492997199 0.048507462686567165
0 0.8515406162464986 0.6417910447761194 0.03081232492997199 0.055970149253731345
0 0.592436974789916 0.8936567164179104 0.04481792717086835 0.07462686567164178
0 0.6862745098039216 0.9888059701492538 0.028011204481792718 0.04477611940298507
0 0.24089635854341737 0.291044776119403 0.03361344537815126 0.05970149253731343
0 0.47759103641456585 0.21082089552238806 0.04481792717086835 0.06716417910447761
0 0.23949579831932774 0.17537313432835822 0.047619047619047616 0.06716417910447761
0 0.9411764705882353 0.4869402985074627 0.0392156862745098 0.05223880597014925
0 0.5056022408963585 0.9869402985074627 0.047619047619047616 0.05223880597014925
0 0.3291316526610644 0.9552238805970149 0.04481792717086835 0.05970149253731343
0 0.7549019607843137 0.11007462686567164 0.036414565826330535 0.05223880597014925
