0 0.7368888888888889 0.8187203791469194 0.028444444444444446 0.03317535545023697
0 0.7617777777777778 0.3104265402843602 0.04622222222222222 0.07582938388625593
0 0.3191111111111111 0.39928909952606634 0.035555555555555556 0.037914691943127965
0 0.2808888888888889 0.9786729857819905 0.028444444444444446 0.03317535545023697
0 0.42577777777777776 0.7950236966824644 0.024888888888888887 0.04028436018957346
0 0.37155555555555553 0.4727488151658768 0.039111111111111214 0.04265402843601896
0 0.3191111111111111 0.1457345971563981 0.05688888888888889 0.08530805687203792
0 0.6924444444444444 0.7097156398104265 0.049777777777777775 0.07109004739336493
0 0.40444444444444444 0.8850710900473934 0.030222222222222223 0.04265402843601896
0 0.3973333333333333 0.4277251184834123 0.017777777777777778 0.03317535545023697
0 0.8924444444444445 0.5912322274881516 0.05688888888888889 0.06635071090047394
0 0.35644444444444445 0.2618483412322275 0.042666666666666665 0.054502369668246446
0 0.2862222222222222 0.943127962085308 0.024888888888888887 0.03317535545023697
0 0.4488888888888889 0.6030805687203792 0.02666666666666667 0.0355450236966826
0 0.6026666666666667 0.4206161137440758 0.02311111111111111 0.03317535545023697
0 0.2862222222222222 0.3222748815165877 0.042666666666666665 0.05924170616113744
0 0.25244444444444447 0.31516587677725116 0.04622222222222212 0.05924170616113744
0 0.7555555555555555 0.6611374407582938 0.028444444444444446 0.03317535545023697
0 0.38666666666666666 0.37203791469194314 0.030222222222222223 0.04028436018957346
0 0.31733333333333336 0.4774881516587678 0.035555555555555556 0.037914691943127965
0 0.30133333333333334 0.016587677725118485 0.051555555555555556 0.07345971563981042
0 0.3671111111111111 0.669431279620853 0.02666666666666667 0.04028436018957346
0 0.36444444444444446 0.6386255924170616 0.028444444444444446 0.037914691943127965
0 0.34755555555555556 0.4443127962085308 0.02666666666666667 0.035545023696682464
0 0.2853333333333333 0.7677725118483413 0.033777777777777775 0.035545023696682464
0 0.31377777777777777 0.43838862559241704 0.033777777777777775 0.04265402843601896
0 0.45066666666666666 0.8293838862559242 0.028444444444444446 0.04028436018957346
0 0.32 0.5853080568720379 0.032 0.045023696682464455
0 0.22133333333333333 0.9087677725118484 0.037333333333333336 0.04265402843601896
0 0.344 0.509478672985782 0.037333333333333434 0.04265402843601896
0 0.4186666666666667 0.75 0.035555555555555556 0.035545023696682464
0 0.3413333333333333 0.6848341232227488 0.030222222222222223 0.035545023696682464
0 0.3662222222222222 0.3293838862559242 0.030222222222222223 0.04028436018957346
0 0.45155555555555554 0.7914691943127962 0.024888888888888887 0.04028436018957346
0 0.4266666666666667 0.1504739336492891 0.03555555555555545 0.05924170616113744
0 0.7235555555555555 0.6812796208530806 0.037333333333333336 0.04028436018957346
0 0.2897777777777778 0.7239336492890995 0.028444444444444446 0.04976303317535545
0 0.37777777777777777 0.8921800947867299 0.02666666666666667 0.04739336492890995
0 0.42044444444444445 0.8317535545023697 0.030222222222222223 0.04265402843601896
0 0.3546666666666667 0.9632701421800948 0.032 0.04739336492890995
0 0.4106666666666667 0.707345971563981 0.04088888888888889 0.035545023696682464
0 0.35644444444444445 0.8554502369668247 0.028444444444444446 0.04028436018957346
0 0.3982222222222222 0.7796208530805687 0.035555555555555556 0.04028436018957346
0 0.33511111111111114 0.30450236966824645 0.0319999999999999 0.052132701421800945
0 0.5466666666666666 0.43601895734597157 0.02311111111111111 0.02843601895734597
0 0.45866666666666667 0.9597156398104265 0.02311111111111111 0.035545023696682464
0 0.4177777777777778 0.509478672985782 0.03911111111111101 0.06635071090047394
0 0.3857777777777778 0.8471563981042654 0.030222222222222223 0.04028436018957346
0 0.39111111111111113 0.04028436018957346 0.03911111111111111 0.05687203791469194
0 0.3457777777777778 0.768957345971564 0.042666666666666665 0.05924170616113744
0 0.3253333333333333 0.6386255924170616 0.0320000000000001 0.026066350710900472
0 0.3128888888888889 0.5319905213270142 0.033777777777777775 0.045023696682464455
0 0.2737777777777778 0.36729857819905215 0.04088888888888889 0.04739336492890995
0 0.20355555555555555 0.4206161137440758 0.035555555555555556 0.037914691943127965
0 0.5137777777777778 0.5450236966824644 0.030222222222222223 0.03554502369668233
0 0.3537777777777778 0.5853080568720379 0.024888888888888887 0.052132701421800945
0 0.31466666666666665 0.235781990521327 0.051555555555555556 0.07109004739336493
