0 0.7187993680884676 0.26540284360189575 0.04739336492891013 0.035545023696682394
0 0.011058451816745656 0.3886255924170616 0.05055292259083728 0.061611374407582936
0 0.3949447077409163 0.7582938388625592 0.05687203791469194 0.04976303317535545
0 0.5781990521327014 0.5995260663507109 0.05055292259083728 0.03317535545023697
0 0.3033175355450237 0.8483412322274881 0.07582938388625583 0.054502369668246446
0 0.08372827804107424 0.5106635071090048 0.12006319115323855 0.07819905213270142
0 0.7124802527646129 0.5118483412322274 0.04739336492891013 0.04028436018957359
0 0.06477093206951026 0.707345971563981 0.1074249605055292 0.07345971563981042
0 0.42496050552922593 0.4087677725118483 0.07266982622432859 0.052132701421800945
0 0.39968404423380727 0.8412322274881516 0.08530805687203792 0.06398104265402843
0 0.4218009478672986 0.985781990521327 0.053712480252764615 0.03317535545023697
0 0.8578199052132701 0.590047393364929 0.037914691943127965 0.03554502369668233
