0 0.030222222222222223 0.3459715639810427 0.049777777777777775 0.05924170616113744
0 0.20622222222222222 0.38388625592417064 0.044444444444444446 0.052132701421800945
0 0.11911111111111111 0.031990521327014215 0.044444444444444446 0.07819905213270142
0 0.504 0.3222748815165877 0.049777777777777775 0.06872037914691943
0 0.7431111111111111 0.7109004739336493 0.05866666666666687 0.06398104265402843
0 0.8311111111111111 0.6232227488151659 0.05688888888888889 0.06635071090047394
0 0.6648888888888889 0.12796208530805686 0.04088888888888889 0.040284360189573494
0 0.20622222222222222 0.8080568720379147 0.049777777777777775 0.07819905213270142
0 0.536 0.27606635071090047 0.04088888888888889 0.05687203791469194
0 0.26755555555555555 0.33293838862559244 0.033777777777777775 0.04265402843601896
0 0.36977777777777776 0.4834123222748815 0.04622222222222222 0.06398104265402843
0 0.8755555555555555 0.5699052132701422 0.05333333333333334 0.06398104265402843
0 0.024888888888888887 0.026066350710900472 0.05511111111111111 0.06635071090047394
0 0.4088888888888889 0.44786729857819907 0.051555555555555556 0.07582938388625593
0 0.9751111111111112 0.6824644549763034 0.03911111111111111 0.04739336492890995
0 0.728 0.04739336492890995 0.049777777777777775 0.05687203791469194
0 0.1537777777777778 0.3353080568720379 0.05333333333333328 0.07109004739336493
0 0.6062222222222222 0.46445497630331756 0.04622222222222222 0.054502369668246446
0 0.6773333333333333 0.3518957345971564 0.060444444444444446 0.08293838862559241
0 0.2862222222222222 0.36492890995260663 0.051555555555555556 0.04976303317535545
0 0.14755555555555555 0.4597156398104265 0.05688888888888889 0.06872037914691943
