0 0.8025276461295419 0.39454976303317535 0.05055292259083728 0.045023696682464455
0 0.5608214849921012 0.7156398104265402 0.04107424960505511 0.03317535545023697
0 0.8925750394944708 0.7014218009478673 0.03475513428120063 0.030805687203791468
0 0.4486571879936809 0.6777251184834123 0.04107424960505529 0.037914691943127965
0 0.8562401263823065 0.6492890995260664 0.02843601895734597 0.02843601895734597
0 0.7503949447077409 0.7227488151658767 0.04739336492890995 0.04028436018957346
0 0.3933649289099526 0.8898104265402843 0.037914691943127965 0.030805687203791468
0 0.4707740916271722 0.9751184834123223 0.044233807266982623 0.03317535545023697
0 0.022116903633491312 0.6741706161137441 0.05687203791469194 0.052132701421800945
0 0.6951026856240127 0.7606635071090048 0.04739336492890995 0.04028436018957346
0 0.6208530805687204 0.7156398104265402 0.04739336492890995 0.035545023696682464
0 0.30647709320695105 0.4087677725118483 0.07898894154818326 0.06398104265402843
0 0.8657187993680885 0.5947867298578199 0.02843601895734597 0.037914691943127965
0 0.358609794628752 0.683649289099526 0.04107424960505529 0.02843601895734597
0 0.8925750394944708 0.6054502369668247 0.04107424960505529 0.037914691943127965
0 0.7330173775671406 0.2677725118483412 0.06003159557661927 0.037914691943127965
0 0.1990521327014218 0.8755924170616114 0.04739336492890995 0.035545023696682464
0 0.8341232227488151 0.7014218009478673 0.037914691943127965 0.02843601895734597
0 0.2985781990521327 0.4597156398104265 0.08214849921011068 0.05924170616113744
0 0.8199052132701422 0.8447867298578199 0.03475513428120063 0.026066350710900472
0 0.5434439178515008 0.6279620853080569 0.04107424960505529 0.03317535545023697
0 0.9462875197472354 0.7606635071090048 0.04107424960505529 0.030805687203791468
0 0.5829383886255924 0.4087677725118483 0.04107424960505529 0.030805687203791468
0 0.9241706161137441 0.6872037914691943 0.03475513428120063 0.023696682464454975
