0 0.7014218009478673 0.7345971563981043 0.037914691943127965 0.026066350710900472
0 0.6998420221169036 0.7014218009478673 0.03475513428120063 0.02843601895734597
0 0.669826224328594 0.6990521327014217 0.04107424960505529 0.023696682464454975
0 0.7914691943127962 0.5355450236966824 0.037914691943127965 0.03317535545023697
0 0.669826224328594 0.7488151658767772 0.02843601895734597 0.02843601895734597
0 0.5813586097946287 0.07109004739336493 0.03475513428120063 0.026066350710900472
0 0.6398104265402843 0.6943127962085308 0.03159557661927348 0.023696682464454975
0 0.40126382306477093 0.8139810426540285 0.05055292259083728 0.037914691943127965
0 0.8088467614533965 0.9407582938388626 0.037914691943127965 0.030805687203791468
0 0.05529225908372828 0.28080568720379145 0.05687203791469194 0.04028436018957346
0 0.636650868878357 0.7180094786729858 0.03475513428120081 0.02843601895734597
0 0.13270142180094788 0.20853080568720378 0.03475513428120063 0.030805687203791468
0 0.6761453396524486 0.7239336492890995 0.03475513428120081 0.026066350710900472
0 0.7456556082148499 0.9774881516587678 0.03475513428120063 0.02843601895734597
