0 0.4826666666666667 0.6646919431279621 0.044444444444444446 0.05924170616113744
0 0.12711111111111112 0.3175355450236967 0.10666666666666667 0.12559241706161137
0 0.4631111111111111 0.45023696682464454 0.060444444444444446 0.08056872037914692
0 0.2071111111111111 0.14454976303317535 0.08 0.1066350710900474
0 0.136 0.018957345971563982 0.035555555555555556 0.035545023696682464
0 0.6275555555555555 0.7654028436018957 0.04088888888888889 0.04976303317535545
0 0.528 0.5971563981042654 0.05333333333333334 0.08293838862559255
0 0.5235555555555556 0.3957345971563981 0.07822222222222222 0.11374407582938388
0 0.5164444444444445 0.18364928909952608 0.06755555555555555 0.1018957345971564
0 0.5315555555555556 0.9822274881516587 0.049777777777777775 0.04976303317535545
0 0.015111111111111112 0.14928909952606634 0.042666666666666665 0.08767772511848344
0 0.4071111111111111 0.4537914691943128 0.049777777777777775 0.07582938388625593
0 0.3582222222222222 0.3518957345971564 0.06577777777777778 0.09004739336492891
0 0.744 0.7156398104265402 0.05688888888888889 0.06872037914691943
0 0.6755555555555556 0.9123222748815166 0.044444444444444446 0.04028436018957346
0 0.7715555555555556 0.5379146919431279 0.08177777777777778 0.10900473933649303
0 0.9422222222222222 0.6398104265402843 0.07111111111111111 0.0995260663507109
0 0.9804444444444445 0.816350710900474 0.042666666666666665 0.05924170616113744
0 0.8177777777777778 0.7784360189573459 0.06222222222222222 0.06635071090047394
