0 0.7253333333333334 0.07227488151658767 0.05688888888888868 0.06872037914691943
0 0.39555555555555555 0.9644549763033176 0.05333333333333334 0.0971563981042654
0 0.4266666666666667 0.6184834123222749 0.04622222222222212 0.07345971563981042
0 0.2986666666666667 0.9265402843601895 0.028444444444444446 0.037914691943127965
0 0.6222222222222222 0.06990521327014218 0.044444444444444446 0.06398104265402843
0 0.26311111111111113 0.6327014218009479 0.04622222222222222 0.061611374407582936
0 0.5653333333333334 0.12914691943127962 0.028444444444444446 0.037914691943127965
0 0.3048888888888889 0.7203791469194313 0.049777777777777775 0.06398104265402843
0 0.6897777777777778 0.10071090047393365 0.051555555555555556 0.05687203791469194
0 0.39555555555555555 0.44786729857819907 0.019555555555555555 0.045023696682464455
0 0.037333333333333336 0.11848341232227488 0.04088888888888889 0.06398104265402843
0 0.2995555555555556 0.783175355450237 0.060444444444444446 0.06635071090047394
0 0.45955555555555555 0.1066350710900474 0.024888888888888887 0.02843601895734597
0 0.32622222222222225 0.8755924170616114 0.04088888888888889 0.05924170616113744
0 0.5004444444444445 0.0947867298578199 0.030222222222222223 0.03317535545023697
0 0.528 0.3862559241706161 0.049777777777777775 0.06398104265402843
0 0.45422222222222225 0.13981042654028436 0.03911111111111101 0.04265402843601896
