0 0.018666666666666668 0.7879146919431279 0.02666666666666667 0.035545023696682464
0 0.26844444444444443 0.768957345971564 0.049777777777777775 0.05687203791469194
0 0.4826666666666667 0.8258293838862559 0.04088888888888889 0.061611374407582936
0 0.3466666666666667 0.9502369668246445 0.028444444444444446 0.037914691943127965
0 0.22933333333333333 0.4774881516587678 0.05333333333333334 0.07109004739336493
0 0.896 0.9940758293838863 0.024888888888888887 0.03317535545023697
0 0.6257777777777778 0.7796208530805687 0.037333333333333336 0.052132701421800945
0 0.768 0.9300947867298578 0.035555555555555556 0.054502369668246446
0 0.6044444444444445 0.8518957345971564 0.033777777777777775 0.054502369668246446
0 0.7777777777777778 0.6374407582938388 0.06222222222222222 0.07819905213270142
0 0.8 0.8293838862559242 0.042666666666666665 0.045023696682464455
0 0.43555555555555553 0.8388625592417062 0.055111111111111215 0.07109004739336493
0 0.712 0.6255924170616114 0.060444444444444446 0.07582938388625593
0 0.8666666666666667 0.9146919431279621 0.048 0.061611374407582936
0 0.6568888888888889 0.590047393364929 0.06577777777777778 0.08056872037914706
0 0.7715555555555556 0.7334123222748815 0.035555555555555556 0.052132701421800945
