0 0.7244444444444444 0.4099526066350711 0.021333333333333333 0.026066350710900472
0 0.7377777777777778 0.43009478672985785 0.024888888888888887 0.026066350710900472
0 0.009777777777777778 0.48933649289099523 0.02666666666666667 0.02843601895734597
0 0.8257777777777778 0.5402843601895735 0.02133333333333313 0.03317535545023697
0 0.7964444444444444 0.4609004739336493 0.02311111111111111 0.030805687203791468
0 0.7973333333333333 0.5154028436018957 0.021333333333333333 0.04028436018957359
0 0.608 0.14928909952606634 0.024888888888888887 0.030805687203791503
0 0.4053333333333333 0.17180094786729858 0.04088888888888889 0.061611374407582936
0 0.8453333333333334 0.5829383886255924 0.02666666666666667 0.04739336492890995
0 0.8266666666666667 0.4206161137440758 0.017777777777777778 0.03317535545023697
0 0.08711111111111111 0.4881516587677725 0.04622222222222222 0.06872037914691943
0 0.176 0.5853080568720379 0.06222222222222222 0.07345971563981042
0 0.6284444444444445 0.19549763033175355 0.030222222222222223 0.045023696682464455
0 0.7715555555555556 0.4324644549763033 0.028444444444444446 0.026066350710900472
0 0.7715555555555556 0.45734597156398105 0.024888888888888887 0.026066350710900472
0 0.3671111111111111 0.14099526066350712 0.051555555555555556 0.08056872037914689
0 0.7848888888888889 0.4834123222748815 0.024888888888888887 0.030805687203791468
0 0.4693333333333333 0.19312796208530805 0.049777777777777775 0.07819905213270142
0 0.5928888888888889 0.11018957345971564 0.021333333333333333 0.035545023696682464
0 0.11822222222222223 0.7381516587677726 0.049777777777777775 0.04028436018957346
0 0.496 0.25355450236966826 0.04622222222222222 0.05924170616113744
