0 0.22844444444444445 0.4395734597156398 0.04088888888888889 0.052132701421800945
0 0.6373333333333333 0.3305687203791469 0.058666666666666666 0.08767772511848342
0 0.029333333333333333 0.8542654028436019 0.04088888888888889 0.04976303317535545
0 0.6311111111111111 0.2156398104265403 0.05688888888888889 0.08056872037914692
0 0.006222222222222222 0.061611374407582936 0.048 0.06872037914691943
0 0.36177777777777775 0.6267772511848341 0.049777777777777775 0.08056872037914692
0 0.5448888888888889 0.009478672985781991 0.044444444444444446 0.026066350710900472
0 0.8364444444444444 0.9478672985781991 0.04622222222222222 0.05924170616113744
0 0.14133333333333334 0.13507109004739337 0.07466666666666667 0.0971563981042654
0 0.008 0.79739336492891 0.024888888888888887 0.04028436018957346
0 0.5395555555555556 0.20853080568720378 0.06577777777777778 0.0924170616113744
0 0.768 0.9798578199052133 0.030222222222222223 0.035545023696682464
0 0.5111111111111111 0.6161137440758294 0.051555555555555556 0.06398104265402843
0 0.19733333333333333 0.5604265402843602 0.03911111111111111 0.04739336492890982
0 0.17422222222222222 0.5023696682464455 0.04088888888888889 0.05687203791469194
0 0.33511111111111114 0.016587677725118485 0.04622222222222212 0.04976303317535545
0 0.013333333333333334 0.9372037914691943 0.028444444444444446 0.04739336492890995
0 0.6977777777777778 0.6658767772511849 0.060444444444444245 0.08293838862559241
0 0.6604444444444444 0.8708530805687204 0.05688888888888909 0.07109004739336493
0 0.6711111111111111 0.7014218009478673 0.03911111111111111 0.04265402843601896
0 0.6355555555555555 0.14099526066350712 0.05511111111111111 0.07582938388625589
0 0.11733333333333333 0.24052132701421802 0.060444444444444446 0.08530805687203792
