0 0.8755555555555555 0.43009478672985785 0.037333333333333336 0.04739336492890995
0 0.9386666666666666 0.3424170616113744 0.032 0.037914691943127965
0 0.8888888888888888 0.4774881516587678 0.030222222222222223 0.04739336492890995
0 0.472 0.04383886255924171 0.028444444444444446 0.03317535545023697
0 0.8115555555555556 0.28554502369668244 0.024888888888888887 0.04028436018957353
0 0.7404444444444445 0.1552132701421801 0.028444444444444446 0.045023696682464455
0 0.5591111111111111 0.25118483412322273 0.04088888888888889 0.045023696682464455
0 0.9706666666666667 0.5888625592417062 0.02666666666666667 0.04739336492890995
0 0.3342222222222222 0.6101895734597157 0.03911111111111111 0.06398104265402843
0 0.6284444444444445 0.31161137440758296 0.049777777777777775 0.06635071090047394
0 0.44266666666666665 0.0971563981042654 0.037333333333333336 0.052132701421800945
0 0.8675555555555555 0.22274881516587677 0.02311111111111111 0.03317535545023697
0 0.15644444444444444 0.20260663507109006 0.037333333333333336 0.054502369668246446
0 0.7831111111111111 0.07227488151658767 0.030222222222222223 0.030805687203791468
0 0.4666666666666667 0.3447867298578199 0.04088888888888889 0.061611374407582936
0 0.9217777777777778 0.20734597156398105 0.024888888888888887 0.035545023696682464
0 0.632 0.4443127962085308 0.037333333333333336 0.061611374407582936
0 0.9368888888888889 0.4609004739336493 0.021333333333333333 0.037914691943127965
0 0.4968888888888889 0.3981042654028436 0.051555555555555556 0.07109004739336493
0 0.72 0.8661137440758294 0.044444444444444446 0.06872037914691943
0 0.20977777777777779 0.8874407582938388 0.06933333333333333 0.0947867298578199
0 0.696 0.2962085308056872 0.035555555555555556 0.04976303317535545
0 0.7262222222222222 0.1018957345971564 0.02666666666666667 0.030805687203791468
0 0.39022222222222225 0.027251184834123223 0.02844444444444434 0.04028436018957346
0 0.416 0.052132701421800945 0.033777777777777775 0.04265402843601896
0 0.9004444444444445 0.8827014218009479 0.048 0.05924170616113744
0 0.9608888888888889 0.4466824644549763 0.030222222222222223 0.03317535545023697
0 0.7306666666666667 0.07701421800947868 0.02666666666666667 0.03317535545023697
0 0.9262222222222222 0.9691943127962085 0.02311111111111111 0.04739336492890995
0 0.8417777777777777 0.24407582938388625 0.024888888888888887 0.035545023696682464
0 0.7146666666666667 0.8009478672985783 0.05333333333333334 0.08530805687203792
0 0.8577777777777778 0.6267772511848341 0.06222222222222222 0.08767772511848342
0 0.6835555555555556 0.3933649289099526 0.037333333333333336 0.04976303317535545
0 0.144 0.9253554502369669 0.08533333333333333 0.0971563981042654
