0 0.4151111111111111 0.9845971563981043 0.03911111111111111 0.04739336492890995
0 0.6568888888888889 0.4395734597156398 0.044444444444444446 0.06635071090047394
0 0.7093333333333334 0.7488151658767772 0.044444444444444446 0.05687203791469194
0 0.3208888888888889 0.03317535545023697 0.05511111111111111 0.07582938388625593
0 0.7982222222222223 0.7334123222748815 0.03733333333333313 0.04976303317535545
0 0.4266666666666667 0.8530805687203792 0.05866666666666657 0.07819905213270142
0 0.8275555555555556 0.3803317535545024 0.064 0.09004739336492891
0 0.8346666666666667 0.9123222748815166 0.042666666666666665 0.06398104265402843
0 0.5093333333333333 0.01066350710900474 0.035555555555555556 0.03317535545023697
0 0.5946666666666667 0.6149289099526066 0.04622222222222222 0.05924170616113744
0 0.42577777777777776 0.04976303317535545 0.049777777777777775 0.08056872037914692
0 0.6808888888888889 0.15165876777251186 0.060444444444444446 0.08056872037914692
0 0.06488888888888888 0.9348341232227488 0.044444444444444446 0.07345971563981042
0 0.22666666666666666 0.2796208530805687 0.051555555555555556 0.07582938388625593
0 0.776 0.8424170616113744 0.044444444444444446 0.054502369668246446
0 0.9555555555555556 0.4727488151658768 0.05333333333333334 0.06635071090047394
0 0.8808888888888889 0.7393364928909952 0.05688888888888868 0.06398104265402843
0 0.9191111111111111 0.2109004739336493 0.06577777777777778 0.08530805687203792
0 0.6817777777777778 0.5213270142180095 0.042666666666666665 0.05450236966824631
0 0.9502222222222222 0.764218009478673 0.033777777777777775 0.030805687203791468
0 0.3973333333333333 0.7535545023696683 0.032 0.04265402843601896
