0 0.7777777777777778 0.495260663507109 0.044444444444444446 0.05687203791469194
0 0.39022222222222225 0.2677725118483412 0.03911111111111101 0.04976303317535545
0 0.9217777777777778 0.2618483412322275 0.035555555555555556 0.035545023696682464
0 0.1537777777777778 0.1338862559241706 0.02311111111111106 0.030805687203791468
0 0.6915555555555556 0.3815165876777251 0.044444444444444446 0.045023696682464455
0 0.41244444444444445 0.7061611374407583 0.05688888888888889 0.05924170616113744
0 0.5306666666666666 0.26066350710900477 0.032 0.037914691943127896
0 0.48 0.16943127962085308 0.030222222222222223 0.037914691943127965
0 0.3502222222222222 0.0995260663507109 0.030222222222222223 0.030805687203791468
0 0.40355555555555556 0.8376777251184834 0.06222222222222222 0.07109004739336493
0 0.5128888888888888 0.1457345971563981 0.030222222222222223 0.035545023696682464
0 0.7875555555555556 0.3127962085308057 0.03911111111111111 0.054502369668246446
0 0.6115555555555555 0.026066350710900472 0.032 0.045023696682464455
0 0.664 0.5971563981042654 0.04088888888888889 0.05450236966824658
0 0.7351111111111112 0.6943127962085308 0.04088888888888889 0.052132701421800945
0 0.7617777777777778 0.5533175355450237 0.051555555555555556 0.052132701421800945
