0 0.5297777777777778 0.07345971563981042 0.042666666666666665 0.07345971563981045
0 0.49777777777777776 0.016587677725118485 0.05688888888888889 0.061611374407582936
0 0.8204444444444444 0.4218009478672986 0.03911111111111111 0.054502369668246446
0 0.9288888888888889 0.13270142180094788 0.05333333333333334 0.05924170616113741
0 0.6382222222222222 0.0971563981042654 0.04622222222222222 0.07109004739336493
0 0.7306666666666667 0.518957345971564 0.044444444444444446 0.05687203791469194
0 0.984 0.7369668246445498 0.037333333333333336 0.04739336492890995
0 0.6844444444444444 0.6350710900473934 0.048 0.07109004739336493
0 0.6791111111111111 0.6990521327014217 0.049777777777777775 0.06872037914691943
0 0.624 0.011848341232227487 0.02666666666666667 0.030805687203791468
0 0.8693333333333333 0.17061611374407584 0.048 0.04976303317535545
0 0.5262222222222223 0.5248815165876777 0.048 0.07345971563981056
0 0.9066666666666666 0.9490521327014217 0.04622222222222222 0.04976303317535545
0 0.6026666666666667 0.3447867298578199 0.042666666666666665 0.08530805687203792
0 0.9315555555555556 0.07109004739336493 0.044444444444444446 0.04265402843601896
0 0.8924444444444445 0.8246445497630331 0.042666666666666665 0.030805687203791468
0 0.33866666666666667 0.8518957345971564 0.07466666666666667 0.0971563981042654
0 0.456 0.054502369668246446 0.048 0.04976303317535545
0 0.8462222222222222 0.7322274881516587 0.04622222222222222 0.06398104265402843
0 0.7982222222222223 0.7132701421800948 0.03911111111111091 0.05924170616113744
0 0.8515555555555555 0.6208530805687204 0.049777777777777775 0.06872037914691943
0 0.048 0.669431279620853 0.08888888888888889 0.0924170616113744
0 0.5004444444444445 0.23933649289099526 0.051555555555555556 0.06872037914691943
0 0.8097777777777778 0.19194312796208532 0.035555555555555556 0.04739336492890995
