0 0.288 0.1872037914691943 0.030222222222222223 0.035545023696682464
0 0.15022222222222223 0.0462085308056872 0.02311111111111111 0.026066350710900472
0 0.21688888888888888 0.235781990521327 0.035555555555555556 0.05687203791469194
0 0.41688888888888886 0.17772511848341233 0.032 0.030805687203791468
0 0.07555555555555556 0.11966824644549763 0.021333333333333333 0.02843601895734597
0 0.09955555555555555 0.12677725118483413 0.024888888888888887 0.030805687203791468
0 0.29244444444444445 0.31161137440758296 0.035555555555555556 0.052132701421800945
0 0.3768888888888889 0.0924170616113744 0.02666666666666667 0.04739336492890995
0 0.25422222222222224 0.3175355450236967 0.03911111111111111 0.04739336492890995
0 0.09244444444444444 0.33886255924170616 0.02666666666666667 0.030805687203791468
0 0.6462222222222223 0.5023696682464455 0.048 0.061611374407582936
0 0.12 0.28199052132701424 0.024888888888888887 0.030805687203791402
0 0.6408888888888888 0.3981042654028436 0.03911111111111111 0.04976303317535545
0 0.5973333333333334 0.3909952606635071 0.04088888888888889 0.05924170616113744
0 0.8355555555555556 0.36729857819905215 0.0319999999999998 0.04739336492890995
0 0.10666666666666667 0.45260663507109006 0.030222222222222195 0.04739336492890995
0 0.016 0.1018957345971564 0.024888888888888887 0.037914691943127965
0 0.20977777777777779 0.3127962085308057 0.033777777777777775 0.04265402843601896
0 0.16444444444444445 0.02843601895734597 0.02311111111111111 0.026066350710900472
0 0.2311111111111111 0.02962085308056872 0.02311111111111111 0.02843601895734597
0 0.4071111111111111 0.27488151658767773 0.037333333333333336 0.052132701421800945
0 0.17244444444444446 0.16943127962085308 0.030222222222222223 0.04265402843601896
0 0.6088888888888889 0.49881516587677727 0.04088888888888889 0.05687203791469194
0 0.1902222222222222 0.4324644549763033 0.042666666666666714 0.06872037914691943
0 0.08977777777777778 0.2772511848341232 0.02311111111111111 0.03317535545023703
0 0.15644444444444444 0.9289099526066351 0.049777777777777775 0.08530805687203792
0 0.23555555555555555 0.26540284360189575 0.02666666666666667 0.04028436018957339
0 0.48088888888888887 0.6255924170616114 0.051555555555555556 0.07819905213270142
0 0.049777777777777775 0.46800947867298576 0.028444444444444446 0.02843601895734597
