0 0.4711111111111111 0.39691943127962087 0.024888888888888887 0.06398104265402843
0 0.6106666666666667 0.20853080568720378 0.05333333333333334 0.052132701421800945
0 0.9822222222222222 0.1504739336492891 0.064 0.0924170616113744
0 0.7102222222222222 0.01066350710900474 0.049777777777777775 0.04739336492890995
0 0.6346666666666667 0.045023696682464455 0.07111111111111111 0.06635071090047394
0 0.6702222222222223 0.707345971563981 0.060444444444444245 0.07345971563981042
0 0.2702222222222222 0.44786729857819907 0.05333333333333334 0.07582938388625593
0 0.16533333333333333 0.43838862559241704 0.06222222222222222 0.07109004739336493
0 0.25955555555555554 0.3175355450236967 0.049777777777777775 0.054502369668246446
0 0.48355555555555557 0.19075829383886256 0.049777777777777775 0.054502369668246446
0 0.24266666666666667 0.48578199052132703 0.04088888888888889 0.052132701421800945
0 0.464 0.04265402843601896 0.035555555555555556 0.04976303317535545
0 0.3164444444444444 0.8542654028436019 0.04977777777777788 0.06872037914691943
0 0.43555555555555553 0.16113744075829384 0.02488888888888899 0.026066350710900472
0 0.2995555555555556 0.41113744075829384 0.04088888888888889 0.07582938388625593
0 0.4017777777777778 0.38744075829383884 0.05511111111111111 0.06872037914691943
0 0.24266666666666667 0.04383886255924171 0.06933333333333333 0.0947867298578199
0 0.1751111111111111 0.5545023696682464 0.028444444444444446 0.04976303317535558
0 0.152 0.523696682464455 0.05511111111111111 0.07345971563981042
0 0.496 0.5722748815165877 0.035555555555555556 0.04976303317535545
