0 0.9777777777777777 0.5936018957345972 0.035555555555555556 0.04028436018957333
0 0.9697777777777777 0.9407582938388626 0.032 0.05687203791469194
0 0.352 0.768957345971564 0.048 0.045023696682464455
0 0.872 0.15402843601895735 0.037333333333333336 0.052132701421800945
0 0.7848888888888889 0.2665876777251185 0.021333333333333333 0.037914691943127965
0 0.18844444444444444 0.31990521327014215 0.05333333333333334 0.06872037914691943
0 0.22933333333333333 0.3957345971563981 0.049777777777777775 0.07582938388625593
0 0.1831111111111111 0.8590047393364929 0.051555555555555556 0.04265402843601896
0 0.6551111111111111 0.6386255924170616 0.04622222222222222 0.06635071090047394
0 0.39111111111111113 0.4928909952606635 0.051555555555555556 0.07109004739336493
0 0.10933333333333334 0.7393364928909952 0.05511111111111111 0.052132701421800945
0 0.5511111111111111 0.6765402843601895 0.049777777777777775 0.06872037914691943
0 0.7555555555555555 0.768957345971564 0.030222222222222223 0.04739336492890995
0 0.7751111111111111 0.8827014218009479 0.035555555555555556 0.04976303317535545
0 0.9591111111111111 0.08530805687203792 0.024888888888888887 0.035545023696682464
0 0.8222222222222222 0.07109004739336493 0.044444444444444446 0.06398104265402843
0 0.7333333333333333 0.3222748815165877 0.042666666666666866 0.05924170616113744
0 0.488 0.24644549763033174 0.051555555555555556 0.04739336492890995
0 0.8355555555555556 0.1481042654028436 0.0319999999999998 0.045023696682464455
0 0.25955555555555554 0.17298578199052134 0.044444444444444446 0.05687203791469194
0 0.9848888888888889 0.2037914691943128 0.035555555555555556 0.04265402843601896
0 0.8693333333333333 0.6244075829383886 0.028444444444444446 0.037914691943127965
0 0.704 0.14099526066350712 0.06755555555555555 0.09004739336492888
0 0.14666666666666667 0.06042654028436019 0.04622222222222222 0.05924170616113744
0 0.3368888888888889 0.2476303317535545 0.049777777777777775 0.052132701421800945
0 0.312 0.8139810426540285 0.064 0.07345971563981042
0 0.832 0.6315165876777251 0.02666666666666667 0.04265402843601896
0 0.19733333333333333 0.9644549763033176 0.04622222222222222 0.04028436018957346
