0 0.7253333333333334 0.981042654028436 0.05511111111111091 0.04739336492890995
0 0.6933333333333334 0.9028436018957346 0.037333333333333336 0.05924170616113744
0 0.056 0.9004739336492891 0.05688888888888889 0.05924170616113744
0 0.5155555555555555 0.6291469194312796 0.037333333333333336 0.06872037914691943
0 0.6951111111111111 0.8234597156398105 0.058666666666666666 0.07819905213270142
0 0.8604444444444445 0.6575829383886256 0.042666666666666665 0.05924170616113744
0 0.8364444444444444 0.39691943127962087 0.033777777777777775 0.054502369668246446
0 0.7706666666666667 0.54739336492891 0.044444444444444245 0.05213270142180081
0 0.8026666666666666 0.11018957345971564 0.032 0.045023696682464455
0 0.76 0.005924170616113744 0.03911111111111111 0.035545023696682464
0 0.7564444444444445 0.6587677725118484 0.044444444444444446 0.05924170616113744
0 0.6293333333333333 0.009478672985781991 0.032 0.026066350710900472
0 0.9484444444444444 0.8732227488151659 0.05333333333333334 0.08293838862559241
0 0.8871111111111111 0.11255924170616113 0.049777777777777775 0.06635071090047394
0 0.5715555555555556 0.015402843601895734 0.037333333333333336 0.04265402843601896
0 0.7395555555555555 0.5687203791469194 0.028444444444444446 0.052132701421800945
0 0.888 0.027251184834123223 0.02311111111111111 0.04265402843601896
