0 0.21066666666666667 0.17298578199052134 0.06577777777777778 0.06872037914691943
0 0.2693333333333333 0.6184834123222749 0.021333333333333333 0.02132701421800948
0 0.23377777777777778 0.7239336492890995 0.019555555555555555 0.026066350710900472
0 0.8746666666666667 0.45023696682464454 0.032 0.03317535545023697
0 0.608 0.5509478672985783 0.02311111111111111 0.030805687203791333
0 0.624 0.4099526066350711 0.02311111111111111 0.037914691943127965
0 0.26844444444444443 0.5675355450236966 0.017777777777777778 0.02369668246445511
0 0.5093333333333333 0.8850710900473934 0.02311111111111111 0.030805687203791468
0 0.31377777777777777 0.6232227488151659 0.021333333333333333 0.035545023696682464
0 0.6657777777777778 0.5770142180094787 0.021333333333333333 0.03554502369668233
0 0.6115555555555555 0.6682464454976303 0.021333333333333333 0.035545023696682464
0 0.5022222222222222 0.7345971563981043 0.024888888888888887 0.023696682464454975
0 0.30844444444444447 0.8329383886255924 0.024888888888888887 0.037914691943127965
0 0.408 0.7890995260663507 0.02488888888888899 0.03317535545023697
0 0.43466666666666665 0.5177725118483413 0.021333333333333333 0.030805687203791333
0 0.632 0.523696682464455 0.024888888888888887 0.037914691943127965
0 0.4524444444444444 0.7239336492890995 0.016 0.030805687203791468
0 0.29333333333333333 0.8827014218009479 0.019555555555555555 0.037914691943127965
0 0.13955555555555554 0.6872037914691943 0.019555555555555555 0.030805687203791468
0 0.49422222222222223 0.9312796208530806 0.021333333333333333 0.026066350710900472
0 0.528 0.7665876777251185 0.02311111111111111 0.035545023696682464
0 0.7351111111111112 0.5592417061611374 0.019555555555555555 0.02843601895734597
