0 0.4746666666666667 0.30450236966824645 0.05688888888888889 0.07345971563981042
0 0.7191111111111111 0.2037914691943128 0.058666666666666666 0.08767772511848342
0 0.16 0.5770142180094787 0.028444444444444446 0.03554502369668233
0 0.6151111111111112 0.5071090047393365 0.06933333333333314 0.1018957345971564
0 0.12977777777777777 0.6362559241706162 0.037333333333333336 0.045023696682464455
0 0.8924444444444445 0.792654028436019 0.035555555555555556 0.04739336492890995
0 0.2791111111111111 0.28791469194312796 0.017777777777777778 0.02843601895734597
0 0.8942222222222223 0.6078199052132701 0.08355555555555555 0.07345971563981042
0 0.9057777777777778 0.34360189573459715 0.048 0.08530805687203792
0 0.768 0.783175355450237 0.05511111111111111 0.052132701421800945
0 0.824 0.3542654028436019 0.05511111111111111 0.08293838862559241
0 0.45866666666666667 0.4028436018957346 0.051555555555555556 0.07582938388625593
0 0.9306666666666666 0.17298578199052134 0.042666666666666665 0.06398104265402843
0 0.5333333333333333 0.7286729857819905 0.05511111111111111 0.061611374407582936
0 0.39111111111111113 0.3187203791469194 0.051555555555555556 0.06635071090047394
