0 0.8755555555555555 0.5390995260663507 0.05688888888888889 0.054502369668246446
0 0.6133333333333333 0.33767772511848343 0.044444444444444446 0.06872037914691943
0 0.022222222222222223 0.13507109004739337 0.05688888888888889 0.08530805687203792
0 0.1582222222222222 0.49170616113744076 0.05511111111111116 0.054502369668246446
0 0.8435555555555555 0.8921800947867299 0.030222222222222424 0.04028436018957346
0 0.584 0.7109004739336493 0.03911111111111111 0.05924170616113744
0 0.4915555555555556 0.5118483412322274 0.04622222222222222 0.05450236966824658
0 0.7484444444444445 0.4537914691943128 0.048 0.052132701421800945
0 0.504 0.26421800947867297 0.049777777777777775 0.066350710900474
0 0.5013333333333333 0.5995260663507109 0.04088888888888889 0.061611374407582936
0 0.27555555555555555 0.28672985781990523 0.060444444444444446 0.07345971563981035
0 0.37777777777777777 0.18127962085308058 0.07111111111111111 0.0995260663507109
0 0.5742222222222222 0.8921800947867299 0.044444444444444446 0.061611374407582936
0 0.8924444444444445 0.659952606635071 0.032 0.08767772511848342
0 0.20266666666666666 0.6457345971563981 0.06933333333333333 0.08530805687203792
0 0.34844444444444445 0.8838862559241706 0.037333333333333336 0.054502369668246446
0 0.8871111111111111 0.0509478672985782 0.06933333333333333 0.08293838862559241
0 0.4568888888888889 0.8009478672985783 0.033777777777777775 0.06635071090047394
0 0.992 0.45734597156398105 0.02311111111111111 0.04739336492890995
0 0.09244444444444444 0.4514218009478673 0.032 0.04265402843601896
0 0.39022222222222225 0.9727488151658767 0.0479999999999999 0.06872037914691943
0 0.5671111111111111 0.514218009478673 0.04088888888888889 0.04502369668246432
0 0.8648888888888889 0.34834123222748814 0.06577777777777778 0.05687203791469194
0 0.6968888888888889 0.49881516587677727 0.058666666666666666 0.06872037914691943
0 0.4071111111111111 0.6303317535545023 0.044444444444444446 0.07109004739336493
0 0.9635555555555556 0.15758293838862558 0.05688888888888889 0.07345971563981042
0 0.5644444444444444 0.25829383886255924 0.049777777777777775 0.07109004739336493
0 0.30577777777777776 0.18246445497630331 0.06933333333333333 0.0971563981042654
0 0.059555555555555556 0.48578199052132703 0.044444444444444446 0.04028436018957346
0 0.37777777777777777 0.25 0.05511111111111111 0.07582938388625593
0 0.5928888888888889 0.45023696682464454 0.028444444444444446 0.04976303317535545
0 0.058666666666666666 0.6563981042654028 0.064 0.06635071090047394
0 0.9911111111111112 0.5355450236966824 0.028444444444444446 0.05924170616113744
0 0.344 0.07345971563981042 0.060444444444444544 0.06398104265402846
0 0.4497777777777778 0.9751184834123223 0.044444444444444446 0.06398104265402843
0 0.5555555555555556 0.990521327014218 0.05511111111111111 0.061611374407582936
0 0.058666666666666666 0.5367298578199052 0.064 0.06635071090047394
0 0.3537777777777778 0.38744075829383884 0.044444444444444446 0.04976303317535545
0 0.9662222222222222 0.5936018957345972 0.064 0.08056872037914678
0 0.09333333333333334 0.12796208530805686 0.06755555555555555 0.07582938388625596
