1 0.9928888888888889 0.79739336492891 0.06933333333333333 0.07345971563981042
1 0.7395555555555555 0.04028436018957346 0.11377777777777778 0.0995260663507109
1 0.1288888888888889 0.7855450236966824 0.10311111111111111 0.12559241706161137
1 0.08088888888888889 0.5035545023696683 0.051555555555555556 0.045023696682464455
1 0.2871111111111111 0.3281990521327014 0.033777777777777775 0.08767772511848342
1 0.23466666666666666 0.2914691943127962 0.032 0.04028436018957346
1 0.6097777777777778 0.054502369668246446 0.11555555555555555 0.12559241706161137
1 0.4533333333333333 0.8033175355450237 0.11377777777777778 0.12322274881516587
1 0.25333333333333335 0.5781990521327014 0.06933333333333333 0.0995260663507109
1 0.027555555555555555 0.22274881516587677 0.049777777777777775 0.07109004739336493
1 0.22755555555555557 0.4549763033175355 0.058666666666666666 0.09004739336492891
1 0.015111111111111112 0.08767772511848342 0.02666666666666667 0.04976303317535545
1 0.5093333333333333 0.6516587677725119 0.1351111111111111 0.17772511848341233
1 0.4222222222222222 0.014218009478672985 0.07111111111111111 0.030805687203791468
