1 0.8942222222222223 0.17535545023696683 0.033777777777777775 0.04976303317535545
0 0.2693333333333333 0.542654028436019 0.051555555555555556 0.08293838862559241
0 0.7751111111111111 0.278436018957346 0.05333333333333334 0.07345971563981042
1 0.6293333333333333 0.8696682464454977 0.060444444444444446 0.0971563981042654
1 0.8977777777777778 0.7796208530805687 0.049777777777777775 0.07345971563981042
1 0.8364444444444444 0.10900473933649289 0.033777777777777775 0.05924170616113744
1 0.32 0.6611374407582938 0.08177777777777778 0.1066350710900474
1 0.5182222222222223 0.8175355450236966 0.07288888888888889 0.0971563981042654
1 0.576 0.5710900473933649 0.07644444444444444 0.09952606635071104
1 0.6533333333333333 0.04028436018957346 0.048 0.06635071090047394
0 0.051555555555555556 0.28554502369668244 0.05333333333333334 0.0687203791469195
0 0.8284444444444444 0.4158767772511848 0.04088888888888889 0.07819905213270142
0 0.2613333333333333 0.4786729857819905 0.04977777777777788 0.07819905213270142
0 0.10577777777777778 0.7808056872037915 0.08533333333333333 0.0947867298578199
