1 0.5084444444444445 0.08649289099526067 0.06933333333333333 0.08530805687203792
0 0.6053333333333333 0.3578199052132701 0.05155555555555576 0.07819905213270142
0 0.9733333333333334 0.13744075829383887 0.05333333333333334 0.08530805687203792
0 0.035555555555555556 0.3815165876777251 0.048 0.05687203791469194
0 0.13422222222222221 0.4419431279620853 0.02666666666666667 0.052132701421800945
0 0.8853333333333333 0.12440758293838862 0.02666666666666667 0.04265402843601896
0 0.13066666666666665 0.5035545023696683 0.02488888888888894 0.054502369668246446
0 0.18488888888888888 0.14691943127962084 0.035555555555555556 0.06161137440758297
0 0.9306666666666666 0.20023696682464456 0.060444444444444446 0.07582938388625593
0 0.28444444444444444 0.2902843601895735 0.03911111111111111 0.07109004739336486
1 0.10044444444444445 0.3803317535545024 0.05511111111111111 0.06872037914691943
0 0.7795555555555556 0.36255924170616116 0.044444444444444446 0.05924170616113744
0 0.6702222222222223 0.4194312796208531 0.06577777777777757 0.0947867298578199
0 0.6382222222222222 0.6552132701421801 0.08711111111111111 0.11137440758293839
0 0.6275555555555555 0.13744075829383887 0.05688888888888889 0.06635071090047394
0 0.8106666666666666 0.4881516587677725 0.07466666666666667 0.11137440758293839
0 0.8088888888888889 0.278436018957346 0.051555555555555556 0.06635071090047394
