1 0.984 0.6777251184834123 0.060444444444444446 0.12322274881516587
1 0.6115555555555555 0.7085308056872038 0.05333333333333334 0.11848341232227488
0 0.608 0.6220379146919431 0.042666666666666665 0.07345971563981042
0 0.6497777777777778 0.9786729857819905 0.06755555555555555 0.0995260663507109
0 0.6702222222222223 0.235781990521327 0.026666666666666464 0.045023696682464455
0 0.9813333333333333 0.5781990521327014 0.048 0.0995260663507109
0 0.6631111111111111 0.3518957345971564 0.03911111111111111 0.06398104265402843
0 0.168 0.24644549763033174 0.05688888888888889 0.06872037914691943
0 0.14755555555555555 0.3708530805687204 0.07111111111111111 0.08056872037914692
0 0.6888888888888889 0.058056872037914695 0.02666666666666667 0.054502369668246446
1 0.060444444444444446 0.5023696682464455 0.09244444444444444 0.11374407582938388
0 0.6817777777777778 0.15165876777251186 0.035555555555555556 0.06398104265402843
0 0.042666666666666665 0.15995260663507108 0.07466666666666667 0.04265402843601896
0 0.936 0.3696682464454976 0.06577777777777778 0.0971563981042654
0 0.976 0.25829383886255924 0.07288888888888889 0.11137440758293839
0 0.376 0.07701421800947868 0.05333333333333334 0.06635071090047394
0 0.033777777777777775 0.4028436018957346 0.08533333333333333 0.1018957345971564
0 0.18844444444444444 0.509478672985782 0.03911111111111111 0.04739336492890995
0 0.45155555555555554 0.7535545023696683 0.07111111111111111 0.1018957345971564
