1 0.15555555555555556 0.17772511848341233 0.032 0.04739336492890995
1 0.43555555555555553 0.15402843601895735 0.0640000000000001 0.1066350710900474
1 0.19111111111111112 0.49881516587677727 0.08533333333333333 0.10900473933649289
0 0.6248888888888889 0.3341232227488152 0.04088888888888889 0.052132701421800945
0 0.6631111111111111 0.7417061611374408 0.060444444444444446 0.07819905213270142
0 0.6915555555555556 0.6374407582938388 0.033777777777777775 0.045023696682464455
0 0.5875555555555556 0.8601895734597157 0.03377777777777757 0.05687203791469194
0 0.3511111111111111 0.13151658767772512 0.048 0.07109004739336493
1 0.3075555555555556 0.1457345971563981 0.0639999999999999 0.09004739336492891
0 0.6657777777777778 0.5604265402843602 0.051555555555555556 0.07582938388625579
0 0.5031111111111111 0.590047393364929 0.04622222222222222 0.0592417061611373
1 0.4275555555555556 0.2725118483412322 0.048 0.07345971563981049
1 0.04533333333333334 0.693127962085308 0.03377777777777777 0.035545023696682464
0 0.49333333333333335 0.12085308056872038 0.04622222222222222 0.06635071090047394
0 0.536 0.5308056872037915 0.033777777777777775 0.061611374407582804
0 0.4533333333333333 0.3495260663507109 0.049777777777777775 0.06872037914691943
0 0.5511111111111111 0.3791469194312796 0.04622222222222222 0.08056872037914692
0 0.6222222222222222 0.3068720379146919 0.037333333333333336 0.030805687203791468
