0 0.584 0.9087677725118484 0.08711111111111111 0.11611374407582939
0 0.14755555555555555 0.22985781990521326 0.058666666666666666 0.0995260663507109
0 0.8977777777777778 0.24052132701421802 0.09066666666666667 0.08767772511848342
0 0.9875555555555555 0.28199052132701424 0.07288888888888889 0.09004739336492884
0 0.7644444444444445 0.041469194312796206 0.06755555555555555 0.0971563981042654
0 0.304 0.7559241706161137 0.05688888888888889 0.1018957345971564
0 0.2906666666666667 0.6741706161137441 0.06222222222222222 0.0995260663507109
0 0.5688888888888889 0.4312796208530806 0.07288888888888889 0.08056872037914692
0 0.3217777777777778 0.95260663507109 0.07644444444444444 0.10426540284360189
0 0.016 0.09597156398104266 0.07288888888888889 0.0924170616113744
0 0.31822222222222224 0.6161137440758294 0.05333333333333334 0.11137440758293839
0 0.8071111111111111 0.12914691943127962 0.05688888888888889 0.08530805687203792
0 0.4311111111111111 0.12796208530805686 0.037333333333333336 0.059241706161137477
0 0.10044444444444445 0.6623222748815166 0.08355555555555555 0.10426540284360189
0 0.5457777777777778 0.6504739336492891 0.06755555555555555 0.0995260663507109
0 0.56 0.33293838862559244 0.060444444444444245 0.08767772511848342
0 0.7902222222222223 0.21800947867298578 0.06222222222222222 0.08293838862559241
0 0.4737777777777778 0.32701421800947866 0.08 0.10900473933649289
0 0.9902222222222222 0.0509478672985782 0.04088888888888889 0.08056872037914692
