0 0.5182072829131653 0.20522388059701493 0.07563025210084018 0.10074626865671642
0 0.5042016806722689 0.05783582089552239 0.0700280112044818 0.09328358208955224
0 0.5168067226890757 0.35447761194029853 0.0728291316526609 0.09328358208955224
0 0.6764705882352942 0.6305970149253731 0.05042016806722689 0.07462686567164178
0 0.5840336134453782 0.10074626865671642 0.05322128851540616 0.06716417910447761
0 0.211484593837535 0.4533582089552239 0.058823529411764705 0.06716417910447761
0 0.3277310924369748 0.06902985074626866 0.0392156862745098 0.06343283582089553
0 0.8949579831932774 0.753731343283582 0.05322128851540616 0.05970149253731343
0 0.7997198879551821 0.917910447761194 0.056022408963585436 0.07462686567164178
0 0.2549019607843137 0.9832089552238806 0.06162464985994398 0.07462686567164178
0 0.27450980392156865 0.5261194029850746 0.053221288515406084 0.07835820895522388
0 0.17086834733893558 0.43656716417910446 0.03361344537815126 0.055970149253731345
0 0.15966386554621848 0.3787313432835821 0.05882352941176475 0.0708955223880597
0 0.17086834733893558 0.23134328358208955 0.04201680672268908 0.0708955223880597
