0 0.04888888888888889 0.45023696682464454 0.037333333333333336 0.052132701421800945
0 0.1448888888888889 0.3424170616113744 0.058666666666666666 0.054502369668246446
1 0.7635555555555555 0.31990521327014215 0.08888888888888889 0.13981042654028436
0 0.3164444444444444 0.976303317535545 0.06755555555555566 0.10426540284360189
0 0.6684444444444444 0.5687203791469194 0.08888888888888889 0.11374407582938388
0 0.16 0.18127962085308058 0.033777777777777775 0.052132701421800945
1 0.43822222222222224 0.9845971563981043 0.07288888888888889 0.08530805687203792
0 0.14755555555555555 0.6386255924170616 0.09244444444444444 0.0995260663507109
1 0.5831111111111111 0.7748815165876777 0.12088888888888889 0.16587677725118483
0 0.52 0.8210900473933649 0.064 0.11137440758293839
0 0.4746666666666667 0.08056872037914692 0.051555555555555556 0.07109004739336493
0 0.7164444444444444 0.15639810426540285 0.07644444444444444 0.10426540284360189
