1 0.12088888888888889 0.18246445497630331 0.024888888888888887 0.03317535545023697
1 0.48355555555555557 0.38270142180094785 0.064 0.08530805687203792
0 0.3662222222222222 0.03317535545023697 0.019555555555555555 0.023696682464454968
1 0.8026666666666666 0.08056872037914692 0.033777777777777775 0.04976303317535545
1 0.07022222222222223 0.4431279620853081 0.02666666666666667 0.035545023696682464
0 0.5608888888888889 0.017772511848341232 0.017777777777777778 0.023696682464454975
1 0.12266666666666666 0.4194312796208531 0.033777777777777775 0.037914691943127965
1 0.6595555555555556 0.1362559241706161 0.017777777777777778 0.026066350710900507
0 0.6133333333333333 0.13744075829383887 0.02311111111111111 0.030805687203791468
0 0.6702222222222223 0.11611374407582939 0.024888888888888686 0.026066350710900472
1 0.5902222222222222 0.22274881516587677 0.048 0.07109004739336493
0 0.44177777777777777 0.4928909952606635 0.044444444444444446 0.05924170616113744
0 0.49244444444444446 0.3305687203791469 0.033777777777777775 0.04028436018957346
1 0.22577777777777777 0.11611374407582939 0.021333333333333333 0.02843601895734597
0 0.5493333333333333 0.02962085308056872 0.017777777777777778 0.02843601895734597
0 0.2311111111111111 0.15876777251184834 0.019555555555555555 0.02843601895734597
0 0.24888888888888888 0.23696682464454977 0.019555555555555555 0.02843601895734597
1 0.21333333333333335 0.8021327014218009 0.021333333333333284 0.02843601895734597
1 0.7511111111111111 0.1848341232227488 0.030222222222222223 0.035545023696682464
1 0.8604444444444445 0.10900473933649289 0.028444444444444446 0.035545023696682464
1 0.09244444444444444 0.5497630331753555 0.024888888888888887 0.037914691943127965
0 0.21333333333333335 0.18838862559241706 0.021333333333333284 0.02843601895734597
0 0.7546666666666667 0.3921800947867299 0.028444444444444446 0.037914691943127965
0 0.536 0.10781990521327015 0.02666666666666667 0.03317535545023697
1 0.3546666666666667 0.09597156398104266 0.019555555555555555 0.03317535545023697
1 0.864 0.283175355450237 0.05511111111111111 0.07345971563981042
1 0.6613333333333333 0.0485781990521327 0.02311111111111111 0.030805687203791468
0 0.5333333333333333 0.8578199052132701 0.049777777777777775 0.052132701421800945
1 0.3022222222222222 0.792654028436019 0.024888888888888887 0.054502369668246446
0 0.5191111111111111 0.005924170616113744 0.024888888888888887 0.030805687203791468
0 0.6764444444444444 0.9490521327014217 0.07111111111111111 0.10426540284360189
1 0.22133333333333333 0.2725118483412322 0.024888888888888887 0.03317535545023703
0 0.4968888888888889 0.02014218009478673 0.02311111111111111 0.026066350710900472
0 0.8782222222222222 0.976303317535545 0.08533333333333333 0.11611374407582939
1 0.010666666666666666 0.4976303317535545 0.032 0.037914691943127965
0 0.6791111111111111 0.03317535545023697 0.017777777777777778 0.026066350710900466
1 0.64 0.0071090047393364926 0.037333333333333336 0.023696682464454975
0 0.44355555555555554 0.45734597156398105 0.037333333333333336 0.04265402843601896
0 0.4266666666666667 0.7239336492890995 0.05155555555555545 0.07582938388625593
1 0.11822222222222223 0.2334123222748815 0.030222222222222223 0.04265402843601896
1 0.022222222222222223 0.8222748815165877 0.049777777777777775 0.04976303317535545
1 0.088 0.6291469194312796 0.032 0.03317535545023697
0 0.7191111111111111 0.17772511848341233 0.02311111111111111 0.026066350710900472
0 0.43822222222222224 0.1338862559241706 0.024888888888888887 0.02843601895734597
1 0.10577777777777778 0.5995260663507109 0.02311111111111111 0.04028436018957346
0 0.4888888888888889 0.004739336492890996 0.02666666666666667 0.016587677725118485
1 0.6346666666666667 0.08649289099526067 0.019555555555555555 0.026066350710900472
1 0.8568888888888889 0.16350710900473933 0.02666666666666667 0.04028436018957346
