0 0.9191111111111111 0.6741706161137441 0.028444444444444446 0.05687203791469194
0 0.3342222222222222 0.30450236966824645 0.024888888888888887 0.023696682464454975
0 0.16 0.6457345971563981 0.016 0.030805687203791468
0 0.20266666666666666 0.47985781990521326 0.021333333333333333 0.03317535545023697
0 0.7404444444444445 0.23104265402843602 0.019555555555555555 0.02843601895734597
0 0.43377777777777776 0.7784360189573459 0.024888888888888887 0.037914691943127965
0 0.6631111111111111 0.47511848341232227 0.04088888888888889 0.06635071090047394
0 0.7413333333333333 0.2014218009478673 0.02666666666666667 0.03317535545023697
0 0.7662222222222222 0.2559241706161137 0.042666666666666665 0.054502369668246516
1 0.4871111111111111 0.6635071090047393 0.04088888888888889 0.045023696682464455
0 0.8106666666666666 0.11848341232227488 0.021333333333333333 0.026066350710900472
