0 0.8302222222222222 0.7677725118483413 0.09066666666666667 0.16350710900473933
0 0.07733333333333334 0.0947867298578199 0.044444444444444446 0.06635071090047394
0 0.736 0.22393364928909953 0.04088888888888889 0.061611374407582936
0 0.3413333333333333 0.09004739336492891 0.037333333333333336 0.037914691943127965
0 0.19822222222222222 0.6575829383886256 0.05511111111111111 0.08767772511848342
0 0.24888888888888888 0.33175355450236965 0.019555555555555555 0.04028436018957346
0 0.352 0.235781990521327 0.06577777777777778 0.1018957345971564
0 0.6968888888888889 0.11729857819905214 0.08 0.11848341232227488
0 0.6551111111111111 0.3104265402843602 0.051555555555555556 0.0947867298578199
0 0.5431111111111111 0.04265402843601896 0.07466666666666667 0.0947867298578199
0 0.2942222222222222 0.026066350710900472 0.05511111111111111 0.06635071090047394
1 0.432 0.9845971563981043 0.12444444444444444 0.10426540284360189
0 0.7022222222222222 0.7808056872037915 0.06933333333333333 0.0995260663507109
0 0.12266666666666666 0.008293838862559242 0.058666666666666666 0.03317535545023697
0 0.6204444444444445 0.18364928909952608 0.06577777777777778 0.0971563981042654
0 0.4533333333333333 0.2890995260663507 0.035555555555555556 0.061611374407582936
0 0.264 0.2962085308056872 0.024888888888888887 0.04265402843601896
1 0.028444444444444446 0.31398104265402843 0.09955555555555555 0.13507109004739337
0 0.15644444444444444 0.33886255924170616 0.07111111111111111 0.08293838862559241
0 0.37866666666666665 0.36611374407582936 0.060444444444444446 0.07819905213270142
0 0.22311111111111112 0.026066350710900472 0.04622222222222222 0.04976303317535545
