0 0.736 0.659952606635071 0.030222222222222223 0.052132701421800945
0 0.2995555555555556 0.014218009478672985 0.033777777777777775 0.04739336492890995
0 0.384 0.23104265402843602 0.05511111111111111 0.06872037914691943
0 0.019555555555555555 0.3791469194312796 0.044444444444444446 0.05924170616113744
0 0.049777777777777775 0.43009478672985785 0.07644444444444444 0.0971563981042654
0 0.6328888888888888 0.6966824644549763 0.07644444444444465 0.1018957345971564
0 0.39466666666666667 0.38270142180094785 0.042666666666666665 0.04028436018957346
0 0.42844444444444446 0.36018957345971564 0.037333333333333336 0.052132701421800945
0 0.18577777777777776 0.1362559241706161 0.0764444444444445 0.07345971563981046
0 0.3537777777777778 0.6765402843601895 0.04622222222222222 0.09004739336492891
0 0.992 0.45260663507109006 0.05333333333333334 0.08530805687203792
0 0.12088888888888889 0.5213270142180095 0.049777777777777775 0.061611374407582804
