0 0.9705882352941176 0.9067164179104478 0.058823529411764705 0.08208955223880597
0 0.9719887955182073 0.16417910447761194 0.06162464985994398 0.09328358208955224
0 0.23529411764705882 0.06343283582089553 0.03361344537815126 0.055970149253731345
0 0.6512605042016807 0.19776119402985073 0.06442577030812324 0.08208955223880597
0 0.41316526610644255 0.333955223880597 0.05042016806722689 0.05970149253731343
0 0.11904761904761904 0.39925373134328357 0.0392156862745098 0.048507462686567165
0 0.22268907563025211 0.23134328358208955 0.028011204481792718 0.05223880597014925
0 0.2703081232492997 0.04291044776119403 0.056022408963585436 0.08208955223880597
0 0.6932773109243697 0.15858208955223882 0.056022408963585436 0.07835820895522383
0 0.5238095238095238 0.3675373134328358 0.06162464985994398 0.07462686567164178
