0 0.4222222222222222 0.09834123222748815 0.051555555555555556 0.04265402843601896
0 0.8097777777777778 0.49644549763033174 0.07822222222222222 0.11611374407582939
0 0.8657777777777778 0.6706161137440758 0.07288888888888889 0.0971563981042654
0 0.296 0.7855450236966824 0.07466666666666667 0.09004739336492891
0 0.2222222222222222 0.7962085308056872 0.07288888888888889 0.04976303317535545
0 0.3511111111111111 0.2109004739336493 0.05688888888888889 0.052132701421800945
0 0.904 0.7796208530805687 0.08355555555555555 0.11137440758293839
0 0.3831111111111111 0.5556872037914692 0.08 0.0971563981042654
0 0.17866666666666667 0.3590047393364929 0.06933333333333333 0.05924170616113744
0 0.2 0.990521327014218 0.044444444444444446 0.054502369668246446
0 0.7048888888888889 0.07582938388625593 0.02666666666666667 0.03317535545023697
0 0.8186666666666667 0.6718009478672986 0.042666666666666665 0.07819905213270142
0 0.29777777777777775 0.6327014218009479 0.09066666666666677 0.12796208530805686
0 0.5511111111111111 0.5770142180094787 0.05333333333333334 0.04976303317535558
0 0.35733333333333334 0.14336492890995262 0.06933333333333333 0.05450236966824641
