0 0.2647058823529412 0.2966417910447761 0.058823529411764705 0.08208955223880597
0 0.33053221288515405 0.3675373134328358 0.04201680672268908 0.05223880597014925
0 0.5742296918767507 0.1921641791044776 0.03361344537815142 0.04477611940298507
0 0.6988795518207283 0.1791044776119403 0.05042016806722705 0.05223880597014925
0 0.3235294117647059 0.31529850746268656 0.03361344537815126 0.05970149253731343
0 0.1876750700280112 0.20522388059701493 0.047619047619047616 0.041044776119402986
0 0.3711484593837535 0.38992537313432835 0.06162464985994398 0.06343283582089553
0 0.2857142857142857 0.20708955223880596 0.047619047619047616 0.06343283582089553
0 0.6610644257703081 0.13992537313432835 0.058823529411764705 0.0708955223880597
0 0.5896358543417367 0.16044776119402984 0.03361344537815126 0.033582089552238806
0 0.44537815126050423 0.12313432835820895 0.058823529411764705 0.07462686567164178
0 0.634453781512605 0.2294776119402985 0.0392156862745098 0.055970149253731345
0 0.4327731092436975 0.018656716417910446 0.058823529411764705 0.06716417910447761
0 0.5364145658263305 0.18097014925373134 0.036414565826330535 0.04477611940298507
0 0.6190476190476191 0.16791044776119404 0.03081232492997199 0.048507462686567165
0 0.6260504201680672 0.30783582089552236 0.03081232492997199 0.04477611940298497
