0 0.8408888888888889 0.6753554502369669 0.05511111111111111 0.0971563981042654
0 0.6151111111111112 0.4265402843601896 0.042666666666666464 0.06398104265402843
1 0.4782222222222222 0.24052132701421802 0.058666666666666666 0.1018957345971564
0 0.5102222222222222 0.4040284360189573 0.06577777777777778 0.07109004739336493
0 0.8542222222222222 0.8886255924170616 0.06933333333333333 0.0924170616113744
0 0.672 0.3400473933649289 0.08 0.06398104265402843
0 0.6382222222222222 0.5059241706161137 0.044444444444444446 0.061611374407582936
1 0.6746666666666666 0.030805687203791468 0.08888888888888889 0.0995260663507109
0 0.8142222222222222 0.30213270142180093 0.07822222222222222 0.06635071090047394
0 0.6897777777777778 0.7476303317535545 0.032 0.05924170616113744
0 0.8186666666666667 0.4976303317535545 0.064 0.07109004739336493
0 0.8808888888888889 0.5936018957345972 0.06222222222222202 0.09004739336492905
0 0.976 0.19075829383886256 0.044444444444444446 0.061611374407582936
0 0.6577777777777778 0.5687203791469194 0.058666666666666666 0.10426540284360189
0 0.7262222222222222 0.27488151658767773 0.060444444444444446 0.07819905213270142
0 0.5822222222222222 0.3886255924170616 0.051555555555555556 0.04976303317535545
0 0.7866666666666666 0.06990521327014218 0.06933333333333333 0.08530805687203792
0 0.8746666666666667 0.495260663507109 0.051555555555555556 0.04976303317535545
0 0.4915555555555556 0.35071090047393366 0.04088888888888889 0.07345971563981042
0 0.6382222222222222 0.20616113744075829 0.032 0.04739336492890995
0 0.9315555555555556 0.4419431279620853 0.049777777777777775 0.06398104265402843
