0 0.6124444444444445 0.6718009478672986 0.07644444444444444 0.10900473933649289
1 0.3422222222222222 0.5011848341232228 0.11555555555555555 0.13033175355450224
0 0.9235555555555556 0.46919431279620855 0.12444444444444444 0.15876777251184834
0 0.14222222222222222 0.8672985781990521 0.08711111111111111 0.12085308056872038
1 0.4826666666666667 0.8921800947867299 0.10488888888888889 0.18009478672985782
0 0.12266666666666666 0.5165876777251185 0.08 0.07582938388625593
1 0.9866666666666667 0.9253554502369669 0.06755555555555555 0.061611374407582936
1 0.3804444444444444 0.5924170616113744 0.1120000000000001 0.11848341232227488
1 0.9857777777777778 0.9798578199052133 0.064 0.06635071090047394
0 0.6604444444444444 0.33767772511848343 0.04088888888888909 0.05924170616113744
1 0.21866666666666668 0.4443127962085308 0.09777777777777778 0.08293838862559241
1 0.4871111111111111 0.28791469194312796 0.10133333333333333 0.14691943127962084
0 0.15288888888888888 0.7417061611374408 0.07288888888888889 0.0971563981042654
0 0.832 0.7464454976303317 0.10666666666666667 0.12085308056872038
0 0.5733333333333334 0.26895734597156395 0.064 0.09478672985781997
1 0.08888888888888889 0.19075829383886256 0.08711111111111111 0.11611374407582939
1 0.8835555555555555 0.9822274881516587 0.10133333333333333 0.12559241706161137
0 0.2311111111111111 0.22867298578199052 0.06577777777777778 0.07819905213270142
0 0.064 0.43838862559241704 0.09066666666666667 0.1018957345971564
1 0.08355555555555555 0.966824644549763 0.064 0.05687203791469194
0 0.35288888888888886 0.9585308056872038 0.08711111111111121 0.11137440758293839
0 0.8533333333333334 0.6161137440758294 0.10844444444444425 0.12559241706161137
