0 0.5980392156862745 0.5410447761194029 0.0700280112044818 0.08208955223880597
0 0.014005602240896359 0.5988805970149254 0.0392156862745098 0.06716417910447761
0 0.49019607843137253 0.15485074626865672 0.056022408963585436 0.06716417910447761
0 0.10364145658263306 0.9029850746268657 0.06442577030812324 0.07462686567164178
0 0.6904761904761905 0.5578358208955224 0.06722689075630252 0.08955223880597014
0 0.5672268907563025 0.11940298507462686 0.05322128851540616 0.06343283582089553
0 0.13445378151260504 0.5652985074626866 0.04481792717086835 0.05223880597014925
0 0.2338935574229692 0.3712686567164179 0.05322128851540616 0.06716417910447761
0 0.35294117647058826 0.09328358208955224 0.042016806722688996 0.048507462686567165
0 0.13025210084033614 0.6809701492537313 0.05042016806722689 0.05970149253731343
0 0.3277310924369748 0.753731343283582 0.056022408963585436 0.08208955223880597
0 0.3445378151260504 0.373134328358209 0.058823529411764705 0.0708955223880597
0 0.5966386554621849 0.3824626865671642 0.0784313725490196 0.09328358208955224
0 0.7044817927170869 0.707089552238806 0.0336134453781511 0.06716417910447761
