0 0.5528888888888889 0.2132701421800948 0.05333333333333334 0.04028436018957346
0 0.15466666666666667 0.12796208530805686 0.07644444444444444 0.10426540284360186
0 0.26755555555555555 0.041469194312796206 0.07111111111111111 0.08767772511848342
0 0.7991111111111111 0.06279620853080568 0.049777777777777775 0.08767772511848342
0 0.248 0.3791469194312796 0.05333333333333334 0.06398104265402843
0 0.4577777777777778 0.0924170616113744 0.044444444444444446 0.06872037914691943
0 0.984 0.4822274881516588 0.07644444444444444 0.0947867298578199
0 0.03822222222222222 0.5118483412322274 0.07288888888888889 0.0639810426540283
0 0.33511111111111114 0.3791469194312796 0.04977777777777768 0.03317535545023697
0 0.9217777777777778 0.9075829383886256 0.10844444444444444 0.13744075829383887
0 0.8951111111111111 0.33886255924170616 0.09422222222222222 0.12085308056872038
0 0.656 0.5248815165876777 0.042666666666666665 0.05450236966824631
0 0.7768888888888889 0.9727488151658767 0.064 0.07345971563981042
0 0.5982222222222222 0.5296208530805687 0.07111111111111111 0.08767772511848342
0 0.033777777777777775 0.20260663507109006 0.08177777777777778 0.07109004739336493
0 0.3191111111111111 0.41824644549763035 0.042666666666666665 0.04976303317535545
0 0.4826666666666667 0.26066350710900477 0.06577777777777778 0.05924170616113751
0 0.2391111111111111 0.8720379146919431 0.03911111111111111 0.05924170616113744
0 0.13066666666666665 0.5450236966824644 0.053333333333333385 0.0687203791469193
0 0.9093333333333333 0.6220379146919431 0.10133333333333333 0.10900473933649289
0 0.29777777777777775 0.08649289099526067 0.055111111111111215 0.06872037914691943
0 0.21511111111111111 0.764218009478673 0.05333333333333334 0.07109004739336493
0 0.5617777777777778 0.6492890995260664 0.08 0.0971563981042654
0 0.42933333333333334 0.1646919431279621 0.058666666666666666 0.07819905213270142
0 0.14222222222222222 0.9739336492890995 0.07111111111111111 0.08056872037914692
0 0.6977777777777778 0.2132701421800948 0.05688888888888868 0.052132701421800945
0 0.1831111111111111 0.7962085308056872 0.058666666666666666 0.05924170616113744
0 0.26311111111111113 0.9052132701421801 0.06755555555555555 0.11374407582938388
0 0.3502222222222222 0.19549763033175355 0.058666666666666666 0.07109004739336493
0 0.4711111111111111 0.2014218009478673 0.05511111111111111 0.06635071090047394
0 0.005333333333333333 0.46445497630331756 0.028444444444444446 0.04739336492890995
0 0.328 0.2890995260663507 0.048 0.054502369668246446
0 0.17422222222222222 0.32701421800947866 0.048 0.054502369668246446
0 0.4497777777777778 0.580568720379147 0.08533333333333333 0.10900473933649303
0 0.6977777777777778 0.9869668246445498 0.05333333333333313 0.035545023696682464
0 0.7306666666666667 0.36492890995260663 0.07288888888888889 0.0947867298578199
