0 0.41456582633053224 0.07835820895522388 0.03081232492997199 0.04477611940298507
0 0.7030812324929971 0.9776119402985075 0.056022408963585596 0.06716417910447761
0 0.5280112044817927 0.8339552238805971 0.06442577030812324 0.06716417910447761
0 0.7717086834733894 0.8171641791044776 0.09243697478991597 0.11194029850746269
0 0.6022408963585434 0.9309701492537313 0.08403361344537816 0.11567164179104478
0 0.2759103641456583 0.026119402985074626 0.056022408963585436 0.05970149253731343
0 0.3389355742296919 0.03917910447761194 0.04481792717086835 0.04477611940298507
0 0.3473389355742297 0.1865671641791045 0.05322128851540616 0.048507462686567165
0 0.39355742296918766 0.10074626865671642 0.03361344537815126 0.04477611940298507
0 0.08263305322128851 0.16417910447761194 0.04201680672268908 0.05223880597014925
0 0.34593837535014005 0.08022388059701492 0.036414565826330535 0.05223880597014925
0 0.1092436974789916 0.08395522388059702 0.028011204481792718 0.048507462686567165
0 0.9103641456582633 0.2537313432835821 0.06722689075630252 0.05970149253731343
