0 0.058666666666666666 0.9277251184834123 0.09244444444444444 0.11374407582938388
0 0.43377777777777776 0.5853080568720379 0.06577777777777778 0.0971563981042654
0 0.7093333333333334 0.015402843601895734 0.060444444444444446 0.061611374407582936
0 0.18755555555555556 0.17654028436018956 0.12444444444444444 0.16113744075829384
0 0.11555555555555555 0.3056872037914692 0.15644444444444444 0.18009478672985782
0 0.6231111111111111 0.5509478672985783 0.05333333333333354 0.07109004739336507
0 0.4968888888888889 0.9656398104265402 0.06577777777777778 0.06398104265402843
0 0.21155555555555555 0.7784360189573459 0.08533333333333333 0.12559241706161137
0 0.3884444444444444 0.0462085308056872 0.11377777777777778 0.15639810426540285
0 0.5048888888888889 0.3637440758293839 0.06222222222222202 0.08293838862559241
0 0.9804444444444445 0.23104265402843602 0.07822222222222222 0.0995260663507109
0 0.9057777777777778 0.1362559241706161 0.058666666666666666 0.0710900473933649
0 0.31555555555555553 0.17298578199052134 0.12266666666666666 0.15402843601895735
0 0.3582222222222222 0.5876777251184834 0.07111111111111111 0.11611374407582925
