0 0.4411764705882353 0.47574626865671643 0.04201680672268908 0.048507462686567165
0 0.33473389355742295 0.8246268656716418 0.03641456582633061 0.05970149253731343
0 0.28991596638655465 0.9011194029850746 0.03641456582633045 0.06716417910447761
0 0.37815126050420167 0.9477611940298507 0.04201680672268908 0.05223880597014925
0 0.46078431372549017 0.6884328358208955 0.05042016806722689 0.06343283582089553
0 0.3599439775910364 0.5186567164179104 0.036414565826330535 0.04477611940298507
0 0.4215686274509804 0.8805970149253731 0.056022408963585436 0.05970149253731343
0 0.36134453781512604 0.7257462686567164 0.05322128851540616 0.05970149253731343
0 0.6904761904761905 0.7145522388059702 0.04201680672268908 0.06343283582089553
0 0.3949579831932773 0.5746268656716418 0.05042016806722689 0.06343283582089553
0 0.40476190476190477 0.9235074626865671 0.022408963585434174 0.055970149253731345
0 0.49859943977591037 0.43283582089552236 0.04201680672268908 0.05597014925373145
0 0.3963585434173669 0.6809701492537313 0.047619047619047616 0.055970149253731345
0 0.3739495798319328 0.9048507462686567 0.05042016806722689 0.06716417910447761
0 0.4803921568627451 0.6585820895522388 0.04481792717086835 0.05970149253731343
0 0.44537815126050423 0.5279850746268657 0.056022408963585436 0.05970149253731343
0 0.36694677871148457 0.8507462686567164 0.04201680672268908 0.05970149253731343
0 0.33613445378151263 0.7705223880597015 0.03641456582633045 0.041044776119402986
0 0.3025210084033613 0.7667910447761194 0.022408963585434254 0.05970149253731343
0 0.4677871148459384 0.3917910447761194 0.047619047619047616 0.04477611940298507
0 0.28991596638655465 0.9757462686567164 0.05042016806722681 0.07462686567164178
0 0.4733893557422969 0.457089552238806 0.04481792717086835 0.048507462686567165
0 0.32492997198879553 0.7406716417910447 0.047619047619047616 0.06343283582089573
0 0.3067226890756303 0.8003731343283582 0.022408963585434094 0.048507462686567165
0 0.5476190476190477 0.7444029850746269 0.05042016806722673 0.0708955223880597
0 0.28851540616246496 0.7145522388059702 0.03921568627450989 0.05970149253731343
0 0.39355742296918766 0.5223880597014925 0.05322128851540616 0.07462686567164178
0 0.5350140056022409 0.44402985074626866 0.0392156862745098 0.04477611940298507
0 0.3641456582633053 0.7761194029850746 0.05042016806722689 0.06343283582089553
0 0.3389355742296919 0.5988805970149254 0.03361344537815126 0.05970149253731343
0 0.5994397759103641 0.6828358208955224 0.05322128851540616 0.08582089552238806
0 0.3739495798319328 0.628731343283582 0.06162464985994398 0.0708955223880597
0 0.42296918767507 0.625 0.056022408963585436 0.07462686567164178
0 0.5154061624649859 0.4832089552238806 0.03921568627450996 0.03731343283582089
0 0.10684410655453178 0.385297845373891 0.049429657794676805 0.07097591888466413
0 0.30532212885154064 0.8619402985074627 0.03361344537815118 0.06343283582089553
0 0.2759103641456583 0.7518656716417911 0.028011204481792718 0.055970149253731345
