0 0.4523809523809524 0.46828358208955223 0.056022408963585436 0.08955223880597014
0 0.8571428571428571 0.753731343283582 0.04481792717086835 0.05970149253731343
0 0.8557422969187675 0.4291044776119403 0.0392156862745098 0.048507462686567165
0 0.2605042016806723 0.43656716417910446 0.0700280112044818 0.08582089552238806
0 0.5154061624649859 0.30970149253731344 0.06162464985994413 0.08208955223880597
0 0.47478991596638653 0.3619402985074627 0.05042016806722689 0.07462686567164178
0 0.7324929971988795 0.7332089552238806 0.0392156862745098 0.055970149253731345
0 0.3697478991596639 0.3414179104477612 0.04481792717086835 0.05970149253731343
0 0.9285714285714286 0.6809701492537313 0.04201680672268908 0.048507462686567165
0 0.20168067226890757 0.3283582089552239 0.04201680672268908 0.055970149253731345
0 0.8907563025210085 0.7089552238805971 0.036414565826330535 0.05223880597014925
0 0.2913165266106443 0.3376865671641791 0.06442577030812324 0.07835820895522388
0 0.6722689075630253 0.44216417910447764 0.04201680672268892 0.05223880597014915
