0 0.6586666666666666 0.33175355450236965 0.05333333333333334 0.0924170616113744
0 0.3546666666666667 0.5165876777251185 0.05333333333333334 0.07345971563981042
0 0.3973333333333333 0.46919431279620855 0.04622222222222222 0.052132701421800945
0 0.4106666666666667 0.518957345971564 0.030222222222222223 0.037914691943127965
0 0.39644444444444443 0.5521327014218009 0.07466666666666667 0.061611374407582936
0 0.5831111111111111 0.4004739336492891 0.033777777777777775 0.045023696682464455
0 0.7448888888888889 0.5 0.044444444444444446 0.07109004739336493
1 0.7377777777777778 0.12203791469194313 0.058666666666666666 0.06398104265402843
0 0.7048888888888889 0.259478672985782 0.06222222222222222 0.08293838862559241
0 0.6115555555555555 0.4549763033175355 0.048 0.054502369668246446
0 0.576 0.7428909952606635 0.060444444444444446 0.08293838862559241
0 0.7457777777777778 0.683649289099526 0.04622222222222222 0.05924170616113744
