0 0.912 0.8175355450236966 0.07111111111111111 0.0924170616113744
0 0.36533333333333334 0.1848341232227488 0.033777777777777775 0.061611374407582936
0 0.872 0.11018957345971564 0.035555555555555556 0.052132701421800945
0 0.6773333333333333 0.23222748815165878 0.037333333333333336 0.04976303317535545
0 0.9688888888888889 0.8222748815165877 0.064 0.054502369668246446
0 0.3928888888888889 0.10781990521327015 0.037333333333333336 0.052132701421800945
0 0.7582222222222222 0.18009478672985782 0.033777777777777775 0.037914691943127965
0 0.6586666666666666 0.26421800947867297 0.049777777777777775 0.0781990521327015
0 0.656 0.9324644549763034 0.032 0.05687203791469194
0 0.8853333333333333 0.28672985781990523 0.04622222222222222 0.05924170616113737
0 0.6488888888888888 0.9680094786729858 0.02311111111111111 0.04739336492890995
0 0.2986666666666667 0.15758293838862558 0.051555555555555556 0.07345971563981042
0 0.8008888888888889 0.40639810426540285 0.060444444444444446 0.07345971563981042
0 0.9555555555555556 0.8744075829383886 0.07466666666666667 0.05687203791469194
0 0.8453333333333334 0.4561611374407583 0.058666666666666666 0.07582938388625593
0 0.7102222222222222 0.3353080568720379 0.058666666666666666 0.0947867298578199
0 0.9644444444444444 0.75 0.07822222222222222 0.10426540284360189
0 0.7546666666666667 0.9182464454976303 0.08 0.09004739336492891
0 0.7137777777777777 0.5947867298578199 0.05333333333333334 0.08530805687203792
0 0.7857777777777778 0.976303317535545 0.07466666666666667 0.06635071090047394
0 0.7351111111111112 0.47985781990521326 0.06577777777777778 0.08293838862559241
0 0.808 0.5272511848341233 0.08177777777777757 0.0995260663507109
0 0.7866666666666666 0.11137440758293839 0.021333333333333333 0.035545023696682464
0 0.6497777777777778 0.806872037914692 0.04622222222222222 0.07819905213270142
0 0.16177777777777777 0.12677725118483413 0.049777777777777775 0.08056872037914692
0 0.968 0.4004739336492891 0.05688888888888889 0.045023696682464455
0 0.5413333333333333 0.8175355450236966 0.037333333333333336 0.045023696682464455
0 0.6053333333333333 0.12559241706161137 0.03911111111111131 0.052132701421800945
0 0.8586666666666667 0.1670616113744076 0.035555555555555556 0.035545023696682464
0 0.5048888888888889 0.7808056872037915 0.04088888888888869 0.052132701421800945
0 0.6248888888888889 0.8187203791469194 0.030222222222222223 0.08056872037914692
0 0.29688888888888887 0.08530805687203792 0.048 0.07109004739336493
0 0.25244444444444447 0.09004739336492891 0.04088888888888879 0.06635071090047394
0 0.45955555555555555 0.041469194312796206 0.051555555555555556 0.05924170616113744
0 0.6942222222222222 0.6800947867298578 0.08711111111111111 0.11137440758293839
0 0.33866666666666667 0.6362559241706162 0.060444444444444446 0.06872037914691943
0 0.35644444444444445 0.10545023696682465 0.03911111111111111 0.05687203791469194
0 0.6213333333333333 0.052132701421800945 0.04088888888888889 0.06635071090047394
0 0.8782222222222222 0.8981042654028436 0.08533333333333333 0.10900473933649289
0 0.8035555555555556 0.16824644549763032 0.024888888888888887 0.023696682464454975
0 0.4728888888888889 0.7132701421800948 0.035555555555555556 0.054502369668246446
0 0.8231111111111111 0.1943127962085308 0.028444444444444446 0.04028436018957346
0 0.9146666666666666 0.2014218009478673 0.044444444444444446 0.054502369668246446
0 0.6622222222222223 0.7618483412322274 0.033777777777777775 0.026066350710900472
0 0.8586666666666667 0.20971563981042654 0.032 0.037914691943127965
