0 0.48088888888888887 0.22274881516587677 0.064 0.0995260663507109
0 0.9217777777777778 0.6244075829383886 0.04622222222222222 0.08293838862559241
0 0.8017777777777778 0.9383886255924171 0.05688888888888889 0.054502369668246446
0 0.6648888888888889 0.2677725118483412 0.064 0.07819905213270142
0 0.76 0.10308056872037914 0.032 0.052132701421800945
0 0.5928888888888889 0.6161137440758294 0.044444444444444446 0.08056872037914692
0 0.7075555555555556 0.919431279620853 0.04088888888888889 0.07582938388625593
0 0.5991111111111111 0.48933649289099523 0.058666666666666666 0.0924170616113744
1 0.392 0.8672985781990521 0.11022222222222222 0.1848341232227488
0 0.8693333333333333 0.46445497630331756 0.04622222222222222 0.08530805687203792
0 0.8035555555555556 0.2665876777251185 0.042666666666666665 0.052132701421800945
0 0.7786666666666666 0.8542654028436019 0.05333333333333334 0.08293838862559241
0 0.8497777777777777 0.3684834123222749 0.032 0.061611374407582936
0 0.5724444444444444 0.840047393364929 0.05688888888888889 0.07582938388625593
0 0.5795555555555556 0.7725118483412322 0.060444444444444446 0.0947867298578199
0 0.7253333333333334 0.9727488151658767 0.060444444444444245 0.07582938388625593
0 0.6951111111111111 0.34360189573459715 0.058666666666666666 0.08293838862559241
1 0.37333333333333335 0.46327014218009477 0.10844444444444444 0.11848341232227488
0 0.27555555555555555 0.45260663507109006 0.09777777777777778 0.0924170616113744
0 0.6195555555555555 0.12322274881516587 0.05511111111111111 0.08530805687203792
0 0.744 0.6208530805687204 0.06933333333333333 0.08530805687203792
0 0.7146666666666667 0.06279620853080568 0.033777777777777775 0.06872037914691943
0 0.9528888888888889 0.9182464454976303 0.060444444444444446 0.07109004739336493
0 0.5866666666666667 0.4004739336492891 0.051555555555555556 0.08767772511848342
0 0.5946666666666667 0.259478672985782 0.04088888888888889 0.07582938388625593
0 0.7884444444444444 0.20853080568720378 0.04622222222222242 0.08767772511848342
0 0.9511111111111111 0.7014218009478673 0.07111111111111111 0.09004739336492891
0 0.5555555555555556 0.41824644549763035 0.03911111111111111 0.05687203791469194
