0 0.41876750700280113 0.47574626865671643 0.07282913165266107 0.06716417910447761
0 0.2549019607843137 0.9832089552238806 0.05322128851540616 0.05970149253731343
0 0.04481792717086835 0.7182835820895522 0.08403361344537816 0.09328358208955224
0 0.226890756302521 0.1865671641791045 0.09523809523809523 0.13432835820895522
0 0.12324929971988796 0.4496268656716418 0.03081232492997199 0.06716417910447761
0 0.07142857142857142 0.542910447761194 0.08123249299719888 0.11940298507462686
0 0.36554621848739494 0.9888059701492538 0.04201680672268908 0.03731343283582089
0 0.2759103641456583 0.9272388059701493 0.058823529411764705 0.08955223880597014
0 0.0896358543417367 0.417910447761194 0.06722689075630252 0.06343283582089553
0 0.03081232492997199 0.32649253731343286 0.08683473389355742 0.13805970149253732
0 0.11204481792717087 0.2574626865671642 0.09523809523809523 0.12686567164179105
0 0.30392156862745096 0.9981343283582089 0.03921568627450989 0.041044776119402986
0 0.0896358543417367 0.15298507462686567 0.0896358543417367 0.10820895522388059
0 0.31512605042016806 0.08582089552238806 0.1092436974789916 0.13805970149253732
0 0.12885154061624648 0.3675373134328358 0.08683473389355746 0.11567164179104478
0 0.211484593837535 0.9365671641791045 0.04481792717086835 0.04477611940298507
