0 0.11904761904761904 0.875 0.04201680672268908 0.07462686567164178
0 0.2913165266106443 0.4253731343283582 0.05322128851540616 0.06343283582089553
0 0.7198879551820728 0.30223880597014924 0.0392156862745098 0.05223880597014925
0 0.3403361344537815 0.11007462686567164 0.0392156862745098 0.055970149253731345
0 0.3137254901960784 0.3414179104477612 0.047619047619047616 0.05970149253731343
0 0.25210084033613445 0.13805970149253732 0.04201680672268908 0.055970149253731345
0 0.5280112044817927 0.2574626865671642 0.05322128851540616 0.07462686567164178
0 0.14145658263305322 0.7406716417910447 0.047619047619047616 0.06716417910447782
0 0.20448179271708683 0.291044776119403 0.036414565826330535 0.05223880597014925
0 0.4019607843137255 0.28171641791044777 0.04481792717086835 0.05970149253731343
0 0.6918767507002801 0.8097014925373134 0.04481792717086835 0.055970149253731345
0 0.26330532212885155 0.539179104477612 0.04481792717086835 0.06716417910447761
0 0.0700280112044818 0.27052238805970147 0.047619047619047616 0.06343283582089553
