0 0.8291316526610645 0.018656716417910446 0.06722689075630252 0.06343283582089553
0 0.8809523809523809 0.31529850746268656 0.07563025210084033 0.08955223880597014
0 0.8179271708683473 0.6473880597014925 0.0700280112044818 0.07835820895522388
0 0.36834733893557425 0.7649253731343284 0.04201680672268908 0.0708955223880597
0 0.8571428571428571 0.5764925373134329 0.08123249299719888 0.08955223880597014
0 0.8543417366946778 0.10261194029850747 0.05042016806722689 0.05970149253731343
0 0.8697478991596639 0.46828358208955223 0.07563025210084033 0.09328358208955224
0 0.8333333333333334 0.3582089552238806 0.06442577030812324 0.08582089552238806
0 0.9369747899159664 0.539179104477612 0.07563025210084033 0.05970149253731343
0 0.8571428571428571 0.667910447761194 0.04201680672268908 0.055970149253731345
0 0.7773109243697479 0.022388059701492536 0.058823529411764705 0.05970149253731343
0 0.7759103641456583 0.125 0.0784313725490196 0.09701492537313433
0 0.19887955182072828 0.30970149253731344 0.06162464985994398 0.06343283582089553
0 0.25770308123249297 0.34328358208955223 0.03921568627450989 0.06343283582089553
0 0.9915966386554622 0.5223880597014925 0.05322128851540616 0.06716417910447761
0 0.9131652661064426 0.38992537313432835 0.06722689075630252 0.07835820895522388
0 0.896358543417367 0.11753731343283583 0.04201680672268908 0.048507462686567165
0 0.8081232492997199 0.5018656716417911 0.0700280112044818 0.0708955223880597
0 0.9327731092436975 0.1884328358208955 0.056022408963585436 0.06716417910447761
0 0.9523809523809523 0.44402985074626866 0.06442577030812324 0.07835820895522388
0 0.8949579831932774 0.05037313432835821 0.06162464985994398 0.08208955223880597
0 0.9607843137254902 0.8152985074626866 0.09243697478991597 0.08208955223880597
0 0.957983193277311 0.36007462686567165 0.06162464985994398 0.07835820895522388
0 0.8641456582633054 0.24253731343283583 0.0700280112044818 0.07835820895522388
0 0.8627450980392157 0.17537313432835822 0.05042016806722689 0.06716417910447761
0 0.9845938375350141 0.753731343283582 0.05042016806722689 0.03731343283582089
0 0.8011204481792717 0.22388059701492538 0.058823529411764705 0.07835820895522388
0 0.7787114845938375 0.5932835820895522 0.0392156862745098 0.055970149253731345
