0 0.2942222222222222 0.7985781990521327 0.07466666666666667 0.0924170616113744
0 0.392 0.6943127962085308 0.08888888888888889 0.11848341232227488
0 0.9955555555555555 0.6244075829383886 0.028444444444444446 0.07345971563981042
0 0.33066666666666666 0.7345971563981043 0.07644444444444444 0.08530805687203792
0 0.7146666666666667 0.3909952606635071 0.07111111111111111 0.0924170616113744
0 0.11644444444444445 0.28791469194312796 0.04622222222222222 0.04739336492890995
0 0.06311111111111112 0.9549763033175356 0.06044444444444442 0.04976303317535545
0 0.8204444444444444 0.11255924170616113 0.064 0.0924170616113744
0 0.8115555555555556 0.9028436018957346 0.13866666666666666 0.16587677725118483
0 0.48533333333333334 0.6646919431279621 0.06222222222222222 0.07819905213270142
0 0.2 0.018957345971563982 0.03911111111111111 0.037914691943127965
0 0.46844444444444444 0.2796208530805687 0.033777777777777775 0.04739336492890995
0 0.20977777777777779 0.4040284360189573 0.07111111111111111 0.08056872037914692
0 0.5004444444444445 0.2843601895734597 0.035555555555555556 0.04739336492890995
0 0.424 0.759478672985782 0.07644444444444444 0.06398104265402843
