0 0.31512605042016806 0.6399253731343284 0.05042016806722689 0.06343283582089553
0 0.32633053221288516 0.20708955223880596 0.04201680672268908 0.05970149253731343
0 0.3865546218487395 0.8208955223880597 0.056022408963585436 0.07835820895522388
0 0.3739495798319328 0.7425373134328358 0.06442577030812324 0.0708955223880597
1 0.22969187675070027 0.9365671641791045 0.12605042016806722 0.13432835820895522
0 0.26330532212885155 0.31716417910447764 0.06162464985994398 0.0708955223880596
0 0.33053221288515405 0.9365671641791045 0.058823529411764705 0.08955223880597014
0 0.35154061624649857 0.125 0.042016806722689155 0.055970149253731345
0 0.9173669467787114 0.9813432835820896 0.08403361344537816 0.06716417910447761
0 0.3165266106442577 0.7779850746268657 0.04481792717086835 0.05970149253731343
