0 0.3067226890756303 0.3246268656716418 0.056191320156574937 0.0612446779886358
0 0.6204481792717087 0.6567164179104478 0.036414565826330535 0.05970149253731343
0 0.9341736694677871 0.6026119402985075 0.028011204481792718 0.03731343283582089
0 0.7745098039215687 0.6138059701492538 0.047619047619047616 0.055970149253731345
0 0.4215686274509804 0.4085820895522388 0.06162464985994398 0.09328358208955224
0 0.7930522393687149 0.9639448568398727 0.05091487669053284 0.06786850477200425
0 0.35714285714285715 0.625 0.047619047619047616 0.05223880597014925
0 0.9033613445378151 0.6585820895522388 0.03081232492997199 0.04477611940298507
0 0.3319327731092437 0.4944029850746269 0.07282913165266107 0.09701492537313433
0 0.22549019607843138 0.6399253731343284 0.03361344537815126 0.05970149253731343
0 0.9215686274509803 0.6380597014925373 0.025210084033613446 0.04477611940298507
0 0.5 0.4197761194029851 0.08683473389355742 0.12313432835820895
0 0.3149297254466783 0.2725344644750795 0.05568814638027048 0.06362672322375397
0 0.6372549019607843 0.47388059701492535 0.036414565826330694 0.07462686567164178
