0 0.7315555555555555 0.7902843601895735 0.06577777777777778 0.08056872037914692
0 0.37066666666666664 0.2014218009478673 0.04622222222222222 0.07345971563981042
0 0.4613333333333333 0.015402843601895734 0.049777777777777775 0.07345971563981042
0 0.9884444444444445 0.6054502369668247 0.03911111111111111 0.09004739336492891
0 0.5697777777777778 0.3068720379146919 0.07288888888888889 0.08056872037914692
0 0.34933333333333333 0.46445497630331756 0.032 0.045023696682464455
0 0.22844444444444445 0.46208530805687204 0.06222222222222222 0.06398104265402843
0 0.17333333333333334 0.3495260663507109 0.051555555555555556 0.045023696682464455
0 0.3982222222222222 0.36018957345971564 0.04088888888888889 0.05924170616113744
0 0.5137777777777778 0.08649289099526067 0.05511111111111111 0.04265402843601896
0 0.3768888888888889 0.001184834123222749 0.033777777777777775 0.03317535545023697
0 0.4524444444444444 0.1481042654028436 0.06222222222222222 0.06398104265402843
0 0.1991111111111111 0.8554502369668247 0.048 0.05924170616113744
0 0.20355555555555555 0.6682464454976303 0.07822222222222222 0.08056872037914692
0 0.10222222222222223 0.6848341232227488 0.10133333333333333 0.0995260663507109
0 0.9768888888888889 0.29976303317535546 0.07644444444444444 0.13507109004739337
0 0.9404444444444444 0.18127962085308058 0.05511111111111111 0.04976303317535545
0 0.8364444444444444 0.034360189573459717 0.07822222222222222 0.1018957345971564
0 0.15644444444444444 0.43009478672985785 0.06577777777777778 0.054502369668246446
0 0.7288888888888889 0.7144549763033176 0.05333333333333334 0.06872037914691943
0 0.07111111111111111 0.0509478672985782 0.07644444444444444 0.0995260663507109
0 0.49777777777777776 0.8234597156398105 0.06222222222222222 0.08530805687203792
