0 0.4968888888888889 0.04383886255924171 0.07466666666666667 0.10900473933649289
0 0.4622222222222222 0.11729857819905214 0.058666666666666666 0.07345971563981042
0 0.6204444444444445 0.30924170616113744 0.08 0.10900473933649289
0 0.7768888888888889 0.6113744075829384 0.05688888888888889 0.08530805687203792
0 0.88 0.31516587677725116 0.035555555555555556 0.04739336492890995
0 0.6773333333333333 0.2571090047393365 0.064 0.09715639810426548
0 0.784 0.3578199052132701 0.06933333333333333 0.0971563981042654
0 0.616 0.48459715639810425 0.07466666666666667 0.10900473933649289
0 0.6435555555555555 0.6078199052132701 0.06933333333333333 0.08293838862559241
0 0.9262222222222222 0.26421800947867297 0.04088888888888889 0.0639810426540285
0 0.8648888888888889 0.7144549763033176 0.05688888888888889 0.04739336492890995
0 0.7991111111111111 0.8436018957345972 0.058666666666666666 0.06398104265402843
0 0.8382222222222222 0.024881516587677725 0.032 0.037914691943127965
0 0.6542222222222223 0.4158767772511848 0.058666666666666666 0.07819905213270142
0 0.9022222222222223 0.29976303317535546 0.02311111111111111 0.04976303317535545
0 0.768 0.09360189573459715 0.058666666666666666 0.11137440758293839
0 0.7466666666666667 0.015402843601895734 0.049777777777777775 0.052132701421800945
0 0.5146666666666667 0.2962085308056872 0.07466666666666667 0.08056872037914692
0 0.7902222222222223 0.4431279620853081 0.060444444444444446 0.0947867298578199
0 0.8684444444444445 0.7796208530805687 0.042666666666666665 0.04739336492890995
0 0.7377777777777778 0.5912322274881516 0.04622222222222222 0.061611374407582936
0 0.8631111111111112 0.5793838862559242 0.05333333333333313 0.08056872037914692
0 0.6942222222222222 0.19075829383886256 0.042666666666666665 0.037914691943127965
0 0.5457777777777778 0.6018957345971564 0.06933333333333333 0.08530805687203792
0 0.808 0.05924170616113744 0.058666666666666464 0.054502369668246446
0 0.752 0.8447867298578199 0.02666666666666667 0.05687203791469194
0 0.864 0.3767772511848341 0.060444444444444446 0.09004739336492891
0 0.5022222222222222 0.19549763033175355 0.07288888888888889 0.1018957345971564
0 0.8204444444444444 0.79739336492891 0.048 0.05687203791469194
0 0.944 0.17890995260663506 0.033777777777777775 0.04976303317535545
0 0.9217777777777778 0.8033175355450237 0.032 0.04976303317535545
0 0.5688888888888889 0.3886255924170616 0.06755555555555555 0.0995260663507109
0 0.6888888888888889 0.6966824644549763 0.044444444444444446 0.04265402843601896
0 0.7546666666666667 0.7819905213270142 0.037333333333333336 0.06398104265402843
