0 0.2648888888888889 0.75 0.11022222222222222 0.11848341232227488
1 0.6711111111111111 0.0947867298578199 0.096 0.0995260663507109
0 0.4711111111111111 0.5497630331753555 0.08533333333333333 0.11374407582938388
1 0.9751111111111112 0.12203791469194313 0.10133333333333333 0.13744075829383887
0 0.5768888888888889 0.6907582938388626 0.08888888888888889 0.11374407582938388
0 0.27111111111111114 0.9443127962085308 0.10844444444444444 0.15639810426540285
0 0.8737777777777778 0.3803317535545024 0.06577777777777778 0.06872037914691943
0 0.12266666666666666 0.47511848341232227 0.08711111111111111 0.1018957345971564
1 0.8577777777777778 0.25829383886255924 0.12088888888888889 0.18246445497630331
0 0.4613333333333333 0.6872037914691943 0.07111111111111111 0.10426540284360189
