0 0.10755555555555556 0.33293838862559244 0.042666666666666665 0.054502369668246446
0 0.3128888888888889 0.33649289099526064 0.06933333333333333 0.0947867298578199
0 0.6977777777777778 0.2938388625592417 0.07644444444444425 0.09478672985781997
0 0.37955555555555553 0.7606635071090048 0.06222222222222222 0.061611374407582936
0 0.5013333333333333 0.3684834123222749 0.042666666666666665 0.07582938388625593
0 0.5511111111111111 0.18246445497630331 0.05688888888888889 0.08767772511848342
0 0.4186666666666667 0.20971563981042654 0.058666666666666666 0.08056872037914692
0 0.7493333333333333 0.7713270142180095 0.07466666666666667 0.0924170616113744
0 0.4577777777777778 0.08886255924170616 0.048 0.07819905213270142
0 0.018666666666666668 0.716824644549763 0.06933333333333333 0.0971563981042654
0 0.7804444444444445 0.5082938388625592 0.0959999999999998 0.12085308056872052
0 0.6791111111111111 0.7440758293838863 0.064 0.0947867298578199
0 0.30133333333333334 0.1966824644549763 0.08 0.1018957345971564
0 0.9804444444444445 0.4087677725118483 0.07466666666666667 0.0995260663507109
0 0.21333333333333335 0.6789099526066351 0.05155555555555551 0.08056872037914692
0 0.6568888888888889 0.12203791469194313 0.07288888888888889 0.09004739336492891
0 0.4666666666666667 0.6954976303317536 0.08711111111111111 0.1018957345971564
0 0.4648888888888889 0.26540284360189575 0.049777777777777775 0.09004739336492884
0 0.4791111111111111 0.023696682464454975 0.04622222222222222 0.07109004739336493
0 0.4577777777777778 0.5177725118483413 0.07111111111111111 0.09715639810426527
1 0.09955555555555555 0.20853080568720378 0.09777777777777778 0.13507109004739337
0 0.31733333333333336 0.8518957345971564 0.044444444444444446 0.037914691943127965
0 0.9973333333333333 0.7784360189573459 0.04088888888888889 0.05924170616113744
0 0.7262222222222222 0.3542654028436019 0.06933333333333333 0.09004739336492891
0 0.6355555555555555 0.6990521327014217 0.05333333333333334 0.05924170616113744
1 0.39644444444444443 0.0071090047393364926 0.030222222222222223 0.04028436018957346
0 0.4391111111111111 0.005924170616113744 0.033777777777777775 0.05924170616113744
0 0.4497777777777778 0.16113744075829384 0.04088888888888889 0.05924170616113744
0 0.7564444444444445 0.15876777251184834 0.08355555555555555 0.11137440758293839
0 0.38666666666666666 0.3459715639810427 0.05511111111111111 0.0995260663507109
0 0.816 0.41350710900473936 0.08177777777777798 0.0947867298578199
0 0.6684444444444444 0.5604265402843602 0.048 0.0687203791469193
0 0.5466666666666666 0.4372037914691943 0.06755555555555555 0.08293838862559241
0 0.33511111111111114 0.8838862559241706 0.0319999999999999 0.04265402843601896
0 0.8986666666666666 0.5130331753554502 0.08711111111111132 0.11611374407582939
0 0.11911111111111111 0.4052132701421801 0.06755555555555555 0.08293838862559241
