0 0.3884444444444444 0.7049763033175356 0.06222222222222222 0.07819905213270142
0 0.18933333333333333 0.5165876777251185 0.08 0.07345971563981042
0 0.9653333333333334 0.39691943127962087 0.06577777777777778 0.05687203791469194
0 0.10933333333333334 0.30213270142180093 0.03911111111111111 0.052132701421800945
0 0.8853333333333333 0.24052132701421802 0.07644444444444444 0.0947867298578199
0 0.6213333333333333 0.06635071090047394 0.05511111111111111 0.06872037914691945
0 0.8044444444444444 0.03317535545023697 0.03911111111111111 0.06635071090047394
0 0.3982222222222222 0.909952606635071 0.10311111111111111 0.14218009478672985
0 0.18222222222222223 0.5888625592417062 0.10311111111111111 0.08767772511848342
0 0.07111111111111111 0.48933649289099523 0.07288888888888889 0.052132701421800945
0 0.34755555555555556 0.11492890995260663 0.044444444444444446 0.05687203791469194
0 0.027555555555555555 0.7002369668246445 0.13155555555555556 0.12085308056872038
0 0.7395555555555555 0.40639810426540285 0.07288888888888889 0.09004739336492891
0 0.6586666666666666 0.4597156398104265 0.06222222222222222 0.06635071090047394
0 0.009777777777777778 0.5225118483412322 0.064 0.09004739336492891
0 0.40355555555555556 0.48104265402843605 0.044444444444444446 0.07109004739336493
0 0.13422222222222221 0.4928909952606635 0.05688888888888889 0.04739336492890995
0 0.48 0.35545023696682465 0.058666666666666666 0.07582938388625593
