0 0.21708683473389356 0.5130597014925373 0.047619047619047616 0.06343283582089553
0 0.7142857142857143 0.46828358208955223 0.056022408963585436 0.07462686567164178
0 0.9859943977591037 0.376865671641791 0.0392156862745098 0.05223880597014925
0 0.5560224089635855 0.39365671641791045 0.04481792717086835 0.055970149253731345
0 0.9341736694677871 0.4216417910447761 0.047619047619047616 0.048507462686567165
0 0.20448179271708683 0.8078358208955224 0.0392156862745098 0.0708955223880597
0 0.7647058823529411 0.5485074626865671 0.05322128851540616 0.07835820895522388
0 0.5154061624649859 0.4085820895522388 0.04481792717086851 0.06716417910447761
0 0.9915966386554622 0.22014925373134328 0.05322128851540616 0.06716417910447761
0 0.6834733893557423 0.40671641791044777 0.04481792717086835 0.055970149253731345
0 0.7478991596638656 0.39738805970149255 0.03361344537815126 0.05223880597014925
0 0.7969187675070029 0.44029850746268656 0.05042016806722689 0.055970149253731345
0 0.9005602240896359 0.39552238805970147 0.04201680672268908 0.05223880597014925
0 0.819327731092437 0.36380597014925375 0.04481792717086835 0.055970149253731345
0 0.9103641456582633 0.5652985074626866 0.05322128851540616 0.055970149253731345
