0 0.33613445378151263 0.8264925373134329 0.03921568627450973 0.041044776119402986
0 0.41876750700280113 0.9832089552238806 0.047619047619047616 0.048507462686567165
0 0.48739495798319327 0.8078358208955224 0.04481792717086835 0.08955223880597014
0 0.3277310924369748 0.7798507462686567 0.036414565826330535 0.048507462686567165
0 0.47759103641456585 0.3358208955223881 0.028011204481792718 0.041044776119402986
0 0.5462184873949579 0.39738805970149255 0.06162464985994413 0.09328358208955224
0 0.5644257703081232 0.26865671641791045 0.03081232492997199 0.03731343283582089
0 0.453781512605042 0.6791044776119403 0.06442577030812324 0.07462686567164178
0 0.37815126050420167 0.48507462686567165 0.0700280112044818 0.10074626865671642
0 0.42997198879551823 0.34701492537313433 0.0700280112044818 0.09328358208955224
0 0.4369747899159664 0.4962686567164179 0.058823529411764705 0.0708955223880597
0 0.5700280112044818 0.4664179104477612 0.06162464985994398 0.09701492537313433
0 0.35014005602240894 0.6082089552238806 0.042016806722689155 0.055970149253731345
0 0.3907563025210084 0.5652985074626866 0.07282913165266107 0.09328358208955224
0 0.5154061624649859 0.6361940298507462 0.06162464985994413 0.09328358208955224
0 0.5042016806722689 0.3656716417910448 0.04201680672268908 0.06716417910447761
0 0.5070028011204482 0.291044776119403 0.058823529411764705 0.08582089552238806
0 0.45518207282913165 0.39925373134328357 0.058823529411764705 0.06716417910447761
0 0.32633053221288516 0.9235074626865671 0.056022408963585436 0.06716417910447761
0 0.28431372549019607 0.5317164179104478 0.08683473389355742 0.10074626865671642
0 0.02661064425770308 0.6231343283582089 0.08683473389355742 0.11194029850746269
0 0.06582633053221289 0.746268656716418 0.0896358543417367 0.10074626865671642
0 0.39915966386554624 0.6529850746268657 0.06722689075630252 0.07835820895522388
0 0.3627450980392157 0.8675373134328358 0.0392156862745098 0.041044776119402986
0 0.16526610644257703 0.6194029850746269 0.0784313725490196 0.08582089552238806
0 0.28711484593837533 0.8843283582089553 0.030812324929972067 0.037313432835820684
0 0.5182072829131653 0.7425373134328358 0.06442577030812309 0.11194029850746269
0 0.4495798319327731 0.7835820895522388 0.04481792717086835 0.0708955223880597
0 0.5350140056022409 0.4944029850746269 0.047619047619047616 0.08208955223880597
0 0.4341736694677871 0.9309701492537313 0.036414565826330535 0.05223880597014925
0 0.2703081232492997 0.9664179104477612 0.05322128851540616 0.06343283582089553
0 0.4789915966386555 0.8861940298507462 0.05322128851540616 0.08582089552238806
0 0.42436974789915966 0.4458955223880597 0.036414565826330535 0.04477611940298507
0 0.3557422969187675 0.9776119402985075 0.05322128851540616 0.07462686567164178
0 0.5392156862745098 0.2667910447761194 0.025210084033613446 0.05223880597014925
0 0.4481792717086835 0.5634328358208955 0.058823529411764705 0.07462686567164178
0 0.49019607843137253 0.4496268656716418 0.07282913165266107 0.09701492537313433
0 0.11204481792717087 0.6753731343283582 0.06722689075630252 0.08208955223880597
0 0.38795518207282914 0.914179104477612 0.05322128851540616 0.06343283582089553
0 0.8361344537815126 0.6828358208955224 0.08683473389355742 0.12686567164179105
0 0.453781512605042 0.835820895522388 0.03361344537815126 0.05223880597014925
0 0.3123249299719888 0.8395522388059702 0.028011204481792718 0.055970149253731345
