0 0.224 0.981042654028436 0.044444444444444446 0.04265402843601896
0 0.17244444444444446 0.6729857819905213 0.037333333333333336 0.037914691943127965
1 0.18577777777777776 0.5023696682464455 0.07288888888888893 0.06872037914691943
0 0.08 0.5888625592417062 0.042666666666666665 0.04976303317535545
0 0.24177777777777779 0.7950236966824644 0.042666666666666665 0.04976303317535545
1 0.6791111111111111 0.4312796208530806 0.13155555555555556 0.16824644549763032
0 0.08088888888888889 0.9265402843601895 0.051555555555555556 0.045023696682464455
1 0.22933333333333333 0.7606635071090048 0.02311111111111111 0.035545023696682464
0 0.051555555555555556 0.806872037914692 0.04088888888888889 0.04028436018957346
0 0.9626666666666667 0.6232227488151659 0.11555555555555555 0.09004739336492891
0 0.4862222222222222 0.17890995260663506 0.09422222222222222 0.10426540284360189
0 0.25155555555555553 0.754739336492891 0.028444444444444446 0.045023696682464455
1 0.8168888888888889 0.7760663507109005 0.08 0.08056872037914692
0 0.24977777777777777 0.48578199052132703 0.10133333333333333 0.12085308056872038
0 0.4266666666666667 0.6682464454976303 0.03733333333333323 0.037914691943127965
1 0.728 0.5533175355450237 0.15644444444444444 0.18246445497630331
0 0.09155555555555556 0.3815165876777251 0.051555555555555556 0.05687203791469194
0 0.09688888888888889 0.5616113744075829 0.05333333333333334 0.04739336492890995
0 0.9422222222222222 0.5011848341232228 0.12444444444444444 0.13981042654028422
0 0.35733333333333334 0.745260663507109 0.049777777777777775 0.054502369668246446
0 0.5013333333333333 0.023696682464454975 0.09422222222222222 0.11611374407582939
