1 0.8471111111111111 0.0071090047393364926 0.08533333333333333 0.07109004739336493
1 0.5608888888888889 0.017772511848341232 0.09244444444444444 0.07109004739336493
0 0.43377777777777776 0.3412322274881517 0.05688888888888889 0.07582938388625593
0 0.3884444444444444 0.3187203791469194 0.03911111111111111 0.04265402843601896
0 0.3582222222222222 0.8317535545023697 0.042666666666666665 0.052132701421800945
0 0.6115555555555555 0.9703791469194313 0.07111111111111111 0.07109004739336493
0 0.27555555555555555 0.28554502369668244 0.032 0.05213270142180088
0 0.6426666666666667 0.17772511848341233 0.06755555555555535 0.07819905213270142
0 0.36088888888888887 0.6196682464454977 0.048 0.08293838862559241
0 0.02666666666666667 0.4549763033175355 0.05511111111111111 0.04976303317535545
0 0.27644444444444444 0.41706161137440756 0.035555555555555556 0.037914691943127965
0 0.7635555555555555 0.4822274881516588 0.06933333333333333 0.09004739336492891
0 0.0951111111111111 0.27488151658767773 0.05511111111111114 0.06635071090047394
0 0.7368888888888889 0.7251184834123223 0.10311111111111111 0.12796208530805686
0 0.033777777777777775 0.18838862559241706 0.06577777777777778 0.08056872037914692
0 0.8311111111111111 0.5841232227488151 0.09066666666666667 0.11137440758293853
0 0.03911111111111111 0.3767772511848341 0.07466666666666667 0.0924170616113744
0 0.7137777777777777 0.35308056872037913 0.06577777777777778 0.1018957345971564
0 0.17066666666666666 0.45734597156398105 0.05333333333333334 0.052132701421800945
0 0.9253333333333333 0.7748815165876777 0.10844444444444444 0.13744075829383887
0 0.23022222222222222 0.523696682464455 0.049777777777777775 0.05687203791469194
0 0.6631111111111111 0.24170616113744076 0.07466666666666667 0.07582938388625593
1 0.18755555555555556 0.06398104265402843 0.08355555555555555 0.09241706161137442
0 0.5528888888888889 0.47985781990521326 0.07466666666666667 0.0947867298578199
0 0.2613333333333333 0.3412322274881517 0.0480000000000001 0.06398104265402843
0 0.456 0.7677725118483413 0.06577777777777778 0.1018957345971564
0 0.4524444444444444 0.22630331753554503 0.051555555555555556 0.07582938388625593
0 0.512 0.8601895734597157 0.049777777777777775 0.08056872037914692
0 0.8657777777777778 0.5177725118483413 0.08711111111111111 0.10426540284360176
0 0.8115555555555556 0.8317535545023697 0.08711111111111111 0.11848341232227488
0 0.31733333333333336 0.5616113744075829 0.06577777777777778 0.08293838862559241
1 0.08711111111111111 0.07701421800947868 0.09066666666666667 0.12085308056872038
0 0.02311111111111111 0.514218009478673 0.08 0.09715639810426527
0 0.21244444444444444 0.34834123222748814 0.05333333333333334 0.07345971563981042
0 0.10133333333333333 0.44786729857819907 0.058666666666666666 0.06398104265402843
0 0.48977777777777776 0.23696682464454977 0.042666666666666665 0.061611374407582936
