1 0.05182072829131653 0.7705223880597015 0.10084033613445378 0.15298507462686567
0 0.47759103641456585 0.12126865671641791 0.0700280112044818 0.10074626865671642
0 0.37254901960784315 0.5111940298507462 0.05322128851540616 0.0708955223880597
0 0.7549019607843137 0.9701492537313433 0.0784313725490196 0.08582089552238806
0 0.7787114845938375 0.498134328358209 0.036414565826330535 0.055970149253731345
0 0.453781512605042 0.373134328358209 0.07563025210084033 0.11194029850746269
0 0.5126050420168067 0.44776119402985076 0.06722689075630268 0.08208955223880597
0 0.9005602240896359 0.8190298507462687 0.09803921568627451 0.1417910447761194
0 0.5154061624649859 0.208955223880597 0.036414565826330694 0.05223880597014925
0 0.8795518207282913 0.5111940298507462 0.11484593837535013 0.09701492537313433
0 0.6624649859943977 0.3283582089552239 0.09803921568627451 0.13059701492537312
0 0.5952380952380952 0.2630597014925373 0.07563025210084033 0.12686567164179105
0 0.6666666666666666 0.8432835820895522 0.05042016806722689 0.11567164179104478
1 0.5672268907563025 0.6660447761194029 0.09803921568627451 0.13059701492537312
1 0.15546218487394958 0.9552238805970149 0.12885154061624648 0.10074626865671642
0 0.7058823529411765 0.47201492537313433 0.04201680672268892 0.048507462686567165
0 0.42857142857142855 0.4925373134328358 0.05322128851540616 0.08208955223880597
0 0.7675070028011205 0.7257462686567164 0.047619047619047616 0.06343283582089553
0 0.4831932773109244 0.2593283582089552 0.028011204481792718 0.03731343283582089
1 0.17787114845938376 0.46455223880597013 0.08683473389355742 0.08582089552238806
0 0.453781512605042 0.8675373134328358 0.04481792717086835 0.055970149253731345
