0 0.42997198879551823 0.166044776119403 0.05322128851540616 0.09328358208955224
0 0.37254901960784315 0.5559701492537313 0.0700280112044818 0.08955223880597014
0 0.06302521008403361 0.5541044776119403 0.08403361344537816 0.08208955223880597
0 0.012605042016806723 0.832089552238806 0.0392156862745098 0.041044776119402986
0 0.9229691876750701 0.11753731343283583 0.04201680672268908 0.04477611940298507
0 0.29551820728291317 0.6305970149253731 0.04481792717086835 0.05970149253731343
0 0.28431372549019607 0.7294776119402985 0.05042016806722689 0.08208955223880597
0 0.8585434173669467 0.47947761194029853 0.08123249299719888 0.11940298507462686
0 0.3011204481792717 0.5895522388059702 0.06162464985994398 0.05970149253731343
0 0.3403361344537815 0.6361940298507462 0.0784313725490196 0.08208955223880597
0 0.8137254901960784 0.7313432835820896 0.08123249299719888 0.07462686567164178
0 0.029411764705882353 0.8003731343283582 0.04481792717086835 0.048507462686567165
0 0.13165266106442577 0.6884328358208955 0.06722689075630252 0.08955223880597014
0 0.5294117647058824 0.2966417910447761 0.036414565826330535 0.05223880597014925
0 0.6400560224089635 0.8003731343283582 0.06722689075630268 0.09701492537313433
0 0.029411764705882353 0.9682835820895522 0.058823529411764705 0.08582089552238806
0 0.8291316526610645 0.03917910447761194 0.10644257703081232 0.11567164179104478
0 0.6736694677871149 0.3358208955223881 0.08683473389355727 0.11194029850746269
0 0.6778711484593838 0.21082089552238806 0.05042016806722689 0.07835820895522388
0 0.33613445378151263 0.04291044776119403 0.06442577030812317 0.07835820895522388
0 0.3739495798319328 0.8395522388059702 0.056022408963585436 0.08208955223880597
0 0.511204481792717 0.333955223880597 0.05042016806722689 0.048507462686567165
0 0.39915966386554624 0.43097014925373134 0.07282913165266107 0.10074626865671642
0 0.4061624649859944 0.016791044776119403 0.0700280112044818 0.10820895522388059
0 0.17507002801120447 0.47574626865671643 0.07282913165266111 0.08955223880597014
0 0.6820728291316527 0.9347014925373134 0.06442577030812324 0.11567164179104478
0 0.5434173669467787 0.05223880597014925 0.056022408963585596 0.10820895522388059
0 0.47619047619047616 0.8451492537313433 0.036414565826330535 0.04477611940298507
0 0.8235294117647058 0.667910447761194 0.08123249299719888 0.08955223880597014
0 0.9719887955182073 0.7593283582089553 0.07563025210084033 0.09701492537313454
0 0.7436974789915967 0.1958955223880597 0.09243697478991597 0.11940298507462686
0 0.24509803921568626 0.9421641791044776 0.04201680672268908 0.055970149253731345
