0 0.2951111111111111 0.6658767772511849 0.05511111111111111 0.0924170616113744
0 0.42844444444444446 0.4324644549763033 0.04088888888888889 0.061611374407582936
0 0.36 0.2334123222748815 0.048 0.08767772511848342
0 0.49333333333333335 0.11611374407582939 0.03911111111111111 0.061611374407582936
0 0.19822222222222222 0.011848341232227487 0.060444444444444446 0.05687203791469194
0 0.248 0.36611374407582936 0.060444444444444446 0.09004739336492891
0 0.13155555555555556 0.6682464454976303 0.042666666666666665 0.04739336492890995
0 0.25333333333333335 0.02014218009478673 0.048 0.045023696682464455
0 0.6044444444444445 0.06872037914691943 0.02311111111111111 0.02843601895734597
0 0.30577777777777776 0.009478672985781991 0.042666666666666665 0.02843601895734597
0 0.3128888888888889 0.8649289099526066 0.064 0.10900473933649289
0 0.5653333333333334 0.46208530805687204 0.04622222222222222 0.06872037914691943
0 0.33866666666666667 0.471563981042654 0.05333333333333334 0.06872037914691943
0 0.4311111111111111 0.9834123222748815 0.044444444444444446 0.06635071090047394
0 0.2408888888888889 0.0485781990521327 0.024888888888888887 0.026066350710900472
0 0.37422222222222223 0.1481042654028436 0.04622222222222222 0.08293838862559241
0 0.2311111111111111 0.12914691943127962 0.06933333333333333 0.11374407582938388
0 0.1688888888888889 0.5355450236966824 0.037333333333333336 0.04976303317535545
0 0.35733333333333334 0.5995260663507109 0.07822222222222222 0.10426540284360189
0 0.4026666666666667 0.5260663507109005 0.042666666666666665 0.07582938388625593
0 0.24444444444444444 0.5201421800947867 0.04088888888888889 0.1066350710900474
0 0.45511111111111113 0.7571090047393365 0.060444444444444446 0.08767772511848342
0 0.29333333333333333 0.18364928909952608 0.07466666666666667 0.1066350710900474
0 0.48 0.38981042654028436 0.06755555555555555 0.04976303317535545
0 0.5813333333333334 0.9739336492890995 0.07466666666666667 0.08767772511848342
0 0.6115555555555555 0.014218009478672985 0.028444444444444446 0.06635071090047394
0 0.248 0.25355450236966826 0.042666666666666665 0.08293838862559241
0 0.2328888888888889 0.693127962085308 0.08711111111111111 0.10900473933649289
0 0.68 0.5924170616113744 0.06933333333333333 0.1018957345971564
0 0.3768888888888889 0.9253554502369669 0.049777777777777775 0.1066350710900474
0 0.4142222222222222 0.6919431279620853 0.04088888888888889 0.061611374407582936
0 0.4693333333333333 0.3471563981042654 0.04622222222222222 0.04976303317535545
0 0.6062222222222222 0.533175355450237 0.042666666666666665 0.07109004739336493
0 0.29333333333333333 0.5201421800947867 0.064 0.07819905213270142
