0 0.9607843137254902 0.7164179104477612 0.06722689075630252 0.055970149253731345
0 0.07282913165266107 0.8078358208955224 0.056022408963585436 0.08955223880597014
0 0.1638655462184874 0.14365671641791045 0.08683473389355742 0.10820895522388059
0 0.0196078431372549 0.06902985074626866 0.09803921568627451 0.1044776119402985
0 0.029411764705882353 0.7182835820895522 0.06722689075630252 0.06716417910447761
0 0.00980392156862745 0.3787313432835821 0.036414565826330535 0.04477611940298507
0 0.16246498599439776 0.960820895522388 0.06722689075630252 0.10074626865671642
0 0.036414565826330535 0.40298507462686567 0.047619047619047616 0.041044776119402986
0 0.02661064425770308 0.3246268656716418 0.04481792717086835 0.05970149253731343
0 0.3081232492997199 0.020522388059701493 0.04201680672268908 0.048507462686567165
