0 0.4711111111111111 0.25829383886255924 0.05511111111111111 0.06635071090047394
0 0.824 0.11611374407582939 0.03911111111111111 0.045023696682464455
1 0.37066666666666664 0.22274881516587677 0.06577777777777778 0.11611374407582939
1 0.7724444444444445 0.4561611374407583 0.07822222222222222 0.11611374407582939
1 0.7724444444444445 0.6575829383886256 0.07466666666666667 0.12085308056872038
0 0.4648888888888889 0.4146919431279621 0.03911111111111111 0.06635071090047394
0 0.9031111111111111 0.3175355450236967 0.035555555555555556 0.04976303317535545
1 0.4782222222222222 0.7286729857819905 0.13333333333333333 0.12796208530805686
0 0.6586666666666666 0.9478672985781991 0.07288888888888889 0.11374407582938388
0 0.6888888888888889 0.14691943127962084 0.037333333333333336 0.05213270142180098
1 0.8977777777777778 0.5793838862559242 0.09244444444444444 0.0924170616113744
0 0.21777777777777776 0.44786729857819907 0.08000000000000006 0.13507109004739337
0 0.7537777777777778 0.3542654028436019 0.048 0.08056872037914692
0 0.7226666666666667 0.10545023696682465 0.042666666666666665 0.04976303317535545
0 0.8311111111111111 0.011848341232227487 0.037333333333333336 0.054502369668246446
0 0.7324444444444445 0.04976303317535545 0.03911111111111111 0.05687203791469194
0 0.9182222222222223 0.8921800947867299 0.07288888888888889 0.0995260663507109
0 0.5422222222222223 0.054502369668246446 0.032 0.04028436018957346
0 0.6008888888888889 0.533175355450237 0.04622222222222222 0.08530805687203792
0 0.608 0.6682464454976303 0.06577777777777778 0.0947867298578199
0 0.632 0.4928909952606635 0.05511111111111111 0.07582938388625593
1 0.20622222222222222 0.8554502369668247 0.21155555555555555 0.26066350710900477
0 0.8515555555555555 0.2772511848341232 0.044444444444444446 0.066350710900474
1 0.7031111111111111 0.22037914691943128 0.042666666666666665 0.07109004739336493
