0 0.4017777777777778 0.6883886255924171 0.051555555555555556 0.06635071090047394
0 0.8133333333333334 0.20497630331753555 0.112 0.11137440758293839
0 0.6471111111111111 0.490521327014218 0.04622222222222222 0.04739336492890995
0 0.09333333333333334 0.7677725118483413 0.051555555555555556 0.07582938388625593
0 0.144 0.6007109004739336 0.04088888888888889 0.05687203791469208
0 0.6764444444444444 0.7654028436018957 0.09955555555555555 0.12322274881516587
0 0.37422222222222223 0.25829383886255924 0.05688888888888889 0.07819905213270142
0 0.09422222222222222 0.43601895734597157 0.021333333333333333 0.037914691943127965
0 0.07377777777777778 0.4786729857819905 0.024888888888888887 0.023696682464454975
0 0.84 0.9739336492890995 0.1351111111111111 0.16113744075829384
0 0.7804444444444445 0.47393364928909953 0.08355555555555536 0.07582938388625593
0 0.968 0.009478672985781991 0.044444444444444446 0.04265402843601896
0 0.248 0.36729857819905215 0.051555555555555556 0.06398104265402843
0 0.28888888888888886 0.4834123222748815 0.05688888888888899 0.061611374407582936
0 0.3031111111111111 0.6800947867298578 0.04622222222222222 0.07345971563981042
0 0.08355555555555555 0.4004739336492891 0.021333333333333333 0.04265402843601896
0 0.21066666666666667 0.36018957345971564 0.05333333333333334 0.08056872037914692
0 0.037333333333333336 0.4881516587677725 0.032 0.02843601895734597
0 0.4186666666666667 0.44075829383886256 0.07111111111111111 0.061611374407582936
0 0.8995555555555556 0.5319905213270142 0.09955555555555555 0.06635071090047394
0 0.3208888888888889 0.7713270142180095 0.064 0.07582938388625593
0 0.5768888888888889 0.9135071090047393 0.033777777777777775 0.04028436018957346
0 0.4888888888888889 0.7985781990521327 0.07111111111111111 0.10900473933649289
0 0.04533333333333334 0.5296208530805687 0.028444444444444432 0.037914691943127965
0 0.43555555555555553 0.2571090047393365 0.06577777777777788 0.09952606635071083
0 0.014222222222222223 0.9300947867298578 0.037333333333333336 0.07819905213270142
0 0.29244444444444445 0.9514218009478673 0.07822222222222222 0.12322274881516587
0 0.49866666666666665 0.034360189573459717 0.044444444444444446 0.030805687203791468
0 0.4408888888888889 0.05568720379146919 0.058666666666666666 0.06872037914691943
0 0.064 0.41350710900473936 0.019555555555555555 0.035545023696682464
0 0.8853333333333333 0.06042654028436019 0.13333333333333333 0.13981042654028436
0 0.16266666666666665 0.5580568720379147 0.053333333333333385 0.061611374407583075
0 0.224 0.2796208530805687 0.037333333333333336 0.054502369668246446
0 0.027555555555555555 0.8080568720379147 0.037333333333333336 0.04976303317535545
0 0.42488888888888887 0.5545023696682464 0.060444444444444446 0.07345971563981056
0 0.4533333333333333 0.39691943127962087 0.05688888888888889 0.07109004739336493
0 0.5706666666666667 0.4928909952606635 0.06222222222222222 0.04028436018957346
0 0.5768888888888889 0.5248815165876777 0.06933333333333333 0.059241706161137574
0 0.09066666666666667 0.8649289099526066 0.04444444444444442 0.07109004739336493
0 0.017777777777777778 0.5580568720379147 0.03911111111111111 0.028436018957346106
0 0.17066666666666666 0.7132701421800948 0.05511111111111111 0.06872037914691943
0 0.2657777777777778 0.6848341232227488 0.048 0.06398104265402843
0 0.36 0.3353080568720379 0.05688888888888889 0.07819905213270142
0 0.15555555555555556 0.6635071090047393 0.06222222222222222 0.09004739336492891
0 0.6195555555555555 0.5248815165876777 0.05511111111111111 0.0687203791469193
0 0.34844444444444445 0.4561611374407583 0.06577777777777778 0.06635071090047394
