0 0.9137777777777778 0.5592417061611374 0.060444444444444446 0.04739336492890995
0 0.7564444444444445 0.6362559241706162 0.048 0.07819905213270142
0 0.3422222222222222 0.8139810426540285 0.03911111111111111 0.07345971563981042
0 0.176 0.22274881516587677 0.04088888888888889 0.052132701421800945
0 0.6426666666666667 0.8199052132701422 0.049777777777777574 0.06398104265402843
0 0.7804444444444445 0.5604265402843602 0.04088888888888869 0.07819905213270156
0 0.7573333333333333 0.4052132701421801 0.06933333333333333 0.08767772511848342
0 0.21777777777777776 0.5284360189573459 0.04977777777777783 0.08293838862559229
0 0.3022222222222222 0.6315165876777251 0.04622222222222222 0.06872037914691943
0 0.7866666666666666 0.2950236966824645 0.058666666666666666 0.08293838862559234
0 0.7466666666666667 0.4928909952606635 0.02666666666666667 0.045023696682464455
0 0.36177777777777775 0.6528436018957346 0.06222222222222222 0.08530805687203792
0 0.6924444444444444 0.29739336492890994 0.048 0.0924170616113744
0 0.4862222222222222 0.17298578199052134 0.049777777777777775 0.06872037914691943
0 0.8 0.495260663507109 0.060444444444444446 0.07109004739336493
0 0.17422222222222222 0.3293838862559242 0.033777777777777775 0.045023696682464455
0 0.1768888888888889 0.27014218009478674 0.042666666666666665 0.054502369668246446
0 0.2604444444444444 0.5841232227488151 0.048 0.04265402843601882
0 0.38666666666666666 0.8590047393364929 0.058666666666666666 0.08293838862559241
0 0.5226666666666666 0.09004739336492891 0.05333333333333354 0.05924170616113744
0 0.3937777777777778 0.46800947867298576 0.051555555555555556 0.061611374407582936
0 0.20177777777777778 0.3578199052132701 0.035555555555555556 0.04265402843601896
0 0.29688888888888887 0.5154028436018957 0.07288888888888889 0.08767772511848328
0 0.7404444444444445 0.24644549763033174 0.060444444444444446 0.0971563981042654
0 0.7395555555555555 0.5651658767772512 0.051555555555555556 0.08530805687203792
0 0.5582222222222222 0.7867298578199052 0.042666666666666665 0.04265402843601896
0 0.41333333333333333 0.2334123222748815 0.06577777777777778 0.08293838862559241
0 0.6551111111111111 0.9087677725118484 0.037333333333333336 0.08293838862559241
0 0.7724444444444445 0.06279620853080568 0.06933333333333333 0.12322274881516587
0 0.21955555555555556 0.235781990521327 0.03911111111111111 0.04739336492890995
0 0.728 0.0533175355450237 0.032 0.04739336492890995
0 0.7057777777777777 0.6954976303317536 0.04977777777777798 0.08293838862559241
