0 0.2 0.0509478672985782 0.044444444444444446 0.045023696682464455
0 0.15644444444444444 0.045023696682464455 0.048 0.05924170616113744
0 0.7386666666666667 0.4087677725118483 0.06222222222222222 0.1018957345971564
0 0.40444444444444444 0.2109004739336493 0.05688888888888889 0.07109004739336493
0 0.4568888888888889 0.052132701421800945 0.06577777777777778 0.08056872037914692
0 0.72 0.6208530805687204 0.09244444444444444 0.11374407582938388
0 0.9235555555555556 0.7938388625592417 0.11022222222222222 0.13033175355450238
0 0.6177777777777778 0.3542654028436019 0.07466666666666667 0.10900473933649289
0 0.8115555555555556 0.19312796208530805 0.07111111111111111 0.05924170616113744
0 0.7031111111111111 0.2109004739336493 0.06933333333333333 0.0995260663507109
0 0.592 0.7215639810426541 0.044444444444444446 0.054502369668246446
0 0.6995555555555556 0.7855450236966824 0.03911111111111111 0.07109004739336493
0 0.35733333333333334 0.1528436018957346 0.032 0.045023696682464455
0 0.034666666666666665 0.02132701421800948 0.06577777777777778 0.06872037914691943
0 0.6942222222222222 0.4052132701421801 0.058666666666666666 0.10900473933649289
0 0.9573333333333334 0.10545023696682465 0.144 0.14218009478672985
0 0.17155555555555554 0.14336492890995262 0.037333333333333336 0.049763033175355416
0 0.7742222222222223 0.5165876777251185 0.07288888888888889 0.0924170616113744
1 0.9528888888888889 0.35308056872037913 0.17066666666666666 0.1943127962085308
0 0.46755555555555556 0.19549763033175355 0.06222222222222222 0.061611374407582936
0 0.8142222222222222 0.9063981042654028 0.13333333333333333 0.15402843601895735
