1 0.7066666666666667 0.2938388625592417 0.10666666666666667 0.14218009478672994
0 0.8924444444444445 0.6232227488151659 0.06222222222222222 0.07345971563981042
0 0.25244444444444447 0.5248815165876777 0.11022222222222212 0.10426540284360203
1 0.272 0.7156398104265402 0.06933333333333333 0.07582938388625593
1 0.45511111111111113 0.3578199052132701 0.058666666666666666 0.0924170616113744
1 0.16977777777777778 0.273696682464455 0.14577777777777778 0.1469194312796208
0 0.8408888888888889 0.5390995260663507 0.060444444444444446 0.061611374407582936
0 0.8044444444444444 0.9229857819905213 0.03911111111111111 0.052132701421800945
1 0.7306666666666667 0.533175355450237 0.058666666666666666 0.07819905213270142
0 0.9395555555555556 0.6208530805687204 0.044444444444444446 0.06398104265402843
1 0.5555555555555556 0.11848341232227488 0.112 0.16587677725118483
0 0.8755555555555555 0.07345971563981042 0.08177777777777778 0.12085308056872036
1 0.5537777777777778 0.3732227488151659 0.064 0.07109004739336493
0 0.448 0.590047393364929 0.08533333333333333 0.09478672985781977
0 0.9244444444444444 0.8649289099526066 0.058666666666666666 0.06635071090047394
1 0.21155555555555555 0.6954976303317536 0.051555555555555556 0.05924170616113744
