0 0.872 0.3862559241706161 0.07822222222222222 0.08530805687203792
0 0.8986666666666666 0.17772511848341233 0.0960000000000002 0.12085308056872038
0 0.6293333333333333 0.40165876777251186 0.049777777777777775 0.06872037914691943
0 0.43733333333333335 0.235781990521327 0.07822222222222222 0.10900473933649289
0 0.552 0.19075829383886256 0.044444444444444446 0.054502369668246446
0 0.5902222222222222 0.04739336492890995 0.049777777777777775 0.0971563981042654
0 0.7866666666666666 0.1528436018957346 0.08 0.1066350710900474
0 0.6764444444444444 0.21682464454976302 0.06933333333333333 0.09004739336492891
0 0.52 0.38744075829383884 0.05511111111111111 0.0947867298578199
0 0.1351111111111111 0.7997630331753555 0.08711111111111111 0.1066350710900474
0 0.2248888888888889 0.46445497630331756 0.07288888888888889 0.0924170616113744
0 0.6115555555555555 0.5687203791469194 0.07644444444444444 0.10900473933649289
0 0.5626666666666666 0.009478672985781991 0.03911111111111111 0.07582938388625593
0 0.45066666666666666 0.9620853080568721 0.03911111111111111 0.05924170616113744
0 0.8275555555555556 0.7843601895734598 0.07466666666666667 0.10900473933649289
0 0.5857777777777777 0.30450236966824645 0.048 0.06872037914691943
0 0.9546666666666667 0.5390995260663507 0.10311111111111111 0.12796208530805686
0 0.5395555555555556 0.25 0.05688888888888889 0.07582938388625593
0 0.6862222222222222 0.47511848341232227 0.07111111111111111 0.08293838862559241
0 0.42488888888888887 0.9265402843601895 0.042666666666666665 0.052132701421800945
1 0.4915555555555556 0.005924170616113744 0.037333333333333336 0.03317535545023697
1 0.005333333333333333 0.3447867298578199 0.07288888888888889 0.08293838862559241
1 0.19733333333333333 0.26303317535545023 0.10133333333333333 0.13033175355450238
0 0.8346666666666667 0.3222748815165877 0.08355555555555555 0.0947867298578199
0 0.20622222222222222 0.39454976303317535 0.042666666666666665 0.07582938388625593
1 0.25333333333333335 0.8092417061611374 0.07822222222222222 0.13033175355450238
0 0.5022222222222222 0.8317535545023697 0.049777777777777775 0.08056872037914692
0 0.6151111111111112 0.7488151658767772 0.0799999999999998 0.1066350710900474
0 0.7813333333333333 0.7440758293838863 0.05688888888888889 0.04976303317535545
0 0.5395555555555556 0.0462085308056872 0.037333333333333336 0.06635071090047394
0 0.4497777777777778 0.38744075829383884 0.07644444444444444 0.1018957345971564
0 0.5617777777777778 0.13033175355450238 0.058666666666666666 0.09241706161137438
0 0.31377777777777777 0.7440758293838863 0.058666666666666666 0.0971563981042654
0 0.824 0.6030805687203792 0.049777777777777775 0.07582938388625579
0 0.9866666666666667 0.44075829383886256 0.07288888888888889 0.09004739336492891
0 0.9066666666666666 0.8139810426540285 0.08711111111111111 0.12085308056872038
