1 0.6355555555555555 0.7772511848341233 0.06577777777777778 0.13981042654028436
1 0.8142222222222222 0.031990521327014215 0.06933333333333333 0.0971563981042654
1 0.448 0.3353080568720379 0.14222222222222222 0.17298578199052134
0 0.856 0.9016587677725119 0.044444444444444446 0.061611374407582936
1 0.8186666666666667 0.34360189573459715 0.032 0.06398104265402843
1 0.24444444444444444 0.034360189573459717 0.14755555555555555 0.15639810426540285
1 0.7448888888888889 0.518957345971564 0.09955555555555555 0.0971563981042654
1 0.8862222222222222 0.4549763033175355 0.06577777777777778 0.0971563981042654
0 0.9697777777777777 0.9158767772511849 0.05688888888888889 0.07345971563981042
1 0.8311111111111111 0.6018957345971564 0.049777777777777775 0.061611374407582936
1 0.544 0.3412322274881517 0.06933333333333333 0.07582938388625593
