0 0.6862222222222222 0.23459715639810427 0.04622222222222222 0.07345971563981042
0 0.7208888888888889 0.30924170616113744 0.05511111111111111 0.07582938388625593
0 0.7395555555555555 0.4277251184834123 0.048 0.08056872037914692
0 0.6533333333333333 0.016587677725118485 0.064 0.07345971563981042
0 0.7155555555555555 0.47511848341232227 0.03555555555555576 0.04265402843601896
0 0.5448888888888889 0.3921800947867299 0.044444444444444446 0.035545023696682464
0 0.2862222222222222 0.5118483412322274 0.05688888888888889 0.06872037914691957
0 0.6782222222222222 0.36018957345971564 0.0640000000000002 0.07109004739336493
0 0.4328888888888889 0.27606635071090047 0.044444444444444446 0.052132701421800945
0 0.6 0.06990521327014218 0.05688888888888889 0.05687203791469194
0 0.6053333333333333 0.3104265402843602 0.04088888888888909 0.04265402843601896
0 0.9475555555555556 0.3613744075829384 0.06755555555555555 0.0924170616113744
0 0.49955555555555553 0.25355450236966826 0.042666666666666665 0.04265402843601896
0 0.4311111111111111 0.24052132701421802 0.04088888888888889 0.04028436018957346
0 0.4408888888888889 0.11374407582938388 0.05511111111111111 0.07345971563981042
0 0.8391111111111111 0.47393364928909953 0.019555555555555555 0.037914691943127965
0 0.64 0.08175355450236967 0.042666666666666665 0.05687203791469194
0 0.6 0.4253554502369668 0.03911111111111111 0.04976303317535545
0 0.7875555555555556 0.13270142180094788 0.05511111111111111 0.07819905213270138
0 0.5315555555555556 0.14218009478672985 0.049777777777777775 0.05924170616113744
0 0.6551111111111111 0.16943127962085308 0.03911111111111111 0.052132701421800945
0 0.6853333333333333 0.07227488151658767 0.051555555555555556 0.06398104265402843
0 0.5537777777777778 0.36492890995260663 0.037333333333333336 0.037914691943127965
0 0.3591111111111111 0.4609004739336493 0.064 0.09004739336492891
0 0.9715555555555555 0.5248815165876777 0.05688888888888889 0.05687203791469208
0 0.5493333333333333 0.24881516587677724 0.05688888888888889 0.06872037914691943
0 0.6551111111111111 0.41350710900473936 0.05511111111111111 0.061611374407582936
0 0.8773333333333333 0.48104265402843605 0.05333333333333334 0.054502369668246446
0 0.5742222222222222 0.1362559241706161 0.042666666666666665 0.05450236966824648
0 0.46844444444444444 0.20497630331753555 0.033777777777777775 0.05687203791469194
0 0.8488888888888889 0.48933649289099523 0.017777777777777778 0.030805687203791468
0 0.7351111111111112 0.09123222748815166 0.05511111111111111 0.08530805687203792
0 0.7688888888888888 0.29739336492890994 0.042666666666666665 0.07345971563981042
0 0.8888888888888888 0.1528436018957346 0.042666666666666665 0.054502369668246446
0 0.7777777777777778 0.1990521327014218 0.044444444444444446 0.061611374407582936
