1 0.32622222222222225 0.5604265402843602 0.06755555555555555 0.05687203791469181
0 0.47733333333333333 0.12796208530805686 0.051555555555555556 0.06161137440758297
0 0.29333333333333333 0.22867298578199052 0.035555555555555556 0.04265402843601896
0 0.688 0.1362559241706161 0.030222222222222424 0.040284360189573494
0 0.22755555555555557 0.2014218009478673 0.02311111111111111 0.037914691943127965
0 0.3973333333333333 0.011848341232227487 0.05333333333333334 0.05687203791469194
0 0.5306666666666666 0.20497630331753555 0.03911111111111111 0.03317535545023697
0 0.4577777777777778 0.22511848341232227 0.030222222222222223 0.04028436018957346
0 0.28355555555555556 0.3056872037914692 0.033777777777777775 0.035545023696682464
0 0.5475555555555556 0.16350710900473933 0.02666666666666667 0.04028436018957346
0 0.672 0.04739336492890995 0.032 0.045023696682464455
0 0.5431111111111111 0.0509478672985782 0.033777777777777775 0.04028436018957346
0 0.39644444444444443 0.10426540284360189 0.042666666666666665 0.052132701421800945
0 0.6515555555555556 0.13507109004739337 0.033777777777777775 0.04028436018957346
0 0.1928888888888889 0.15639810426540285 0.032 0.037914691943127965
0 0.42133333333333334 0.12796208530805686 0.044444444444444446 0.047393364928909984
0 0.47644444444444445 0.19549763033175355 0.028444444444444446 0.026066350710900472
0 0.7946666666666666 0.005924170616113744 0.048 0.054502369668246446
0 0.5582222222222222 0.10781990521327015 0.02666666666666667 0.04028436018957346
