0 0.9128888888888889 0.5734597156398105 0.04622222222222222 0.05450236966824631
0 0.45955555555555555 0.26540284360189575 0.05333333333333334 0.09241706161137433
0 0.5795555555555556 0.0485781990521327 0.07466666666666667 0.0947867298578199
0 0.17066666666666666 0.27014218009478674 0.03911111111111111 0.06398104265402843
0 0.37066666666666664 0.41232227488151657 0.051555555555555556 0.08056872037914692
0 0.2737777777777778 0.2109004739336493 0.042666666666666665 0.054502369668246446
0 0.7066666666666667 0.518957345971564 0.048 0.08530805687203792
0 0.6417777777777778 0.014218009478672985 0.033777777777777775 0.045023696682464455
0 0.5697777777777778 0.8566350710900474 0.08177777777777778 0.0971563981042654
0 0.7235555555555555 0.14691943127962084 0.08355555555555555 0.12322274881516591
0 0.45955555555555555 0.47985781990521326 0.05688888888888889 0.1066350710900474
0 0.44355555555555554 0.556872037914692 0.06933333333333333 0.09004739336492891
0 0.31555555555555553 0.235781990521327 0.03911111111111111 0.04265402843601896
0 0.44266666666666665 0.70260663507109 0.06577777777777778 0.12322274881516587
0 0.6186666666666667 0.6540284360189573 0.04622222222222222 0.07109004739336493
0 0.4177777777777778 0.27606635071090047 0.04977777777777768 0.06398104265402843
0 0.7226666666666667 0.9656398104265402 0.042666666666666665 0.07345971563981042
0 0.37066666666666664 0.273696682464455 0.05333333333333334 0.06398104265402837
0 0.52 0.19312796208530805 0.06577777777777778 0.08767772511848342
0 0.30044444444444446 0.3566350710900474 0.058666666666666666 0.061611374407582936
0 0.7528888888888889 0.2772511848341232 0.0639999999999998 0.10663507109004747
0 0.24622222222222223 0.2523696682464455 0.035555555555555556 0.04739336492890989
0 0.2613333333333333 0.3033175355450237 0.0320000000000001 0.04976303317535545
0 0.7217777777777777 0.026066350710900472 0.06933333333333333 0.0924170616113744
0 0.21066666666666667 0.17417061611374407 0.058666666666666666 0.052132701421800945
0 0.2551111111111111 0.3353080568720379 0.044444444444444446 0.037914691943127965
0 0.41688888888888886 0.4597156398104265 0.04622222222222222 0.07582938388625593
0 0.38755555555555554 0.4976303317535545 0.042666666666666665 0.06872037914691943
0 0.4142222222222222 0.3744075829383886 0.05511111111111111 0.09004739336492891
0 0.4888888888888889 0.5936018957345972 0.06577777777777778 0.09952606635071076
