0 0.4666666666666667 0.024881516587677725 0.037333333333333336 0.05924170616113744
0 0.014222222222222223 0.21682464454976302 0.037333333333333336 0.02843601895734597
0 0.44 0.06516587677725119 0.044444444444444446 0.04502369668246444
0 0.43022222222222223 0.011848341232227487 0.021333333333333333 0.037914691943127965
0 0.232 0.09123222748815166 0.060444444444444446 0.08293838862559241
0 0.36533333333333334 0.061611374407582936 0.033777777777777775 0.04028436018957346
0 0.5066666666666667 0.11018957345971564 0.030222222222222223 0.02843601895734597
0 0.3031111111111111 0.06635071090047394 0.028444444444444446 0.04265402843601894
0 0.7751111111111111 0.09360189573459715 0.033777777777777775 0.04976303317535545
0 0.9697777777777777 0.22511848341232227 0.04622222222222222 0.05924170616113744
0 0.21155555555555555 0.13507109004739337 0.035555555555555556 0.04739336492890995
0 0.4275555555555556 0.08767772511848342 0.028444444444444446 0.02132701421800948
0 0.48977777777777776 0.009478672985781991 0.02311111111111111 0.03317535545023697
0 0.3982222222222222 0.03317535545023697 0.042666666666666665 0.061611374407582936
0 0.8311111111111111 0.29739336492890994 0.04088888888888889 0.04739336492890995
0 0.9324444444444444 0.2985781990521327 0.037333333333333336 0.0639810426540285
0 0.24355555555555555 0.13744075829383887 0.037333333333333336 0.04028436018957346
0 0.2657777777777778 0.04265402843601896 0.044444444444444446 0.07582938388625593
0 0.5022222222222222 0.06635071090047394 0.02666666666666667 0.03317535545023695
0 0.6213333333333333 0.1528436018957346 0.05688888888888889 0.04976303317535545
0 0.6995555555555556 0.14218009478672985 0.06222222222222222 0.06872037914691943
0 0.56 0.09004739336492891 0.04088888888888869 0.07345971563981042
0 0.4791111111111111 0.08293838862559241 0.030222222222222223 0.037914691943127965
0 0.12977777777777777 0.18246445497630331 0.044444444444444446 0.026066350710900472
0 0.176 0.1528436018957346 0.042666666666666665 0.04976303317535545
0 0.904 0.36492890995260663 0.044444444444444446 0.07582938388625593
0 0.328 0.08412322274881516 0.03911111111111111 0.04265402843601896
0 0.06488888888888888 0.1943127962085308 0.048 0.04265402843601896
0 0.592 0.009478672985781991 0.048 0.054502369668246446
