0 0.3111111111111111 0.4028436018957346 0.04622222222222222 0.0924170616113744
0 0.24533333333333332 0.2985781990521327 0.033777777777777775 0.030805687203791537
0 0.5102222222222222 0.5924170616113744 0.05511111111111111 0.06872037914691943
0 0.22933333333333333 0.28199052132701424 0.024888888888888887 0.03791469194312803
0 0.24977777777777777 0.3708530805687204 0.024888888888888887 0.037914691943127965
0 0.18933333333333333 0.2950236966824645 0.02311111111111111 0.028436018957345904
0 0.208 0.31635071090047395 0.030222222222222223 0.037914691943127965
0 0.3031111111111111 0.46919431279620855 0.04088888888888889 0.06635071090047394
0 0.39911111111111114 0.768957345971564 0.02844444444444434 0.07109004739336493
0 0.2657777777777778 0.4194312796208531 0.07288888888888889 0.07819905213270142
0 0.3208888888888889 0.6777251184834123 0.04622222222222222 0.1066350710900474
0 0.328 0.556872037914692 0.051555555555555556 0.08293838862559241
0 0.42577777777777776 0.7511848341232228 0.04622222222222222 0.08530805687203792
0 0.26844444444444443 0.33175355450236965 0.042666666666666665 0.06872037914691943
0 0.4577777777777778 0.966824644549763 0.05511111111111111 0.0971563981042654
0 0.24444444444444444 0.2037914691943128 0.04088888888888889 0.05924170616113744
0 0.2577777777777778 0.25829383886255924 0.033777777777777775 0.07109004739336493
0 0.232 0.33293838862559244 0.02666666666666667 0.037914691943127965
0 0.4408888888888889 0.8246445497630331 0.058666666666666666 0.05924170616113744
0 0.22044444444444444 0.36018957345971564 0.04088888888888889 0.052132701421800945
0 0.5093333333333333 0.731042654028436 0.07288888888888889 0.10426540284360189
0 0.1902222222222222 0.1481042654028436 0.042666666666666714 0.054502369668246446
0 0.3751111111111111 0.6658767772511849 0.030222222222222223 0.07582938388625593
0 0.43733333333333335 0.8921800947867299 0.060444444444444446 0.1066350710900474
