0 0.5031111111111111 0.07109004739336493 0.044444444444444446 0.06872037914691943
0 0.8275555555555556 0.25829383886255924 0.07644444444444444 0.07582938388625593
0 0.36088888888888887 0.2843601895734597 0.021333333333333333 0.02843601895734597
0 0.8764444444444445 0.235781990521327 0.02666666666666667 0.04265402843601896
0 0.3448888888888889 0.09597156398104266 0.048 0.04265402843601896
0 0.3333333333333333 0.12559241706161137 0.04088888888888889 0.045023696682464455
0 0.7484444444444445 0.18127962085308058 0.06933333333333333 0.08056872037914692
0 0.9688888888888889 0.5758293838862559 0.08177777777777778 0.08530805687203792
0 0.45955555555555555 0.11729857819905214 0.04622222222222222 0.04739336492890995
0 0.39911111111111114 0.11374407582938388 0.04444444444444434 0.037914691943127965
0 0.48355555555555557 0.1386255924170616 0.035555555555555556 0.03791469194312799
0 0.2613333333333333 0.12085308056872038 0.03555555555555566 0.03317535545023697
0 0.3973333333333333 0.3056872037914692 0.024888888888888887 0.035545023696682464
0 0.824 0.2014218009478673 0.06222222222222222 0.05687203791469194
0 0.29155555555555557 0.2902843601895735 0.06755555555555555 0.07345971563981035
0 0.5111111111111111 0.11729857819905214 0.051555555555555556 0.04976303317535545
