0 0.44537815126050423 0.7425373134328358 0.05322128851540616 0.06716417910447761
0 0.7927170868347339 0.048507462686567165 0.036414565826330535 0.05223880597014925
0 0.834733893557423 0.4197761194029851 0.05322128851540616 0.06343283582089553
0 0.18207282913165265 0.03544776119402985 0.0392156862745098 0.048507462686567165
0 0.8865546218487395 0.17723880597014927 0.036414565826330535 0.055970149253731345
0 0.9355742296918768 0.16044776119402984 0.028011204481792718 0.0708955223880597
0 0.4579831932773109 0.5914179104477612 0.06162464985994398 0.08955223880597014
0 0.8683473389355743 0.8022388059701493 0.04481792717086835 0.05970149253731343
0 0.8935574229691877 0.048507462686567165 0.04481792717086835 0.055970149253731345
0 0.8179271708683473 0.08582089552238806 0.036414565826330535 0.041044776119402986
