0 0.10844444444444444 0.8625592417061612 0.02666666666666667 0.023696682464454975
0 0.8231111111111111 0.9869668246445498 0.03911111111111111 0.037914691943127965
0 0.6364444444444445 0.7428909952606635 0.05511111111111111 0.04028436018957346
0 0.34933333333333333 0.041469194312796206 0.07111111111111111 0.07819905213270142
0 0.31733333333333336 0.8672985781990521 0.021333333333333333 0.030805687203791468
0 0.2906666666666667 0.9229857819905213 0.019555555555555555 0.037914691943127965
0 0.5297777777777778 0.5462085308056872 0.06577777777777778 0.07345971563981042
0 0.5368888888888889 0.9502369668246445 0.048 0.061611374407582936
1 0.3164444444444444 0.6919431279620853 0.11022222222222232 0.12322274881516587
0 0.7475555555555555 0.9786729857819905 0.048 0.04028436018957346
0 0.6728888888888889 0.5876777251184834 0.058666666666666666 0.06872037914691957
0 0.736 0.95260663507109 0.03911111111111111 0.02843601895734597
0 0.7217777777777777 0.6646919431279621 0.044444444444444446 0.05687203791469194
0 0.19644444444444445 0.4976303317535545 0.048 0.07345971563981042
0 0.5066666666666667 0.9170616113744076 0.033777777777777775 0.05687203791469194
0 0.6888888888888889 0.9656398104265402 0.051555555555555556 0.04976303317535545
0 0.11555555555555555 0.7037914691943128 0.051555555555555556 0.07109004739336493
0 0.4444444444444444 0.8436018957345972 0.04088888888888889 0.052132701421800945
0 0.6115555555555555 0.6137440758293838 0.06933333333333333 0.06872037914691943
0 0.10133333333333333 0.7796208530805687 0.019555555555555555 0.030805687203791468
0 0.2951111111111111 0.8341232227488151 0.02666666666666667 0.02843601895734597
0 0.2248888888888889 0.966824644549763 0.02311111111111111 0.035545023696682464
0 0.7093333333333334 0.9964454976303317 0.032 0.03317535545023697
0 0.48977777777777776 0.8447867298578199 0.044444444444444446 0.05687203791469194
0 0.06844444444444445 0.8151658767772512 0.021333333333333333 0.030805687203791468
0 0.20177777777777778 0.6883886255924171 0.05688888888888889 0.07109004739336493
0 0.384 0.9360189573459715 0.037333333333333336 0.035545023696682464
1 0.5084444444444445 0.07464454976303317 0.09244444444444444 0.09952606635071092
0 0.1448888888888889 0.8838862559241706 0.021333333333333333 0.030805687203791468
0 0.12266666666666666 0.8151658767772512 0.024888888888888887 0.037914691943127965
0 0.16355555555555557 0.9466824644549763 0.024888888888888887 0.02843601895734597
0 0.7048888888888889 0.7049763033175356 0.05688888888888889 0.052132701421800945
1 0.5262222222222223 0.7322274881516587 0.08533333333333333 0.12085308056872038
0 0.216 0.8732227488151659 0.02311111111111111 0.037914691943127965
0 0.17955555555555555 0.8270142180094787 0.021333333333333333 0.02132701421800948
0 0.03822222222222222 0.7890995260663507 0.024888888888888887 0.03317535545023697
0 0.3368888888888889 0.8945497630331753 0.02666666666666667 0.03317535545023697
0 0.3626666666666667 0.9691943127962085 0.026666666666666564 0.04265402843601896
0 0.16622222222222222 0.8471563981042654 0.017777777777777778 0.030805687203791468
