0 0.7857142857142857 0.016791044776119403 0.036414565826330535 0.055970149253731345
0 0.819327731092437 0.19029850746268656 0.04481792717086835 0.08208955223880597
0 0.3543417366946779 0.30223880597014924 0.05322128851540616 0.06343283582089553
0 0.8081232492997199 0.06902985074626866 0.047619047619047616 0.055970149253731345
0 0.24929971988795518 0.9309701492537313 0.056022408963585436 0.05970149253731343
0 0.22128851540616246 0.5111940298507462 0.04481792717086835 0.06343283582089553
0 0.2507002801120448 0.628731343283582 0.03361344537815126 0.0708955223880597
0 0.23249299719887956 0.7350746268656716 0.04201680672268908 0.06343283582089553
0 0.5938375350140056 0.38619402985074625 0.0392156862745098 0.055970149253731345
0 0.4005602240896359 0.7985074626865671 0.047619047619047616 0.0708955223880597
