0 0.14666666666666667 0.7938388625592417 0.049777777777777775 0.06635071090047394
0 0.6986666666666667 0.9786729857819905 0.04622222222222222 0.03317535545023697
0 0.29688888888888887 0.7819905213270142 0.04622222222222222 0.05687203791469194
0 0.26755555555555555 0.8590047393364929 0.044444444444444446 0.08293838862559241
0 0.20977777777777779 0.11848341232227488 0.044444444444444446 0.05687203791469194
0 0.24266666666666667 0.5959715639810427 0.05688888888888889 0.06635071090047394
0 0.448 0.8815165876777251 0.035555555555555556 0.037914691943127965
0 0.288 0.037914691943127965 0.028444444444444446 0.04028436018957346
0 0.2648888888888889 0.9372037914691943 0.037333333333333336 0.06635071090047394
0 0.19111111111111112 0.7950236966824644 0.04088888888888889 0.061611374407582936
0 0.2897777777777778 0.5154028436018957 0.048 0.061611374407583075
0 0.25333333333333335 0.07819905213270142 0.04088888888888889 0.061611374407582936
0 0.2328888888888889 0.2037914691943128 0.032 0.037914691943127965
0 0.2577777777777778 0.6895734597156398 0.024888888888888887 0.04976303317535545
0 0.019555555555555555 0.278436018957346 0.048 0.061611374407582936
0 0.5564444444444444 0.9739336492890995 0.032 0.04028436018957346
0 0.21955555555555556 0.735781990521327 0.049777777777777775 0.04976303317535545
0 0.2088888888888889 0.8341232227488151 0.04799999999999995 0.05924170616113744
0 0.3342222222222222 0.43601895734597157 0.042666666666666665 0.06398104265402843
0 0.1351111111111111 0.95260663507109 0.035555555555555556 0.04028436018957346
