0 0.4648888888888889 0.2890995260663507 0.060444444444444446 0.07582938388625593
0 0.7368888888888889 0.8779620853080569 0.05333333333333334 0.07582938388625593
1 0.6248888888888889 0.20616113744075829 0.05511111111111111 0.07109004739336493
0 0.3288888888888889 0.01066350710900474 0.04622222222222222 0.03317535545023697
0 0.43644444444444447 0.23933649289099526 0.064 0.08056872037914692
0 0.432 0.41824644549763035 0.08177777777777778 0.0971563981042654
1 0.4177777777777778 0.13033175355450238 0.08177777777777767 0.09241706161137438
0 0.25066666666666665 0.5462085308056872 0.13333333333333333 0.13033175355450238
0 0.2826666666666667 0.005924170616113744 0.035555555555555556 0.04739336492890995
1 0.7626666666666667 0.6161137440758294 0.048 0.1018957345971564
1 0.10222222222222223 0.19194312796208532 0.10133333333333333 0.0995260663507109
1 0.8817777777777778 0.13744075829383887 0.06577777777777778 0.12322274881516587
0 0.5111111111111111 0.013033175355450236 0.044444444444444446 0.05687203791469194
1 0.39644444444444443 0.5462085308056872 0.12622222222222224 0.14454976303317535
0 0.23555555555555555 0.0071090047393364926 0.02666666666666667 0.016587677725118485
1 0.7591111111111111 0.3068720379146919 0.05511111111111111 0.10426540284360189
1 0.768 0.8056872037914692 0.10844444444444444 0.15165876777251186
1 0.5733333333333334 0.13270142180094788 0.058666666666666666 0.08056872037914689
0 0.49066666666666664 0.12440758293838862 0.04622222222222222 0.054502369668246446
0 0.25244444444444447 0.03672985781990521 0.03911111111111101 0.04739336492890995
0 0.6515555555555556 0.02132701421800948 0.044444444444444446 0.06872037914691943
0 0.6986666666666667 0.7535545023696683 0.060444444444444446 0.08293838862559241
0 0.36444444444444446 0.4158767772511848 0.06577777777777778 0.0924170616113744
0 0.6915555555555556 0.07227488151658767 0.044444444444444446 0.061611374407582936
1 0.13955555555555554 0.04265402843601896 0.10666666666666667 0.1018957345971564
