0 0.42844444444444446 0.061611374407582936 0.048 0.061611374407582936
0 0.4097777777777778 0.11137440758293839 0.03911111111111111 0.052132701421800945
0 0.7173333333333334 0.49170616113744076 0.051555555555555556 0.054502369668246446
0 0.43644444444444447 0.5414691943127962 0.033777777777777775 0.06398104265402857
0 0.6666666666666666 0.5071090047393365 0.048 0.06398104265402843
0 0.37333333333333335 0.061611374407582936 0.03911111111111111 0.052132701421800945
0 0.41155555555555556 0.4786729857819905 0.04622222222222222 0.07345971563981042
0 0.864 0.806872037914692 0.05688888888888889 0.052132701421800945
0 0.5315555555555556 0.4466824644549763 0.042666666666666665 0.04976303317535545
0 0.7457777777777778 0.6327014218009479 0.048 0.08293838862559241
0 0.3546666666666667 0.6670616113744076 0.05333333333333334 0.05924170616113744
0 0.39911111111111114 0.5616113744075829 0.05511111111111101 0.08293838862559241
0 0.8364444444444444 0.5770142180094787 0.05511111111111111 0.07582938388625605
0 0.3448888888888889 0.7156398104265402 0.049777777777777775 0.05924170616113744
0 0.5191111111111111 0.31398104265402843 0.042666666666666665 0.08056872037914692
0 0.44622222222222224 0.7180094786729858 0.04622222222222222 0.06635071090047394
0 0.7013333333333334 0.4466824644549763 0.05333333333333334 0.061611374407582936
0 0.4275555555555556 0.41232227488151657 0.037333333333333336 0.05924170616113744
0 0.8062222222222222 0.5154028436018957 0.08177777777777778 0.09478672985781977
0 0.7857777777777778 0.6161137440758294 0.05511111111111111 0.09004739336492891
0 0.4008888888888889 0.6919431279620853 0.05511111111111111 0.07582938388625593
0 0.49777777777777776 0.8732227488151659 0.060444444444444446 0.08056872037914692
0 0.4177777777777778 0.7511848341232228 0.05155555555555545 0.061611374407582936
0 0.37244444444444447 0.4834123222748815 0.06755555555555555 0.0947867298578199
0 0.5484444444444444 0.25829383886255924 0.07466666666666667 0.08056872037914692
0 0.984 0.3353080568720379 0.044444444444444446 0.09004739336492891
0 0.4622222222222222 0.5781990521327014 0.04622222222222222 0.08293838862559241
0 0.8524444444444444 0.6504739336492891 0.037333333333333336 0.052132701421800945
0 0.5306666666666666 0.38981042654028436 0.048 0.06635071090047394
0 0.8808888888888889 0.735781990521327 0.0479999999999998 0.054502369668246446
0 0.43822222222222224 0.6208530805687204 0.02311111111111111 0.05687203791469194
0 0.4 0.3921800947867299 0.05333333333333334 0.07819905213270142
0 0.36 0.5888625592417062 0.05333333333333334 0.06398104265402843
0 0.9902222222222222 0.17298578199052134 0.03911111111111111 0.05924170616113744
0 0.48977777777777776 0.27488151658767773 0.04622222222222222 0.07109004739336493
0 0.8337777777777777 0.4395734597156398 0.06933333333333333 0.07345971563981042
0 0.29688888888888887 0.7085308056872038 0.058666666666666666 0.08293838862559241
0 0.488 0.6860189573459715 0.044444444444444446 0.06635071090047394
0 0.8151111111111111 0.3862559241706161 0.064 0.07109004739336493
0 0.4862222222222222 0.45023696682464454 0.048 0.04739336492890995
0 0.33244444444444443 0.6220379146919431 0.037333333333333336 0.052132701421800945
0 0.4631111111111111 0.11137440758293839 0.049777777777777775 0.07582938388625593
0 0.392 0.6303317535545023 0.04622222222222222 0.06872037914691943
0 0.472 0.3921800947867299 0.044444444444444446 0.08293838862559241
0 0.48444444444444446 0.33175355450236965 0.048 0.04976303317535545
0 0.4746666666666667 0.7855450236966824 0.049777777777777775 0.06872037914691943
0 0.5724444444444444 0.46327014218009477 0.05333333333333334 0.054502369668246446
