0 0.232 0.8542654028436019 0.02666666666666667 0.045023696682464455
0 0.5208888888888888 0.3104265402843602 0.035555555555555556 0.05687203791469194
0 0.5244444444444445 0.8649289099526066 0.032 0.04976303317535545
0 0.68 0.7381516587677726 0.035555555555555556 0.045023696682464455
0 0.1768888888888889 0.9620853080568721 0.035555555555555556 0.04976303317535545
0 0.35733333333333334 0.8601895734597157 0.044444444444444446 0.07582938388625593
0 0.7493333333333333 0.6966824644549763 0.037333333333333336 0.045023696682464455
0 0.25155555555555553 0.9917061611374408 0.044444444444444446 0.045023696682464455
0 0.5102222222222222 0.8281990521327014 0.042666666666666665 0.045023696682464455
0 0.7022222222222222 0.6646919431279621 0.02666666666666667 0.045023696682464455
0 0.9928888888888889 0.5450236966824644 0.02666666666666667 0.04976303317535558
0 0.41244444444444445 0.79739336492891 0.037333333333333336 0.045023696682464455
0 0.3164444444444444 0.6054502369668247 0.03555555555555566 0.06635071090047394
0 0.49244444444444446 0.24170616113744076 0.064 0.08293838862559241
0 0.37955555555555553 0.7950236966824644 0.024888888888888887 0.037914691943127965
0 0.7306666666666667 0.6540284360189573 0.04088888888888889 0.030805687203791468
0 0.8826666666666667 0.669431279620853 0.05511111111111111 0.07819905213270142
0 0.6666666666666666 0.6741706161137441 0.048 0.06398104265402843
0 0.3164444444444444 0.7914691943127962 0.04088888888888899 0.035545023696682464
0 0.44266666666666665 0.8151658767772512 0.02666666666666667 0.035545023696682464
0 0.18933333333333333 0.9928909952606635 0.02666666666666667 0.04028436018957346
0 0.3635555555555556 0.6327014218009479 0.033777777777777775 0.04265402843601896
0 0.9226666666666666 0.9881516587677726 0.060444444444444446 0.07819905213270142
0 0.8435555555555555 0.840047393364929 0.04088888888888909 0.06872037914691943
