0 0.04711111111111111 0.17772511848341233 0.09066666666666667 0.0971563981042654
0 0.7137777777777777 0.11966824644549763 0.035555555555555556 0.06635071090047394
0 0.9822222222222222 0.011848341232227487 0.030222222222222223 0.04739336492890995
0 0.6391111111111111 0.7002369668246445 0.035555555555555556 0.05687203791469194
0 0.5955555555555555 0.38388625592417064 0.05688888888888909 0.08293838862559241
0 0.5911111111111111 0.7938388625592417 0.048 0.06635071090047394
0 0.752 0.3755924170616114 0.033777777777777775 0.05924170616113744
0 0.18222222222222223 0.3791469194312796 0.06222222222222222 0.09004739336492891
0 0.3191111111111111 0.37796208530805686 0.08533333333333333 0.1066350710900474
0 0.6746666666666666 0.2985781990521327 0.051555555555555556 0.0781990521327015
0 0.5946666666666667 0.9206161137440758 0.04088888888888889 0.07582938388625593
0 0.8302222222222222 0.22511848341232227 0.032 0.04739336492890995
0 0.744 0.12085308056872038 0.030222222222222223 0.04976303317535545
0 0.14844444444444443 0.41824644549763035 0.049777777777777775 0.05687203791469194
0 0.8533333333333334 0.1552132701421801 0.0319999999999998 0.05924170616113744
0 0.41955555555555557 0.1362559241706161 0.033777777777777775 0.06635071090047397
0 0.6853333333333333 0.13151658767772512 0.030222222222222223 0.054502369668246446
0 0.7751111111111111 0.1362559241706161 0.037333333333333336 0.056872037914691975
0 0.7893333333333333 0.10308056872037914 0.033777777777777775 0.04028436018957346
0 0.12977777777777777 0.027251184834123223 0.07822222222222222 0.0971563981042654
0 0.6853333333333333 0.5284360189573459 0.044444444444444446 0.06635071090047406
1 0.6071111111111112 0.8601895734597157 0.058666666666666666 0.1066350710900474
0 0.7271111111111112 0.08412322274881516 0.035555555555555556 0.04265402843601896
0 0.6391111111111111 0.6279620853080569 0.05333333333333334 0.06872037914691943
0 0.8515555555555555 0.2571090047393365 0.033777777777777775 0.04028436018957339
1 0.5768888888888889 0.7109004739336493 0.08177777777777778 0.11848341232227488
0 0.37244444444444447 0.17061611374407584 0.05511111111111111 0.07345971563981042
0 0.3297777777777778 0.1966824644549763 0.05511111111111111 0.08056872037914692
