1 0.2328888888888889 0.683649289099526 0.037333333333333336 0.05924170616113744
0 0.8115555555555556 0.6137440758293838 0.128 0.15402843601895735
0 0.08444444444444445 0.10545023696682465 0.02666666666666667 0.04739336492890995
1 0.5715555555555556 0.5995260663507109 0.07466666666666667 0.08530805687203792
0 0.7991111111111111 0.3909952606635071 0.08177777777777778 0.05687203791469194
0 0.3688888888888889 0.3104265402843602 0.024888888888888887 0.04265402843601896
0 0.18844444444444444 0.7665876777251185 0.021333333333333333 0.030805687203791468
0 0.43022222222222223 0.6718009478672986 0.030222222222222223 0.061611374407582936
0 0.29777777777777775 0.01066350710900474 0.04266666666666677 0.045023696682464455
0 0.5484444444444444 0.20616113744075829 0.05688888888888889 0.07819905213270142
0 0.5697777777777778 0.1528436018957346 0.035555555555555556 0.04028436018957346
0 0.25955555555555554 0.47393364928909953 0.04088888888888889 0.045023696682464455
0 0.8666666666666667 0.10308056872037914 0.06933333333333333 0.10426540284360189
0 0.7191111111111111 0.06042654028436019 0.07822222222222222 0.05924170616113744
1 0.6906666666666667 0.43601895734597157 0.11022222222222222 0.09004739336492891
0 0.2871111111111111 0.3471563981042654 0.024888888888888887 0.035545023696682464
0 0.3031111111111111 0.7997630331753555 0.060444444444444446 0.07345971563981042
0 0.9493333333333334 0.07345971563981042 0.13155555555555556 0.1895734597156398
