0 0.31466666666666665 0.48578199052132703 0.05688888888888889 0.07109004739336493
0 0.568 0.6078199052132701 0.06755555555555576 0.0924170616113744
0 0.136 0.47985781990521326 0.044444444444444446 0.054502369668246446
0 0.19466666666666665 0.6611374407582938 0.037333333333333336 0.04739336492890995
0 0.5475555555555556 0.045023696682464455 0.04622222222222222 0.06635071090047394
0 0.4488888888888889 0.716824644549763 0.033777777777777775 0.054502369668246446
0 0.20177777777777778 0.5639810426540285 0.042666666666666665 0.0663507109004738
0 0.5413333333333333 0.13744075829383887 0.032 0.06635071090047394
0 0.37955555555555553 0.43009478672985785 0.049777777777777775 0.04739336492890995
0 0.39644444444444443 0.6741706161137441 0.048 0.06398104265402843
0 0.4471111111111111 0.6504739336492891 0.060444444444444446 0.08056872037914692
0 0.5484444444444444 0.7097156398104265 0.042666666666666665 0.06872037914691943
0 0.8462222222222222 0.15639810426540285 0.07466666666666667 0.06872037914691943
0 0.5102222222222222 0.40165876777251186 0.032 0.04976303317535545
0 0.24533333333333332 0.4656398104265403 0.060444444444444446 0.045023696682464455
