0 0.0938375350140056 0.7481343283582089 0.04481792717086835 0.08582089552238806
0 0.6414565826330533 0.4832089552238806 0.058823529411764545 0.07835820895522388
0 0.7955182072829131 0.016791044776119403 0.05322128851540616 0.04477611940298507
0 0.21288515406162464 0.542910447761194 0.04481792717086835 0.055970149253731345
0 0.8165266106442577 0.8283582089552238 0.04201680672268908 0.06716417910447761
0 0.561624649859944 0.6902985074626866 0.06442577030812324 0.08955223880597014
0 0.49019607843137253 0.27425373134328357 0.04201680672268908 0.07462686567164178
0 0.9299719887955182 0.7332089552238806 0.047619047619047616 0.0708955223880597
0 0.7787114845938375 0.32649253731343286 0.05042016806722689 0.07835820895522388
0 0.3851540616246499 0.18470149253731344 0.06722689075630252 0.08208955223880597
0 0.4887955182072829 0.11753731343283583 0.0392156862745098 0.06343283582089553
0 0.9229691876750701 0.06716417910447761 0.08683473389355742 0.08208955223880597
0 0.8515406162464986 0.7089552238805971 0.05322128851540616 0.06716417910447761
0 0.2619047619047619 0.43656716417910446 0.047619047619047616 0.05223880597014925
0 0.2338935574229692 0.47947761194029853 0.0392156862745098 0.05223880597014925
0 0.6736694677871149 0.13992537313432835 0.058823529411764545 0.07835820895522388
0 0.8123249299719888 0.12126865671641791 0.06162464985994398 0.07835820895522388
0 0.9131652661064426 0.013059701492537313 0.056022408963585436 0.033582089552238806
0 0.6848739495798319 0.7705223880597015 0.058823529411764705 0.06716417910447761
0 0.4677871148459384 0.5652985074626866 0.04481792717086835 0.07835820895522388
0 0.9061624649859944 0.664179104477612 0.058823529411764705 0.0708955223880597
