0 0.13244444444444445 0.590047393364929 0.07644444444444444 0.09004739336492877
0 0.2942222222222222 0.9881516587677726 0.05688888888888889 0.026066350710900472
0 0.8266666666666667 0.6030805687203792 0.05333333333333334 0.0687203791469193
0 0.9715555555555555 0.31398104265402843 0.048 0.07582938388625593
0 0.7831111111111111 0.9845971563981043 0.02311111111111111 0.037914691943127965
0 0.13866666666666666 0.7725118483412322 0.09244444444444444 0.0971563981042654
0 0.8657777777777778 0.909952606635071 0.028444444444444446 0.037914691943127965
1 0.5795555555555556 0.26540284360189575 0.042666666666666665 0.07582938388625586
0 0.8906666666666667 0.8672985781990521 0.026666666666666464 0.045023696682464455
0 0.6097777777777778 0.40165876777251186 0.058666666666666666 0.06635071090047394
1 0.3973333333333333 0.5118483412322274 0.10488888888888889 0.13507109004739323
0 0.8968888888888888 0.07464454976303317 0.06755555555555555 0.0853080568720379
1 0.9831111111111112 0.2381516587677725 0.07111111111111111 0.11848341232227488
0 0.33155555555555555 0.5675355450236966 0.05688888888888889 0.10426540284360203
0 0.8542222222222222 0.22630331753554503 0.064 0.08293838862559241
0 0.8328888888888889 0.18246445497630331 0.035555555555555556 0.045023696682464455
1 0.5297777777777778 0.035545023696682464 0.07466666666666667 0.0971563981042654
0 0.8542222222222222 0.5355450236966824 0.042666666666666665 0.04976303317535545
1 0.7004444444444444 0.8187203791469194 0.05333333333333334 0.07109004739336493
0 0.6835555555555556 0.15639810426540285 0.037333333333333336 0.045023696682464455
0 0.7911111111111111 0.6765402843601895 0.05511111111111111 0.06872037914691943
0 0.8026666666666666 0.16824644549763032 0.048 0.05924170616113744
0 0.7022222222222222 0.7630331753554502 0.044444444444444446 0.05924170616113744
0 0.8915555555555555 0.9158767772511849 0.024888888888888887 0.037914691943127965
0 0.37955555555555553 0.005924170616113744 0.048 0.02843601895734597
0 0.5146666666666667 0.8353080568720379 0.044444444444444446 0.06635071090047394
0 0.27644444444444444 0.8696682464454977 0.07822222222222222 0.07582938388625593
0 0.7733333333333333 0.8613744075829384 0.02311111111111111 0.037914691943127965
0 0.7502222222222222 0.41232227488151657 0.05333333333333334 0.07109004739336493
0 0.864 0.1362559241706161 0.048 0.06872037914691939
0 0.8088888888888889 0.5497630331753555 0.035555555555555556 0.052132701421800945
0 0.7688888888888888 0.20971563981042654 0.058666666666666666 0.06872037914691943
0 0.7315555555555555 0.10071090047393365 0.048 0.07819905213270142
0 0.8933333333333333 0.5545023696682464 0.05688888888888889 0.06635071090047406
0 0.632 0.3684834123222749 0.042666666666666665 0.06872037914691943
0 0.6168888888888889 0.09834123222748815 0.064 0.0947867298578199
0 0.7093333333333334 0.4146919431279621 0.05511111111111111 0.08056872037914692
0 0.8408888888888889 0.9395734597156398 0.02666666666666667 0.03317535545023697
0 0.47644444444444445 0.009478672985781991 0.064 0.08530805687203792
0 0.29333333333333333 0.9360189573459715 0.06577777777777778 0.06398104265402843
1 0.05511111111111111 0.25 0.11733333333333333 0.17772511848341233
0 0.9608888888888889 0.490521327014218 0.035555555555555556 0.04028436018957346
0 0.30577777777777776 0.6860189573459715 0.07466666666666667 0.11848341232227488
0 0.9271111111111111 0.5248815165876777 0.04088888888888889 0.052132701421801084
0 0.7608888888888888 0.0533175355450237 0.04444444444444465 0.08530805687203792
0 0.8293333333333334 0.8471563981042654 0.035555555555555556 0.04028436018957346
