0 0.6168888888888889 0.0035545023696682463 0.05511111111111111 0.023696682464454975
0 0.928 0.957345971563981 0.12622222222222224 0.15402843601895735
0 0.19555555555555557 0.016587677725118485 0.051555555555555556 0.054502369668246446
0 0.19466666666666665 0.48696682464454977 0.058666666666666666 0.052132701421800945
0 0.5715555555555556 0.8566350710900474 0.08177777777777778 0.0995260663507109
0 0.6328888888888888 0.7713270142180095 0.05688888888888909 0.11611374407582939
0 0.3591111111111111 0.7345971563981043 0.060444444444444446 0.10900473933649289
0 0.6693333333333333 0.3068720379146919 0.07466666666666667 0.0924170616113744
1 0.15733333333333333 0.693127962085308 0.096 0.13507109004739337
0 0.10577777777777778 0.07582938388625593 0.07466666666666667 0.0924170616113744
0 0.47555555555555556 0.8199052132701422 0.09422222222222222 0.13033175355450238
0 0.30133333333333334 0.28791469194312796 0.02666666666666667 0.052132701421800945
0 0.7706666666666667 0.011848341232227487 0.049777777777777574 0.05924170616113744
0 0.27644444444444444 0.43364928909952605 0.07288888888888889 0.061611374407582936
0 0.2791111111111111 0.28080568720379145 0.04622222222222222 0.08056872037914692
0 0.9502222222222222 0.49170616113744076 0.10311111111111111 0.1066350710900474
0 0.8222222222222222 0.3803317535545024 0.064 0.08056872037914692
0 0.31555555555555553 0.11374407582938388 0.035555555555555556 0.08056872037914692
0 0.3422222222222222 0.13033175355450238 0.03911111111111111 0.09241706161137438
0 0.1768888888888889 0.259478672985782 0.044444444444444446 0.052132701421800945
0 0.4782222222222222 0.5414691943127962 0.06933333333333333 0.10663507109004752
0 0.43555555555555553 0.05568720379146919 0.04266666666666677 0.11137440758293839
0 0.5084444444444445 0.4656398104265403 0.08711111111111111 0.1018957345971564
0 0.10666666666666667 0.6030805687203792 0.0693333333333333 0.08530805687203778
0 0.15733333333333333 0.3056872037914692 0.05511111111111111 0.06635071090047394
0 0.6213333333333333 0.9419431279620853 0.08355555555555555 0.11611374407582939
1 0.9502222222222222 0.11966824644549763 0.14044444444444446 0.14218009478672985
0 0.2817777777777778 0.11848341232227488 0.04088888888888889 0.06872037914691943
0 0.39555555555555555 0.8708530805687204 0.08711111111111111 0.12559241706161137
0 0.29688888888888887 0.1872037914691943 0.037333333333333336 0.07109004739336493
0 0.9466666666666667 0.6303317535545023 0.096 0.10900473933649289
0 0.39644444444444443 0.9751184834123223 0.042666666666666665 0.06398104265402843
