0 0.34933333333333333 0.06516587677725119 0.048 0.06161137440758292
1 0.9591111111111111 0.4940758293838863 0.12444444444444444 0.17061611374407584
0 0.16533333333333333 0.5071090047393365 0.10666666666666667 0.11374407582938388
0 0.11555555555555555 0.8779620853080569 0.10666666666666667 0.10900473933649289
0 0.034666666666666665 0.30450236966824645 0.17066666666666666 0.16113744075829384
0 0.7484444444444445 0.20023696682464456 0.08533333333333333 0.12796208530805686
1 0.8853333333333333 0.7464454976303317 0.08355555555555555 0.13507109004739337
1 0.9315555555555556 0.6338862559241706 0.06755555555555555 0.08293838862559241
1 0.8133333333333334 0.5023696682464455 0.08533333333333333 0.13507109004739337
1 0.872 0.985781990521327 0.044444444444444446 0.05687203791469194
0 0.6951111111111111 0.9253554502369669 0.05333333333333334 0.08767772511848342
0 0.48977777777777776 0.023696682464454975 0.04622222222222222 0.061611374407582936
0 0.17422222222222222 0.9597156398104265 0.10844444444444444 0.0947867298578199
0 0.12177777777777778 0.4004739336492891 0.112 0.13033175355450238
0 0.4017777777777778 0.22511848341232227 0.044444444444444446 0.05924170616113744
1 0.4408888888888889 0.476303317535545 0.11733333333333333 0.18246445497630331
1 0.4017777777777778 0.1670616113744076 0.058666666666666666 0.08530805687203792
1 0.8702222222222222 0.42417061611374407 0.11377777777777778 0.15402843601895735
1 0.8506666666666667 0.22037914691943128 0.13333333333333333 0.17298578199052134
1 0.9884444444444445 0.7109004739336493 0.03911111111111111 0.07582938388625593
0 0.336 0.01066350710900474 0.030222222222222223 0.035545023696682464
1 0.6808888888888889 0.6303317535545023 0.07644444444444444 0.07582938388625593
1 0.18222222222222223 0.6611374407582938 0.17422222222222222 0.22274881516587677
