1 0.7991111111111111 0.6232227488151659 0.051555555555555556 0.07582938388625593
0 0.152 0.034360189573459717 0.03911111111111111 0.04028436018957346
0 0.2702222222222222 0.15402843601895735 0.02311111111111111 0.035545023696682464
1 0.20622222222222222 0.09360189573459715 0.05333333333333334 0.05687203791469194
1 0.6364444444444445 0.23459715639810427 0.07288888888888889 0.04739336492890995
0 0.24977777777777777 0.1670616113744076 0.03911111111111111 0.035545023696682464
1 0.43822222222222224 0.3056872037914692 0.051555555555555556 0.07345971563981042
0 0.2008888888888889 0.035545023696682464 0.030222222222222223 0.045023696682464455
0 0.2577777777777778 0.13033175355450238 0.024888888888888887 0.03791469194312793
1 0.6666666666666666 0.9585308056872038 0.11733333333333333 0.11374407582938388
1 0.8444444444444444 0.4312796208530806 0.11377777777777778 0.16587677725118483
1 0.9626666666666667 0.3791469194312796 0.08533333333333333 0.05687203791469194
0 0.248 0.5936018957345972 0.042666666666666665 0.0639810426540283
1 0.7208888888888889 0.16824644549763032 0.08888888888888889 0.07345971563981042
1 0.37244444444444447 0.48104265402843605 0.07644444444444444 0.07109004739336493
0 0.12622222222222224 0.5734597156398105 0.04266666666666662 0.037914691943127826
1 0.9911111111111112 0.31161137440758296 0.06577777777777778 0.0995260663507109
1 0.10044444444444445 0.5912322274881516 0.06933333333333333 0.04739336492890995
0 0.030222222222222223 0.3068720379146919 0.032 0.035545023696682464
1 0.9137777777777778 0.2571090047393365 0.09066666666666667 0.08293838862559234
0 0.016888888888888887 0.26066350710900477 0.02666666666666667 0.035545023696682394
1 0.2853333333333333 0.1670616113744076 0.032 0.04028436018957346
1 0.21866666666666668 0.15876777251184834 0.051555555555555556 0.05924170616113744
