0 0.3511111111111111 0.7654028436018957 0.064 0.06872037914691943
0 0.9297777777777778 0.36492890995260663 0.06755555555555555 0.06872037914691943
0 0.4817777777777778 0.35308056872037913 0.05688888888888889 0.07819905213270142
0 0.12177777777777778 0.8329383886255924 0.08 0.05924170616113744
1 0.31822222222222224 0.11255924170616113 0.08 0.12322274881516587
0 0.9635555555555556 0.5390995260663507 0.042666666666666665 0.06872037914691943
0 0.8835555555555555 0.7061611374407583 0.07288888888888889 0.1018957345971564
0 0.5288888888888889 0.5675355450236966 0.048 0.07582938388625605
0 0.38755555555555554 0.792654028436019 0.07466666666666667 0.0947867298578199
1 0.020444444444444446 0.8649289099526066 0.09955555555555555 0.11374407582938388
0 0.7555555555555555 0.1670616113744076 0.06577777777777778 0.04739336492890995
1 0.424 0.7014218009478673 0.07288888888888889 0.0971563981042654
1 0.39022222222222225 0.026066350710900472 0.08533333333333323 0.11848341232227488
0 0.888 0.1848341232227488 0.08355555555555555 0.07345971563981042
0 0.6648888888888889 0.5758293838862559 0.051555555555555556 0.08293838862559241
0 0.13422222222222221 0.523696682464455 0.07822222222222222 0.09004739336492891
0 0.49955555555555553 0.4774881516587678 0.042666666666666665 0.07345971563981042
0 0.29155555555555557 0.8424170616113744 0.06755555555555555 0.08293838862559241
0 0.8177777777777778 0.42298578199052134 0.044444444444444446 0.04265402843601896
0 0.6675555555555556 0.20497630331753555 0.058666666666666666 0.08293838862559241
1 0.17777777777777778 0.23222748815165878 0.07644444444444444 0.11137440758293839
0 0.6222222222222222 0.38981042654028436 0.06577777777777778 0.0924170616113744
1 0.2657777777777778 0.2334123222748815 0.08355555555555555 0.14218009478672985
0 0.7022222222222222 0.5533175355450237 0.030222222222222223 0.061611374407582936
0 0.9751111111111112 0.35308056872037913 0.049777777777777775 0.037914691943127965
0 0.6862222222222222 0.3341232227488152 0.06755555555555555 0.0924170616113744
0 0.112 0.7938388625592417 0.064 0.07345971563981042
0 0.6248888888888889 0.6279620853080569 0.05688888888888889 0.08530805687203792
0 0.8942222222222223 0.5556872037914692 0.07288888888888889 0.07109004739336493
1 0.6746666666666666 0.7132701421800948 0.07644444444444444 0.12796208530805686
0 0.744 0.43601895734597157 0.049777777777777775 0.06398104265402843
0 0.9751111111111112 0.31398104265402843 0.05333333333333334 0.05687203791469194
0 0.5688888888888889 0.504739336492891 0.06222222222222222 0.07819905213270129
