0 0.9146666666666666 0.41824644549763035 0.035555555555555556 0.037914691943127965
0 0.2782222222222222 0.6563981042654028 0.037333333333333336 0.037914691943127965
1 0.4871111111111111 0.49170616113744076 0.048 0.04739336492890995
0 0.5528888888888889 0.5462085308056872 0.024888888888888887 0.04265402843601896
0 0.060444444444444446 0.7571090047393365 0.042666666666666665 0.054502369668246446
0 0.3022222222222222 0.5793838862559242 0.044444444444444446 0.05924170616113744
1 0.6088888888888889 0.8317535545023697 0.03911111111111111 0.07819905213270142
0 0.0791111111111111 0.5402843601895735 0.06933333333333336 0.06398104265402843
0 0.31466666666666665 0.6682464454976303 0.02311111111111111 0.037914691943127965
0 0.8035555555555556 0.2037914691943128 0.032 0.04028436018957346
0 0.8533333333333334 0.35545023696682465 0.03377777777777757 0.035545023696682464
1 0.6444444444444445 0.6575829383886256 0.049777777777777775 0.06398104265402843
0 0.8613333333333333 0.28080568720379145 0.02666666666666667 0.02843601895734597
0 0.5333333333333333 0.7144549763033176 0.035555555555555556 0.04265402843601896
1 0.504 0.745260663507109 0.048 0.061611374407582936
0 0.3048888888888889 0.6196682464454977 0.030222222222222223 0.02132701421800948
0 0.704 0.5627962085308057 0.02666666666666667 0.037914691943127965
0 0.8231111111111111 0.5165876777251185 0.033777777777777775 0.04265402843601896
0 0.11377777777777778 0.6907582938388626 0.07111111111111111 0.052132701421800945
0 0.7857777777777778 0.11018957345971564 0.032 0.03317535545023697
0 0.8808888888888889 0.38270142180094785 0.03022222222222202 0.037914691943127965
0 0.8631111111111112 0.5710900473933649 0.03022222222222202 0.04502369668246459
0 0.9866666666666667 0.6255924170616114 0.032 0.035545023696682464
0 0.128 0.6504739336492891 0.05333333333333334 0.04976303317535545
0 0.6773333333333333 0.26895734597156395 0.032 0.03554502369668253
0 0.5662222222222222 0.25118483412322273 0.05688888888888889 0.05687203791469194
0 0.7511111111111111 0.6990521327014217 0.030222222222222223 0.037914691943127965
0 0.08177777777777778 0.3981042654028436 0.06577777777777778 0.08530805687203792
0 0.10222222222222223 0.6078199052132701 0.058666666666666666 0.05687203791469194
0 0.6693333333333333 0.30924170616113744 0.030222222222222223 0.045023696682464455
0 0.13777777777777778 0.8270142180094787 0.04622222222222222 0.052132701421800945
0 0.4444444444444444 0.9514218009478673 0.028444444444444446 0.04739336492890995
0 0.368 0.7582938388625592 0.030222222222222223 0.04265402843601896
0 0.5386666666666666 0.490521327014218 0.024888888888888887 0.04028436018957346
0 0.8791111111111111 0.4549763033175355 0.028444444444444446 0.030805687203791468
0 0.3422222222222222 0.3127962085308057 0.07111111111111111 0.0947867298578199
0 0.8693333333333333 0.245260663507109 0.019555555555555555 0.03317535545023697
0 0.6471111111111111 0.2890995260663507 0.03911111111111111 0.052132701421800945
0 0.4177777777777778 0.5864928909952607 0.030222222222222123 0.04976303317535545
1 0.7208888888888889 0.8791469194312796 0.048 0.09004739336492891
0 0.5697777777777778 0.1872037914691943 0.07111111111111111 0.1018957345971564
0 0.6284444444444445 0.3412322274881517 0.030222222222222223 0.023696682464454975
0 0.8302222222222222 0.4004739336492891 0.024888888888888887 0.03317535545023697
0 0.5644444444444444 0.4834123222748815 0.02666666666666667 0.03317535545023697
0 0.2782222222222222 0.8009478672985783 0.033777777777777775 0.037914691943127965
0 0.8631111111111112 0.30450236966824645 0.02311111111111091 0.03317535545023697
0 0.4408888888888889 0.768957345971564 0.028444444444444446 0.04265402843601896
0 0.816 0.9691943127962085 0.04622222222222242 0.037914691943127965
0 0.9475555555555556 0.5758293838862559 0.028444444444444446 0.04265402843601896
0 0.49066666666666664 0.6729857819905213 0.032 0.04028436018957346
0 0.6177777777777778 0.41824644549763035 0.028444444444444446 0.035545023696682464
0 0.41333333333333333 0.773696682464455 0.03911111111111111 0.04739336492890995
0 0.30133333333333334 0.6409952606635071 0.028444444444444446 0.04265402843601896
0 0.28888888888888886 0.735781990521327 0.03377777777777788 0.030805687203791468
0 0.2773333333333333 0.34834123222748814 0.06755555555555555 0.09004739336492891
0 0.4888888888888889 0.985781990521327 0.030222222222222223 0.03317535545023697
0 0.248 0.6291469194312796 0.05511111111111111 0.05687203791469194
0 0.37777777777777777 0.6350710900473934 0.032 0.04028436018957346
0 0.5804444444444444 0.7203791469194313 0.037333333333333336 0.045023696682464455
0 0.7928888888888889 0.5876777251184834 0.028444444444444446 0.04265402843601909
0 0.2648888888888889 0.9869668246445498 0.032 0.03317535545023697
1 0.7182222222222222 0.6646919431279621 0.048 0.06398104265402843
0 0.6346666666666667 0.8744075829383886 0.030222222222222223 0.037914691943127965
0 0.21422222222222223 0.7701421800947867 0.02666666666666667 0.03317535545023697
0 0.6035555555555555 0.3518957345971564 0.030222222222222223 0.023696682464454975
0 0.37155555555555553 0.9845971563981043 0.03555555555555566 0.04028436018957346
0 0.9546666666666667 0.4194312796208531 0.03911111111111111 0.037914691943127965
