0 0.4019607843137255 0.3414179104477612 0.05322128851540616 0.0708955223880597
0 0.27871148459383754 0.8899253731343284 0.05322128851540616 0.06716417910447761
0 0.2030812324929972 0.4197761194029851 0.04481792717086835 0.048507462686567165
0 0.06162464985994398 0.47761194029850745 0.04201680672268908 0.048507462686567165
0 0.8949579831932774 0.1921641791044776 0.06722689075630252 0.08582089552238806
0 0.4789915966386555 0.9421641791044776 0.05042016806722689 0.07462686567164178
0 0.26750700280112044 0.75 0.047619047619047616 0.0708955223880597
0 0.32633053221288516 0.7332089552238806 0.05042016806722689 0.06716417910447761
0 0.773109243697479 0.4626865671641791 0.047619047619047616 0.06343283582089553
0 0.45098039215686275 0.5522388059701493 0.047619047619047616 0.0708955223880597
