0 0.19187675070028012 0.6044776119402985 0.04201680672268908 0.05970149253731343
0 0.5448179271708683 0.6231343283582089 0.06162464985994413 0.07462686567164178
0 0.5238095238095238 0.2630597014925373 0.047619047619047616 0.0708955223880597
0 0.20868347338935575 0.9869402985074627 0.0392156862745098 0.04477611940298507
0 0.6498599439775911 0.4253731343283582 0.05322128851540616 0.0708955223880597
0 0.5756302521008403 0.09701492537313433 0.05322128851540632 0.06343283582089553
0 0.4173669467787115 0.23694029850746268 0.05042016806722689 0.05970149253731343
0 0.2815126050420168 0.20149253731343283 0.04481792717086835 0.05970149253731343
0 0.5210084033613446 0.11194029850746269 0.05042016806722689 0.05970149253731343
0 0.15266106442577032 0.5876865671641791 0.04201680672268904 0.05970149253731343
0 0.03081232492997199 0.38992537313432835 0.03361344537815126 0.05970149253731343
0 0.5714285714285714 0.34701492537313433 0.05042016806722689 0.0708955223880597
0 0.6274509803921569 0.14365671641791045 0.0392156862745098 0.07835820895522388
0 0.0350140056022409 0.9029850746268657 0.03361344537815126 0.048507462686567165
0 0.0742296918767507 0.4869402985074627 0.0392156862745098 0.05223880597014925
0 0.36134453781512604 0.8003731343283582 0.04201680672268908 0.055970149253731345
