1 0.7466666666666667 0.4075829383886256 0.10844444444444444 0.13744075829383887
0 0.8764444444444445 0.06042654028436019 0.11911111111111111 0.13507109004739337
0 0.39022222222222225 0.2476303317535545 0.09955555555555545 0.11611374407582939
1 0.5502222222222222 0.49881516587677727 0.1368888888888891 0.15165876777251186
1 0.19555555555555557 0.2843601895734597 0.10488888888888889 0.14454976303317535
1 0.1582222222222222 0.476303317535545 0.0764444444444445 0.08293838862559241
0 0.168 0.7938388625592417 0.09244444444444444 0.0971563981042654
1 0.19466666666666665 0.5343601895734598 0.08177777777777778 0.10663507109004726
1 0.6115555555555555 0.6161137440758294 0.05688888888888889 0.12322274881516587
1 0.04888888888888889 0.39691943127962087 0.10488888888888889 0.13507109004739337
1 0.248 0.8767772511848341 0.12444444444444444 0.2109004739336493
