0 0.988795518207283 0.4962686567164179 0.036414565826330535 0.0708955223880597
0 0.6526610644257703 0.6268656716417911 0.056022408963585436 0.08955223880597014
0 0.8165266106442577 0.06343283582089553 0.04481792717086835 0.055970149253731345
0 0.3431372549019608 0.15111940298507462 0.05322128851540616 0.06343283582089553
0 0.6498599439775911 0.11753731343283583 0.03361344537815126 0.048507462686567165
0 0.18207282913165265 0.6865671641791045 0.056022408963585436 0.07462686567164178
0 0.7492997198879552 0.07835820895522388 0.04481792717086835 0.048507462686567165
0 0.8991596638655462 0.4832089552238806 0.07282913165266107 0.06343283582089553
0 0.4677871148459384 0.32649253731343286 0.047619047619047616 0.06716417910447761
0 0.211484593837535 0.6361940298507462 0.047619047619047616 0.06343283582089553
0 0.17086834733893558 0.9514925373134329 0.04201680672268908 0.05970149253731343
0 0.24649859943977592 0.6138059701492538 0.047619047619047616 0.06716417910447761
0 0.5700280112044818 0.5223880597014925 0.06442577030812324 0.09328358208955224
0 0.8375350140056023 0.9869402985074627 0.047619047619047616 0.05223880597014925
0 0.36134453781512604 0.20335820895522388 0.05042016806722689 0.05970149253731343
0 0.2759103641456583 0.44776119402985076 0.04201680672268908 0.048507462686567165
0 0.5042016806722689 0.055970149253731345 0.04481792717086835 0.048507462686567165
0 0.7969187675070029 0.2593283582089552 0.03361344537815126 0.055970149253731345
0 0.7128851540616247 0.373134328358209 0.056022408963585436 0.08955223880597014
0 0.018207282913165267 0.6361940298507462 0.05042016806722689 0.055970149253731345
0 0.5896358543417367 0.14738805970149255 0.0392156862745098 0.048507462686567165
0 0.4523809523809524 0.914179104477612 0.05322128851540616 0.06716417910447761
0 0.14145658263305322 0.7649253731343284 0.05322128851540616 0.06716417910447761
0 0.9425770308123249 0.8078358208955224 0.047619047619047616 0.07462686567164178
0 0.3431372549019608 0.07835820895522388 0.047619047619047616 0.05223880597014925
0 0.7086834733893558 0.033582089552238806 0.036414565826330535 0.048507462686567165
