0 0.036414565826330535 0.792910447761194 0.058823529411764705 0.07462686567164178
0 0.14565826330532214 0.1828358208955224 0.058823529411764705 0.07835820895522388
0 0.07703081232492998 0.4048507462686567 0.04481792717086835 0.06343283582089553
0 0.788515406162465 0.2947761194029851 0.036414565826330535 0.03731343283582089
0 0.33053221288515405 0.08582089552238806 0.056022408963585436 0.0708955223880597
0 0.788515406162465 0.25 0.04201680672268908 0.029850746268656716
0 0.7941176470588235 0.20335820895522388 0.036414565826330535 0.048507462686567165
0 0.927170868347339 0.9458955223880597 0.04201680672268908 0.048507462686567165
0 0.19047619047619047 0.03544776119402985 0.05322128851540616 0.06343283582089553
0 0.5322128851540616 0.35447761194029853 0.0392156862745098 0.055970149253731345
0 0.17647058823529413 0.9291044776119403 0.06162464985994394 0.08955223880597014
