0 0.35644444444444445 0.5580568720379147 0.06222222222222222 0.08056872037914706
0 0.6595555555555556 0.21800947867298578 0.05511111111111111 0.05687203791469194
0 0.20266666666666666 0.5675355450236966 0.04622222222222222 0.05687203791469208
0 0.6373333333333333 0.13151658767772512 0.035555555555555556 0.05687203791469194
0 0.2222222222222222 0.07227488151658767 0.030222222222222223 0.03317535545023697
0 0.018666666666666668 0.5497630331753555 0.033777777777777775 0.04265402843601896
0 0.41333333333333333 0.5343601895734598 0.05333333333333334 0.0639810426540283
0 0.20444444444444446 0.4206161137440758 0.03911111111111111 0.06635071090047394
0 0.14933333333333335 0.1552132701421801 0.035555555555555556 0.037914691943127965
0 0.25955555555555554 0.11848341232227488 0.030222222222222223 0.04739336492890995
0 0.41155555555555556 0.5936018957345972 0.033777777777777775 0.05687203791469181
0 0.07466666666666667 0.16113744075829384 0.037333333333333336 0.037914691943127965
0 0.176 0.12796208530805686 0.030222222222222223 0.04265402843601899
1 0.4613333333333333 0.3281990521327014 0.06755555555555555 0.0924170616113744
0 0.064 0.5639810426540285 0.04622222222222222 0.037914691943127826
0 0.04088888888888889 0.22748815165876776 0.024888888888888887 0.04976303317535545
0 0.216 0.11966824644549763 0.032 0.035545023696682464
0 0.6577777777777778 0.2772511848341232 0.033777777777777775 0.04976303317535552
0 0.14844444444444443 0.49644549763033174 0.058666666666666666 0.061611374407582936
0 0.23555555555555555 0.43009478672985785 0.049777777777777775 0.06398104265402843
1 0.34933333333333333 0.23696682464454977 0.032 0.061611374407582936
0 0.11822222222222223 0.3909952606635071 0.030222222222222223 0.06872037914691943
0 0.11377777777777778 0.5308056872037915 0.05688888888888889 0.061611374407582804
