0 0.3768888888888889 0.7322274881516587 0.06755555555555555 0.0971563981042654
0 0.856 0.7097156398104265 0.032 0.037914691943127965
0 0.88 0.8199052132701422 0.035555555555555556 0.04739336492890995
0 0.8293333333333334 0.8992890995260664 0.033777777777777775 0.05687203791469194
0 0.6168888888888889 0.8720379146919431 0.028444444444444446 0.03317535545023697
0 0.8 0.9419431279620853 0.030222222222222223 0.04028436018957346
0 0.9786666666666667 0.5485781990521327 0.028444444444444446 0.037914691943127965
0 0.7706666666666667 0.919431279620853 0.03911111111111091 0.04739336492890995
0 0.5742222222222222 0.44075829383886256 0.07466666666666667 0.1066350710900474
0 0.9475555555555556 0.7132701421800948 0.035555555555555556 0.05687203791469194
0 0.7537777777777778 0.9786729857819905 0.044444444444444446 0.02843601895734597
0 0.7724444444444445 0.8151658767772512 0.04088888888888889 0.04976303317535545
0 0.4746666666666667 0.8009478672985783 0.06222222222222222 0.06872037914691943
0 0.5555555555555556 0.9609004739336493 0.04088888888888889 0.04265402843601896
0 0.27111111111111114 0.783175355450237 0.09066666666666667 0.0947867298578199
0 0.8275555555555556 0.7440758293838863 0.033777777777777775 0.035545023696682464
0 0.6897777777777778 0.9241706161137441 0.024888888888888887 0.06872037914691943
0 0.030222222222222223 0.3400473933649289 0.05511111111111111 0.08056872037914692
0 0.5288888888888889 0.9917061611374408 0.03911111111111111 0.035545023696682464
0 0.9386666666666666 0.9289099526066351 0.04088888888888889 0.045023696682464455
0 0.6195555555555555 0.3755924170616114 0.07822222222222222 0.10426540284360189
0 0.7893333333333333 0.7630331753554502 0.033777777777777775 0.052132701421800945
0 0.728 0.9312796208530806 0.019555555555555555 0.04976303317535545
0 0.928 0.7535545023696683 0.032 0.030805687203791468
0 0.7182222222222222 0.7132701421800948 0.058666666666666666 0.0947867298578199
0 0.9475555555555556 0.5639810426540285 0.02311111111111111 0.02843601895734584
0 0.9466666666666667 0.5201421800947867 0.028444444444444446 0.030805687203791468
0 0.8515555555555555 0.3637440758293839 0.048 0.06872037914691943
0 0.7137777777777777 0.9372037914691943 0.02311111111111111 0.037914691943127965
