0 0.40336134453781514 0.2630597014925373 0.0392156862745098 0.055970149253731345
0 0.025210084033613446 0.8973880597014925 0.028011204481792718 0.05970149253731343
0 0.634453781512605 0.19029850746268656 0.04201680672268908 0.04477611940298507
0 0.6526610644257703 0.13619402985074627 0.0392156862745098 0.048507462686567165
0 0.5084033613445378 0.23694029850746268 0.03361344537815126 0.04477611940298507
0 0.33753501400560226 0.018656716417910446 0.044817927170868264 0.06343283582089553
0 0.16806722689075632 0.47947761194029853 0.03081232492997195 0.055970149253731345
0 0.36834733893557425 0.2574626865671642 0.04481792717086835 0.06343283582089553
0 0.572829131652661 0.1287313432835821 0.03361344537815126 0.05223880597014925
0 0.3907563025210084 0.3208955223880597 0.04201680672268908 0.041044776119402986
0 0.09523809523809523 0.30970149253731344 0.03361344537815126 0.03731343283582089
0 0.35714285714285715 0.3283582089552239 0.0392156862745098 0.055970149253731345
0 0.5322128851540616 0.21641791044776118 0.04201680672268908 0.048507462686567214
0 0.2759103641456583 0.3880597014925373 0.04481792717086835 0.048507462686567165
0 0.5392156862745098 0.28171641791044777 0.056022408963585436 0.07835820895522388
0 0.4425770308123249 0.2555970149253731 0.04481792717086835 0.041044776119402986
0 0.28291316526610644 0.31716417910447764 0.03361344537815126 0.04477611940298497
0 0.12184873949579832 0.3358208955223881 0.03081232492997199 0.03731343283582089
0 0.3165266106442577 0.24253731343283583 0.047619047619047616 0.055970149253731345
0 0.19747899159663865 0.35447761194029853 0.047619047619047616 0.04477611940298507
0 0.12044817927170869 0.5149253731343284 0.0392156862745098 0.05223880597014925
0 0.43137254901960786 0.3675373134328358 0.06442577030812324 0.08582089552238806
0 0.3431372549019608 0.3656716417910448 0.036414565826330535 0.05223880597014925
0 0.14565826330532214 0.46828358208955223 0.028011204481792718 0.06343283582089553
