0 0.4271708683473389 0.16044776119402984 0.036414565826330535 0.05970149253731343
0 0.049019607843137254 0.7052238805970149 0.0392156862745098 0.04477611940298507
0 0.05322128851540616 0.6529850746268657 0.0392156862745098 0.055970149253731345
0 0.8907563025210085 0.3414179104477612 0.047619047619047616 0.048507462686567165
0 0.5574229691876751 0.5279850746268657 0.058823529411764705 0.07835820895522388
0 0.28291316526610644 0.6660447761194029 0.056022408963585436 0.06716417910447761
0 0.14425770308123248 0.4925373134328358 0.0336134453781513 0.05223880597014925
0 0.09103641456582633 0.6791044776119403 0.0392156862745098 0.05223880597014925
0 0.01680672268907563 0.7705223880597015 0.03361344537815126 0.048507462686567165
0 0.014005602240896359 0.8134328358208955 0.028011204481792718 0.048507462686567165
0 0.0196078431372549 0.871268656716418 0.04201680672268908 0.04477611940298507
0 0.4887955182072829 0.5764925373134329 0.047619047619047616 0.06716417910447761
