0 0.7004444444444444 0.8578199052132701 0.03911111111111111 0.045023696682464455
0 0.2853333333333333 0.03317535545023697 0.128 0.12796208530805686
0 0.47644444444444445 0.27606635071090047 0.04088888888888889 0.07109004739336493
0 0.057777777777777775 0.6966824644549763 0.12266666666666666 0.13507109004739337
0 0.5928888888888889 0.8436018957345972 0.044444444444444446 0.061611374407582936
0 0.8924444444444445 0.01066350710900474 0.09955555555555555 0.052132701421800945
0 0.9804444444444445 0.2796208530805687 0.13333333333333333 0.16824644549763032
0 0.6115555555555555 0.6919431279620853 0.04622222222222222 0.04976303317535545
0 0.6293333333333333 0.26540284360189575 0.10311111111111111 0.1279620853080568
0 0.4666666666666667 0.7985781990521327 0.051555555555555556 0.07582938388625593
0 0.7146666666666667 0.7914691943127962 0.04622222222222222 0.06635071090047394
0 0.608 0.9644549763033176 0.04088888888888889 0.04976303317535545
0 0.5315555555555556 0.7239336492890995 0.051555555555555556 0.05924170616113744
0 0.3893333333333333 0.04383886255924171 0.051555555555555556 0.06398104265402843
0 0.3928888888888889 0.716824644549763 0.06933333333333333 0.07819905213270142
0 0.5342222222222223 0.933649289099526 0.051555555555555556 0.06635071090047394
0 0.42933333333333334 0.47393364928909953 0.08 0.10426540284360189
0 0.7528888888888889 0.11374407582938388 0.11733333333333314 0.16587677725118483
0 0.48 0.9845971563981043 0.044444444444444446 0.054502369668246446
0 0.9777777777777777 0.5059241706161137 0.14222222222222222 0.15165876777251186
0 0.5546666666666666 0.8021327014218009 0.042666666666666665 0.06398104265402843
0 0.6444444444444445 0.985781990521327 0.042666666666666665 0.037914691943127965
0 0.6008888888888889 0.6469194312796208 0.051555555555555556 0.07582938388625593
0 0.5582222222222222 0.8815165876777251 0.04622222222222222 0.07109004739336493
0 0.45955555555555555 0.5781990521327014 0.051555555555555556 0.07345971563981042
1 0.29688888888888887 0.4822274881516588 0.1368888888888889 0.1848341232227488
