0 0.1431111111111111 0.44549763033175355 0.06933333333333333 0.07109004739336493
0 0.5395555555555556 0.061611374407582936 0.042666666666666665 0.07819905213270142
0 0.8977777777777778 0.16824644549763032 0.035555555555555556 0.04976303317535545
0 0.5226666666666666 0.1895734597156398 0.05155555555555576 0.07582938388625593
0 0.49866666666666665 0.06990521327014218 0.05511111111111111 0.06398104265402843
0 0.8364444444444444 0.6350710900473934 0.051555555555555556 0.07582938388625593
0 0.4737777777777778 0.1362559241706161 0.04088888888888889 0.059241706161137477
0 0.8497777777777777 0.08530805687203792 0.03911111111111111 0.054502369668246446
0 0.8088888888888889 0.4537914691943128 0.033777777777777775 0.04739336492890995
0 0.6844444444444444 0.8767772511848341 0.06222222222222222 0.0947867298578199
0 0.8746666666666667 0.6907582938388626 0.064 0.1018957345971564
0 0.4311111111111111 0.15876777251184834 0.048 0.06635071090047394
0 0.7893333333333333 0.7156398104265402 0.06755555555555555 0.08530805687203792
0 0.8355555555555556 0.40639810426540285 0.049777777777777574 0.05924170616113744
0 0.784 0.5035545023696683 0.044444444444444446 0.04739336492890995
0 0.7511111111111111 0.4703791469194313 0.04088888888888889 0.04739336492890995
0 0.6213333333333333 0.16350710900473933 0.060444444444444446 0.07819905213270142
0 0.10933333333333334 0.3921800947867299 0.058666666666666666 0.06872037914691943
