0 0.9164444444444444 0.2523696682464455 0.04088888888888889 0.07582938388625586
0 0.496 0.034360189573459717 0.04622222222222222 0.08530805687203792
0 0.48444444444444446 0.5284360189573459 0.07111111111111111 0.09715639810426553
0 0.45866666666666667 0.08767772511848342 0.04622222222222222 0.0971563981042654
0 0.4444444444444444 0.3341232227488152 0.049777777777777775 0.06635071090047394
0 0.9457777777777778 0.15876777251184834 0.035555555555555556 0.06872037914691943
0 0.5235555555555556 0.10071090047393365 0.049777777777777775 0.06872037914691943
0 0.9555555555555556 0.25829383886255924 0.051555555555555556 0.061611374407582936
0 0.24355555555555555 0.26066350710900477 0.035555555555555556 0.03317535545023703
0 0.11822222222222223 0.8625592417061612 0.049777777777777775 0.07819905213270142
0 0.5475555555555556 0.022511848341232227 0.049777777777777775 0.061611374407582936
0 0.4568888888888889 0.17180094786729858 0.04622222222222222 0.06398104265402843
0 0.6168888888888889 0.41350710900473936 0.05511111111111111 0.10426540284360189
0 0.9795555555555555 0.10071090047393365 0.044444444444444446 0.06872037914691943
0 0.4871111111111111 0.4075829383886256 0.060444444444444446 0.07819905213270142
0 0.4008888888888889 0.1895734597156398 0.06755555555555555 0.1018957345971564
0 0.1448888888888889 0.7428909952606635 0.051555555555555556 0.08056872037914692
0 0.09155555555555556 0.2665876777251185 0.07111111111111111 0.08530805687203792
0 0.496 0.13981042654028436 0.037333333333333336 0.061611374407582936
