1 0.39579524680073125 0.35444579780755175 0.04570383912248629 0.0535931790499391
1 0.7276051188299817 0.46650426309378806 0.08775137111517367 0.1071863580998782
0 0.4744058500914077 0.7003654080389768 0.0603290676416819 0.08526187576126674
0 0.3583180987202925 0.9817295980511571 0.04570383912248629 0.0682095006090134
1 0.19469835466179158 0.14007308160779536 0.038391224862888484 0.07064555420219248
0 0.8491773308957953 0.7137637028014616 0.027422303473491772 0.0535931790499391
1 0.5411334552102377 0.3313032886723508 0.05850091407678245 0.0682095006090134
1 0.6837294332723949 0.10840438489646773 0.08043875685557587 0.08038976857490865
1 0.24223034734917734 0.07186358099878197 0.051188299817184646 0.0828258221680877
1 0.4844606946983547 0.1668696711327649 0.05850091407678245 0.0730816077953715
1 0.1343692870201097 0.6942752740560292 0.038391224862888484 0.07064555420219244
0 0.8884826325411335 0.36053593179049936 0.07861060329067641 0.08526187576126674
1 0.22943327239488118 0.24238733252131547 0.08775137111517367 0.09744214372716199
1 0.3016453382084095 0.8014616321559074 0.0603290676416819 0.1023142509135201
