0 0.24977777777777777 0.07819905213270142 0.030222222222222223 0.04028436018957346
0 0.38666666666666666 0.005924170616113744 0.035555555555555556 0.045023696682464455
0 0.23377777777777778 0.14454976303317535 0.033777777777777775 0.035545023696682464
0 0.28355555555555556 0.058056872037914695 0.02666666666666667 0.03317535545023697
0 0.2897777777777778 0.17061611374407584 0.04622222222222222 0.052132701421800945
0 0.37333333333333335 0.21800947867298578 0.028444444444444446 0.035545023696682464
0 0.3466666666666667 0.023696682464454975 0.032 0.05924170616113744
0 0.05333333333333334 0.41350710900473936 0.06222222222222221 0.06398104265402843
0 0.3982222222222222 0.19549763033175355 0.028444444444444446 0.04739336492890995
0 0.14222222222222222 0.24289099526066352 0.02666666666666667 0.037914691943127965
0 0.03111111111111111 0.46327014218009477 0.06755555555555555 0.06398104265402843
