0 0.7861060329067642 0.4397076735688185 0.10968921389396709 0.10962241169305725
0 0.17641681901279707 0.14859926918392205 0.07312614259597806 0.09987819732034105
0 0.4616087751371115 0.9695493300852619 0.02010968921389397 0.0535931790499391
0 0.5036563071297989 0.5066991473812423 0.0603290676416819 0.09013398294762472
0 0.12157221206581353 0.8855054811205847 0.054844606946983544 0.09744214372716199
0 0.6745886654478976 0.24238733252131547 0.07861060329067641 0.1023142509135201
0 0.5959780621572212 0.26065773447015833 0.08409506398537477 0.0925700365408039
1 0.8756855575868373 0.7295980511571255 0.1425959780621572 0.18757612667478685
0 0.463436928702011 0.16930572472594396 0.06398537477148081 0.0876979293544458
0 0.44881170018281535 0.8599269183922046 0.025594149908592323 0.04628501827040195
0 0.6343692870201096 0.031668696711327646 0.06946983546617916 0.10475030450669914
0 0.5182815356489945 0.4190012180267966 0.038391224862888484 0.06090133982947625
0 0.17550274223034734 0.7161997563946407 0.06581352833638025 0.11449451887941535
