0 0.8862222222222222 0.4609004739336493 0.05688888888888889 0.06872037914691943
1 0.9226666666666666 0.7808056872037915 0.13333333333333333 0.17298578199052134
0 0.6871111111111111 0.981042654028436 0.042666666666666665 0.04265402843601896
0 0.8017777777777778 0.027251184834123223 0.09066666666666667 0.0924170616113744
0 0.47555555555555556 0.6895734597156398 0.04622222222222222 0.06398104265402843
0 0.8391111111111111 0.3744075829383886 0.044444444444444446 0.04976303317535545
0 0.9395555555555556 0.5284360189573459 0.048 0.04976303317535558
0 0.41333333333333333 0.6765402843601895 0.049777777777777775 0.045023696682464455
0 0.7813333333333333 0.2132701421800948 0.035555555555555556 0.030805687203791468
0 0.7822222222222223 0.14336492890995262 0.048 0.06872037914691939
0 0.736 0.9537914691943128 0.02666666666666667 0.045023696682464455
0 0.6897777777777778 0.8898104265402843 0.051555555555555556 0.054502369668246446
0 0.8613333333333333 0.30213270142180093 0.06577777777777778 0.09004739336492891
0 0.5813333333333334 0.011848341232227487 0.05688888888888889 0.05687203791469194
0 0.6631111111111111 0.004739336492890996 0.058666666666666666 0.035545023696682464
0 0.7902222222222223 0.2571090047393365 0.048 0.06635071090047387
0 0.8417777777777777 0.20853080568720378 0.07466666666666667 0.08767772511848342
0 0.9848888888888889 0.6338862559241706 0.030222222222222223 0.04976303317535545
0 0.9457777777777778 0.41113744075829384 0.07644444444444444 0.07345971563981042
0 0.27111111111111114 0.7298578199052133 0.042666666666666665 0.052132701421800945
