0 0.27450980392156865 0.15485074626865672 0.03641456582633045 0.055970149253731345
0 0.7927170868347339 0.5634328358208955 0.028011204481792718 0.05970149253731343
0 0.11904761904761904 0.30783582089552236 0.03081232492997199 0.04104477611940309
0 0.6288515406162465 0.6324626865671642 0.056022408963585436 0.07462686567164178
0 0.34173669467787116 0.1921641791044776 0.028011204481792718 0.04477611940298507
0 0.4565826330532213 0.22574626865671643 0.0392156862745098 0.055970149253731345
0 0.04201680672268908 0.24067164179104478 0.05042016806722688 0.048507462686567165
0 0.438375350140056 0.3675373134328358 0.036414565826330535 0.05223880597014925
0 0.5224089635854342 0.4533582089552239 0.0392156862745098 0.048507462686567165
0 0.39215686274509803 0.4141791044776119 0.0392156862745098 0.06343283582089553
