0 0.026508226691042046 0.3751522533495737 0.10786106032906764 0.14859926918392205
0 0.9552102376599635 0.6747868453105969 0.031078610603290677 0.048721071863580996
0 0.8519195612431444 0.5225334957369062 0.02376599634369287 0.02679658952496955
0 0.906764168190128 0.2984165651644336 0.03656307129798903 0.0535931790499391
0 0.8427787934186471 0.3032886723507917 0.021937842778793418 0.0341047503045067
0 0.876599634369287 0.42021924482338613 0.03656307129798903 0.05115712545676005
0 0.9122486288848263 0.3909866017052375 0.04204753199268738 0.04628501827040195
0 0.9122486288848263 0.4299634591961023 0.031078610603290677 0.029232643118148598
0 0.6864716636197441 0.08038976857490865 0.014625228519195612 0.031668696711327646
0 0.8555758683729433 0.45554202192448234 0.03656307129798903 0.06333739342265529
0 0.8692870201096892 0.5225334957369062 0.021937842778793418 0.05115712545676005
0 0.19012797074954296 0.3276492082825822 0.11151736745886655 0.12911084043848964
0 0.9872029250457038 0.5651644336175395 0.027422303473491772 0.04628501827040209
0 0.8683729433272395 0.3556638246041413 0.051188299817184646 0.05602923264311815
0 0.9817184643510055 0.6151035322777101 0.04570383912248629 0.058465286236297195
0 0.8528336380255942 0.4007308160779537 0.027422303473491772 0.03654080389768575
0 0.9241316270566727 0.7978075517661388 0.04936014625228519 0.08526187576126674
