0 0.7595978062157221 0.19853836784409257 0.051188299817184646 0.06333739342265529
0 0.8089579524680073 0.43118148599269185 0.043875685557586835 0.06333739342265529
0 0.7102376599634369 0.20341047503045068 0.03473491773308958 0.048721071863580996
0 0.38939670932358317 0.05237515225334957 0.054844606946983544 0.09500609013398295
0 0.16087751371115175 0.5895249695493301 0.031078610603290677 0.058465286236297195
0 0.3153564899451554 0.7247259439707674 0.04204753199268738 0.0389768574908648
0 0.17824497257769653 0.5054811205846529 0.054844606946983544 0.06577344701583435
0 0.25411334552102377 0.45554202192448234 0.04570383912248629 0.04628501827040195
0 0.09049360146252285 0.27161997563946405 0.05301645338208409 0.07795371498172966
0 0.36288848263254114 0.6772228989037758 0.043875685557586835 0.0535931790499391
