0 0.350091407678245 0.2618757612667479 0.027422303473491772 0.03166869671132758
0 0.9899451553930531 0.23751522533495736 0.04204753199268738 0.06333739342265529
0 0.5374771480804388 0.5079171741778319 0.05850091407678245 0.0682095006090134
0 0.7787934186471663 0.46163215590742995 0.07312614259597806 0.0876979293544458
0 0.2449725776965265 0.029232643118148598 0.06398537477148081 0.09500609013398295
0 0.9771480804387569 0.34835566382460414 0.056672760511883 0.0779537149817296
0 0.9369287020109689 0.2582216808769793 0.08775137111517367 0.11449451887941542
0 0.6462522851919561 0.3276492082825822 0.04753199268738574 0.048721071863580996
0 0.6928702010968921 0.18270401948842874 0.10603290676416818 0.12667478684531058
0 0.7751371115173674 0.12302070645554203 0.08043875685557587 0.1218026796589525
0 0.7614259597806216 0.0389768574908648 0.05850091407678245 0.07064555420219244
0 0.3062157221206581 0.0438489646772229 0.07495429616087751 0.1071863580998782
0 0.30255941499085925 0.1814859926918392 0.05850091407678245 0.0876979293544458
0 0.6517367458866545 0.44945188794153473 0.0639853747714806 0.0682095006090134
0 0.7120658135283364 0.5152253349573691 0.07495429616087751 0.0852618757612666
0 0.3720292504570384 0.15956151035322777 0.07312614259597806 0.09500609013398295
0 0.9095063985374772 0.8099878197320342 0.08043875685557587 0.07064555420219244
0 0.7102376599634369 0.41169305724725946 0.05301645338208409 0.0682095006090134
0 0.4149908592321755 0.34348355663824603 0.04021937842778794 0.06090133982947625
0 0.37842778793418647 0.2874543239951279 0.043875685557586835 0.0779537149817296
0 0.896709323583181 0.04506699147381242 0.113345521023766 0.12423873325213154
0 0.28153564899451555 0.1071863580998782 0.05850091407678245 0.0828258221680877
0 0.9488117001828154 0.8855054811205847 0.08226691042047532 0.0925700365408039
0 0.3290676416819013 0.146163215590743 0.04021937842778794 0.0535931790499391
0 0.5996343692870201 0.4470158343483557 0.06581352833638025 0.09744214372716199
0 0.9305301645338209 0.3227771010962241 0.03656307129798903 0.04628501827040195
0 0.7129798903107861 0.2289890377588307 0.0603290676416819 0.06090133982947625
1 0.6042047531992687 0.3800243605359318 0.054844606946983544 0.06577344701583435
0 0.20475319926873858 0.014616321559074299 0.031078610603290677 0.0438489646772229
