0 0.6900337837837838 0.5157657657657657 0.030405405405405407 0.04504504504504492
0 0.19510135135135134 0.038288288288288286 0.11993243243243243 0.11261261261261261
0 0.7491554054054054 0.6970720720720721 0.04222972972972973 0.06306306306306306
0 0.23902027027027026 0.3400900900900901 0.0929054054054054 0.11036036036036036
0 0.2829391891891892 0.7578828828828829 0.1097972972972973 0.0990990990990991
0 0.7913851351351351 0.6846846846846847 0.04391891891891892 0.036036036036036036
0 0.6021959459459459 0.08333333333333333 0.048986486486486486 0.0945945945945946
0 0.9045608108108109 0.5180180180180181 0.033783783783783786 0.05855855855855869
0 0.20692567567567569 0.21396396396396397 0.125 0.14864864864864866
0 0.4983108108108108 0.39414414414414417 0.05067567567567568 0.07657657657657657
0 0.14273648648648649 0.42117117117117114 0.12331081081081081 0.14414414414414414
0 0.5827702702702703 0.20382882882882883 0.05067567567567568 0.08558558558558559
