0 0.5812324929971989 0.3302238805970149 0.0336134453781511 0.07835820895522388
0 0.41876750700280113 0.43656716417910446 0.0392156862745098 0.05970149253731343
0 0.9229691876750701 0.7817164179104478 0.036414565826330535 0.041044776119402986
0 0.33473389355742295 0.5727611940298507 0.044817927170868424 0.048507462686567165
0 0.6218487394957983 0.7164179104477612 0.04481792717086835 0.0708955223880597
0 0.8557422969187675 0.376865671641791 0.04201680672268908 0.04477611940298507
0 0.35714285714285715 0.3376865671641791 0.04481792717086835 0.06343283582089553
0 0.9243697478991597 0.7033582089552238 0.03361344537815126 0.04477611940298507
0 0.680672268907563 0.7630597014925373 0.04201680672268908 0.06343283582089553
0 0.9047619047619048 0.23134328358208955 0.03361344537815126 0.06716417910447761
0 0.8543417366946778 0.5597014925373134 0.036414565826330535 0.055970149253731345
0 0.469187675070028 0.07835820895522388 0.04481792717086835 0.08208955223880597
0 0.3179271708683473 0.6100746268656716 0.05042016806722689 0.055970149253731345
0 0.7521008403361344 0.7779850746268657 0.0392156862745098 0.0708955223880597
0 0.36834733893557425 0.6380597014925373 0.04201680672268908 0.04477611940298507
0 0.8515406162464986 0.9048507462686567 0.028011204481792718 0.055970149253731345
0 0.6190476190476191 0.3358208955223881 0.047619047619047616 0.06716417910447761
0 0.6302521008403361 0.9085820895522388 0.03361344537815126 0.06716417910447761
0 0.8151260504201681 0.7966417910447762 0.0392156862745098 0.05970149253731343
0 0.7352941176470589 0.39365671641791045 0.0392156862745098 0.04477611940298507
0 0.7535014005602241 0.6902985074626866 0.0392156862745098 0.055970149253731345
0 0.5686274509803921 0.5988805970149254 0.0784313725490196 0.1044776119402985
0 0.9635854341736695 0.8339552238805971 0.036414565826330535 0.055970149253731345
0 0.9663865546218487 0.6324626865671642 0.0392156862745098 0.048507462686567165
0 0.6386554621848739 0.7947761194029851 0.03921568627450996 0.0708955223880597
0 0.4579831932773109 0.7798507462686567 0.03081232492997199 0.05970149253731343
0 0.8683473389355743 0.7238805970149254 0.03081232492997199 0.048507462686567165
0 0.3963585434173669 0.7947761194029851 0.04481792717086835 0.05970149253731343
0 0.3851540616246499 0.4906716417910448 0.0392156862745098 0.04477611940298507
0 0.7899159663865546 0.7164179104477612 0.03081232492997199 0.048507462686567165
