0 0.6 0.15758293838862558 0.05688888888888889 0.06872037914691943
0 0.014222222222222223 0.3459715639810427 0.049777777777777775 0.11137440758293839
0 0.4622222222222222 0.693127962085308 0.10133333333333333 0.11374407582938388
0 0.6275555555555555 0.6362559241706162 0.058666666666666666 0.07582938388625593
0 0.7946666666666666 0.26421800947867297 0.07288888888888889 0.08767772511848348
0 0.35644444444444445 0.6018957345971564 0.07822222222222222 0.0947867298578199
0 0.49955555555555553 0.4549763033175355 0.07822222222222222 0.11374407582938388
0 0.6693333333333333 0.037914691943127965 0.05511111111111111 0.07582938388625593
0 0.43822222222222224 0.3353080568720379 0.06755555555555555 0.07582938388625593
0 0.4728888888888889 0.22274881516587677 0.04088888888888889 0.052132701421800945
0 0.18044444444444444 0.5983412322274881 0.10488888888888889 0.12085308056872038
0 0.5555555555555556 0.008293838862559242 0.04088888888888889 0.05924170616113744
0 0.45955555555555555 0.13033175355450238 0.05688888888888889 0.07582938388625589
0 0.39111111111111113 0.30924170616113744 0.060444444444444446 0.06872037914691943
0 0.34755555555555556 0.3732227488151659 0.08177777777777778 0.10426540284360189
0 0.3537777777777778 0.476303317535545 0.08177777777777778 0.10426540284360189
0 0.9333333333333333 0.9182464454976303 0.11022222222222222 0.13033175355450238
0 0.37955555555555553 0.6682464454976303 0.08355555555555555 0.1018957345971564
0 0.7804444444444445 0.3281990521327014 0.07822222222222203 0.08767772511848342
0 0.5937777777777777 0.058056872037914695 0.06222222222222222 0.07109004739336493
0 0.8515555555555555 0.816350710900474 0.08888888888888889 0.12559241706161137
0 0.30933333333333335 0.6492890995260664 0.07288888888888889 0.0947867298578199
