0 0.803473491773309 0.42143727161997563 0.051188299817184646 0.07064555420219244
0 0.7276051188299817 0.9390986601705238 0.051188299817184646 0.09013398294762484
0 0.8080438756855576 0.5225334957369062 0.06764168190127971 0.06090133982947625
0 0.623400365630713 0.5286236297198539 0.05850091407678245 0.0706455542021923
0 0.7276051188299817 0.44945188794153473 0.03656307129798903 0.06090133982947625
0 0.6636197440585009 0.1425091352009744 0.03473491773308958 0.0438489646772229
0 0.7029250457038391 0.5943970767356882 0.051188299817184854 0.06333739342265529
0 0.9277879341864717 0.39585870889159563 0.025594149908592323 0.031668696711327646
0 0.7943327239488117 0.47868453105968334 0.043875685557586835 0.06090133982947625
0 0.7230347349177331 0.8550548112058465 0.054844606946983544 0.06090133982947625
0 0.8190127970749543 0.30085261875761266 0.04021937842778794 0.0535931790499391
0 0.6243144424131627 0.025578562728380026 0.031078610603290677 0.0535931790499391
