0 0.41596638655462187 0.5932835820895522 0.04481792717086835 0.055970149253731345
0 0.3697478991596639 0.13619402985074627 0.06162464985994398 0.10074626865671642
0 0.7212885154061625 0.5074626865671642 0.06442577030812324 0.07462686567164178
0 0.9719887955182073 0.35634328358208955 0.0784313725490196 0.10074626865671642
0 0.8949579831932774 0.6977611940298507 0.05042016806722689 0.07835820895522388
0 0.1092436974789916 0.8283582089552238 0.06442577030812324 0.055970149253731345
0 0.8683473389355743 0.5690298507462687 0.08683473389355742 0.08208955223880597
0 0.29831932773109243 0.9533582089552238 0.03081232492997199 0.05223880597014925
0 0.988795518207283 0.5242537313432836 0.04481792717086835 0.06716417910447761
0 0.46218487394957986 0.2947761194029851 0.036414565826330535 0.06716417910447761
0 0.014005602240896359 0.14365671641791045 0.08123249299719888 0.14925373134328357
0 0.35154061624649857 0.9794776119402985 0.0476190476190477 0.041044776119402986
0 0.6106442577030813 0.009328358208955223 0.05602240896358528 0.029850746268656716
0 0.42857142857142855 0.6548507462686567 0.04201680672268908 0.06716417910447761
0 0.24509803921568626 0.18470149253731344 0.0700280112044818 0.1044776119402985
0 0.41316526610644255 0.5055970149253731 0.04201680672268908 0.06716417910447761
0 0.24789915966386555 0.31902985074626866 0.0896358543417367 0.11940298507462686
0 0.8935574229691877 0.27425373134328357 0.06722689075630252 0.11194029850746269
0 0.5798319327731093 0.8619402985074627 0.039215686274509644 0.048507462686567165
0 0.47619047619047616 0.4533582089552239 0.0392156862745098 0.06716417910447761
0 0.35014005602240894 0.8003731343283582 0.0476190476190477 0.08208955223880597
0 0.6666666666666666 0.020522388059701493 0.06162464985994398 0.06716417910447761
