0 0.583180987202925 0.3690621193666261 0.08226691042047532 0.09013398294762484
0 0.3939670932358318 0.9147381242387332 0.08775137111517367 0.11936662606577345
0 0.5274223034734917 0.040194884287454324 0.04936014625228519 0.0779537149817296
0 0.8455210237659964 0.27161997563946405 0.07678244972577697 0.09500609013398302
0 0.7623400365630713 0.9110840438489647 0.07678244972577697 0.0876979293544458
0 0.42687385740402195 0.3617539585870889 0.06764168190127971 0.0779537149817296
0 0.49085923217550276 0.8647990255785627 0.09506398537477148 0.14859926918392205
0 0.3793418647166362 0.12911084043848964 0.056672760511883 0.07308160779537154
0 0.9899451553930531 0.2387332521315469 0.062157221206581355 0.0876979293544458
0 0.9844606946983546 0.7344701583434835 0.04753199268738574 0.08038976857490865
0 0.34277879341864714 0.9622411693057247 0.07312614259597806 0.1071863580998782
0 0.3647166361974406 0.7259439707673568 0.05301645338208409 0.0682095006090134
0 0.5978062157221207 0.7088915956151035 0.04570383912248629 0.0730816077953715
0 0.8528336380255942 0.04506699147381242 0.12614259597806216 0.1705237515225335
0 0.19744058500914077 0.07551766138855055 0.04936014625228519 0.06820950060901339
0 0.7769652650822669 0.2789281364190012 0.08592321755027423 0.10475030450669914
0 0.7303473491773309 0.9878197320341048 0.07861060329067641 0.06090133982947625
0 0.3720292504570384 0.7953714981729598 0.07678244972577697 0.07551766138855055
0 0.24680073126142596 0.27527405602923266 0.03473491773308958 0.05115712545675998
0 0.706581352833638 0.4774665042630938 0.08957952468007313 0.09744214372716199
0 0.3756855575868373 0.2143727161997564 0.04570383912248629 0.08526187576126674
0 0.2020109689213894 0.47868453105968334 0.025594149908592323 0.04628501827040195
0 0.5548446069469836 0.2850182704019488 0.08775137111517367 0.10475030450669914
0 0.3903107861060329 0.014616321559074299 0.04936014625228519 0.0730816077953715
0 0.829981718464351 0.8745432399512789 0.04936014625228519 0.06090133982947625
0 0.6608775137111518 0.0194884287454324 0.07495429616087751 0.0828258221680877
0 0.10694698354661791 0.9683313032886723 0.04936014625228519 0.0682095006090134
0 0.870201096892139 0.8574908647990256 0.04753199268738574 0.048721071863580996
0 0.5749542961608776 0.15347137637028013 0.06398537477148081 0.09987819732034109
0 0.27239488117001825 0.9878197320341048 0.04570383912248639 0.04628501827040195
0 0.037477148080438755 0.7332521315468941 0.056672760511883 0.06577344701583435
0 0.7879341864716636 0.9853836784409257 0.054844606946983544 0.048721071863580996
