0 0.8235294117647058 0.40671641791044777 0.04481792717086835 0.055970149253731345
0 0.8851540616246498 0.373134328358209 0.04201680672268908 0.04477611940298507
0 0.5196078431372549 0.6753731343283582 0.06162464985994382 0.07462686567164178
0 0.49159663865546216 0.39552238805970147 0.0392156862745098 0.041044776119402986
0 0.26750700280112044 0.4925373134328358 0.047619047619047616 0.05223880597014925
0 0.5560224089635855 0.9458955223880597 0.047619047619047616 0.06716417910447761
0 0.3865546218487395 0.1044776119402985 0.04481792717086835 0.05223880597014925
0 0.2647058823529412 0.009328358208955223 0.047619047619047616 0.05970149253731343
0 0.6638655462184874 0.35074626865671643 0.0392156862745098 0.05223880597014925
0 0.7983193277310925 0.27052238805970147 0.036414565826330535 0.05223880597014925
