0 0.7173333333333334 0.7985781990521327 0.060444444444444446 0.07819905213270142
0 0.7004444444444444 0.01066350710900474 0.033777777777777775 0.052132701421800945
0 0.7004444444444444 0.2725118483412322 0.042666666666666665 0.04739336492891002
0 0.9617777777777777 0.8684834123222749 0.10488888888888889 0.12085308056872038
0 0.7093333333333334 0.17298578199052134 0.06577777777777778 0.07109004739336493
0 0.13066666666666665 0.20971563981042654 0.03911111111111116 0.037914691943127965
0 0.8044444444444444 0.10545023696682465 0.035555555555555556 0.052132701421800945
0 0.6337777777777778 0.031990521327014215 0.04622222222222222 0.04976303317535545
0 0.9102222222222223 0.6433649289099526 0.03911111111111111 0.05924170616113744
0 0.7173333333333334 0.41706161137440756 0.037333333333333336 0.07109004739336493
0 0.9297777777777778 0.37796208530805686 0.058666666666666666 0.06635071090047394
0 0.9884444444444445 0.6990521327014217 0.064 0.07819905213270142
0 0.2853333333333333 0.54739336492891 0.07288888888888889 0.08530805687203778
0 0.9644444444444444 0.31990521327014215 0.064 0.06635071090047394
0 0.016888888888888887 0.273696682464455 0.04088888888888889 0.04028436018957339
0 0.7706666666666667 0.1066350710900474 0.03377777777777757 0.04028436018957346
0 0.8791111111111111 0.41706161137440756 0.042666666666666665 0.04976303317535545
0 0.7413333333333333 0.1457345971563981 0.033777777777777775 0.04976303317535545
0 0.72 0.8696682464454977 0.05688888888888889 0.06872037914691943
0 0.6844444444444444 0.3222748815165877 0.04088888888888889 0.04976303317535545
0 0.7004444444444444 0.22867298578199052 0.049777777777777775 0.052132701421800945
0 0.888 0.46445497630331756 0.05333333333333334 0.061611374407582936
