0 0.5662222222222222 0.25 0.060444444444444446 0.08056872037914692
0 0.37422222222222223 0.3104265402843602 0.11911111111111111 0.15165876777251186
0 0.6088888888888889 0.034360189573459717 0.05333333333333334 0.07345971563981042
0 0.4408888888888889 0.5379146919431279 0.037333333333333336 0.0331753554502371
0 0.392 0.6978672985781991 0.05333333333333334 0.04028436018957346
0 0.704 0.7085308056872038 0.09955555555555555 0.10900473933649289
0 0.7848888888888889 0.6279620853080569 0.10666666666666667 0.11374407582938388
0 0.5466666666666666 0.1504739336492891 0.08 0.10900473933649289
0 0.8044444444444444 0.2618483412322275 0.11377777777777778 0.11374407582938388
0 0.5422222222222223 0.4040284360189573 0.08533333333333333 0.11374407582938388
0 0.5564444444444444 0.8969194312796208 0.042666666666666665 0.08530805687203792
0 0.7315555555555555 0.9561611374407583 0.06933333333333333 0.09004739336492891
0 0.2791111111111111 0.0971563981042654 0.10666666666666667 0.16350710900473933
0 0.5022222222222222 0.6137440758293838 0.07644444444444444 0.0947867298578199
0 0.4782222222222222 0.4786729857819905 0.07822222222222222 0.0947867298578199
0 0.5902222222222222 0.943127962085308 0.05333333333333334 0.0971563981042654
0 0.6551111111111111 0.3447867298578199 0.058666666666666666 0.08293838862559241
0 0.049777777777777775 0.06990521327014218 0.12266666666666666 0.1966824644549763
0 0.3831111111111111 0.5793838862559242 0.037333333333333336 0.05924170616113744
0 0.6737777777777778 0.09597156398104266 0.07111111111111111 0.0947867298578199
0 0.6808888888888889 0.6149289099526066 0.10488888888888889 0.10426540284360189
