0 0.3473491773308958 0.13032886723507917 0.02376599634369287 0.031668696711327646
0 0.5109689213893968 0.0438489646772229 0.02376599634369287 0.031668696711327646
1 0.8436928702010968 0.9220462850182704 0.09140767824497258 0.12667478684531058
0 0.1809872029250457 0.30450669914738127 0.02376599634369287 0.02436053593179043
0 0.15722120658135283 0.33495736906211937 0.02376599634369287 0.029232643118148598
0 0.22851919561243145 0.4397076735688185 0.016453382084095063 0.031668696711327646
0 0.21480804387568556 0.464068209500609 0.025594149908592323 0.02679658952496955
0 0.15447897623400367 0.30694275274056027 0.025594149908592323 0.029232643118148667
0 0.3062157221206581 0.18879415347137637 0.021937842778793418 0.02679658952496955
0 0.7157221206581352 0.7454323995127893 0.07312614259597827 0.10475030450669914
0 0.27696526508226693 0.26431181485992694 0.018281535648994516 0.031668696711327715
0 0.7413162705667276 0.08891595615103533 0.02376599634369287 0.031668696711327646
0 0.9552102376599635 0.3556638246041413 0.04021937842778794 0.0438489646772229
0 0.8062157221206582 0.08526187576126674 0.031078610603290677 0.0438489646772229
0 0.8290676416819013 0.16321559074299635 0.027422303473491772 0.0389768574908648
0 0.7970749542961609 0.5298416565164433 0.038391224862888276 0.06577344701583449
0 0.5850091407678245 0.037758830694275276 0.025594149908592323 0.02679658952496954
0 0.27148080438756855 0.06090133982947625 0.018281535648994516 0.024360535931790498
0 0.9131627056672761 0.32034104750304504 0.043875685557586835 0.0535931790499391
0 0.6279707495429616 0.10840438489646773 0.029250457038391225 0.024360535931790498
0 0.24680073126142596 0.25213154689403167 0.02010968921389397 0.024360535931790498
0 0.9159049360146252 0.22289890377588306 0.043875685557586835 0.05115712545676005
