0 0.6170018281535649 0.8063337393422655 0.07312614259597806 0.09987819732034105
0 0.6096892138939671 0.9890377588306942 0.0603290676416819 0.04628501827040195
0 0.9908592321755028 0.8721071863580999 0.05301645338208409 0.08038976857490865
0 0.14442413162705667 0.9646772228989038 0.08226691042047532 0.0682095006090134
0 0.576782449725777 0.6601705237515225 0.06398537477148081 0.09744214372716199
0 0.11060329067641682 0.730816077953715 0.10786106032906764 0.12423873325213154
0 0.6170018281535649 0.9390986601705238 0.06946983546617916 0.09500609013398295
0 0.5868372943327239 0.5042630937880633 0.029250457038391225 0.048721071863580996
0 0.26691042047531993 0.9135200974421437 0.062157221206581355 0.09744214372716199
0 0.39488117001828155 0.6431181485992692 0.07861060329067641 0.09013398294762484
0 0.6096892138939671 0.09744214372716199 0.07495429616087751 0.0876979293544458
0 0.27148080438756855 0.6711327649208283 0.06581352833638025 0.058465286236297195
0 0.9570383912248629 0.7527405602923264 0.10420475319926874 0.1120584652862363
0 0.07586837294332724 0.5968331303288672 0.10603290676416818 0.1071863580998782
0 0.4753199268738574 0.4056029232643118 0.0603290676416819 0.0925700365408039
