0 0.10968921389396709 0.1510353227771011 0.05301645338208409 0.06820950060901336
0 0.6819012797074955 0.05968331303288672 0.07495429616087751 0.13885505481120586
0 0.1563071297989031 0.34835566382460414 0.0603290676416819 0.0828258221680877
0 0.44424131627056673 0.6272838002436053 0.051188299817184646 0.0828258221680877
0 0.08957952468007313 0.1900121802679659 0.06398537477148081 0.07064555420219244
1 0.026508226691042046 0.5627283800243605 0.113345521023766 0.1315468940316687
0 0.6654478976234004 0.5444579780755177 0.07312614259597806 0.0925700365408039
0 0.4040219378427788 0.9707673568818515 0.025594149908592323 0.05602923264311815
0 0.40036563071297987 0.3447015834348356 0.05850091407678245 0.06577344701583435
0 0.5073126142595978 0.41169305724725946 0.05301645338208409 0.06577344701583435
1 0.7568555758683729 0.7868453105968332 0.11517367458866545 0.1510353227771011
0 0.16544789762340037 0.607795371498173 0.0603290676416819 0.07551766138855055
0 0.5301645338208409 0.2289890377588307 0.05850091407678245 0.0779537149817296
0 0.15173674588665448 0.8465286236297198 0.06581352833638025 0.10962241169305725
0 0.5685557586837294 0.392204628501827 0.04936014625228519 0.08038976857490865
