0 0.3272394881170018 0.9123020706455542 0.025594149908592323 0.03654080389768575
0 0.5740402193784278 0.6114494518879415 0.07861060329067641 0.0779537149817296
0 0.30987202925045704 0.6735688185140073 0.043875685557586835 0.04141291108404385
0 0.17641681901279707 0.4701583434835566 0.08592321755027423 0.11693057247259439
0 0.79981718464351 0.38855054811205847 0.10786106032906764 0.13398294762484775
0 0.05301645338208409 0.8696711327649208 0.036563071297989046 0.048721071863580996
0 0.5027422303473492 0.08160779537149818 0.06398537477148081 0.09744214372716199
0 0.16270566727605118 0.7137637028014616 0.04936014625228519 0.04141291108404385
0 0.6681901279707495 0.6504263093788063 0.09506398537477148 0.10475030450669914
0 0.3546617915904936 0.610231425091352 0.054844606946983544 0.0535931790499391
0 0.8756855575868373 0.028014616321559074 0.07312614259597806 0.0876979293544458
0 0.12522851919561243 0.5517661388550548 0.04753199268738574 0.04384896467722304
0 0.18647166361974407 0.9756394640682094 0.02010968921389397 0.031668696711327646
0 0.3016453382084095 0.5785627283800243 0.08043875685557587 0.09013398294762498
0 0.9753199268738574 0.23264311814859928 0.06398537477148081 0.09013398294762484
