0 0.7591111111111111 0.46919431279620855 0.08711111111111111 0.10900473933649289
0 0.632 0.20853080568720378 0.049777777777777775 0.04976303317535545
0 0.5084444444444445 0.2109004739336493 0.08 0.11137440758293839
0 0.5795555555555556 0.11137440758293839 0.058666666666666666 0.07345971563981042
0 0.8115555555555556 0.6409952606635071 0.08533333333333333 0.08767772511848342
0 0.17244444444444446 0.3696682464454976 0.048 0.054502369668246446
0 0.64 0.2665876777251185 0.08888888888888889 0.1018957345971564
0 0.6524444444444445 0.4206161137440758 0.07644444444444444 0.0924170616113744
0 0.8648888888888889 0.43364928909952605 0.09777777777777778 0.11137440758293839
0 0.5502222222222222 0.2843601895734597 0.05688888888888909 0.08530805687203792
0 0.7351111111111112 0.5817535545023697 0.07644444444444444 0.0971563981042654
0 0.6062222222222222 0.3566350710900474 0.07466666666666667 0.0947867298578199
0 0.8915555555555555 0.556872037914692 0.09955555555555555 0.1018957345971564
0 0.19377777777777777 0.4490521327014218 0.05511111111111111 0.07345971563981042
0 0.16533333333333333 0.26895734597156395 0.06933333333333333 0.0781990521327015
