0 0.22549019607843138 0.5988805970149254 0.0392156862745098 0.048507462686567165
0 0.2913165266106443 0.539179104477612 0.036414565826330535 0.029850746268656716
0 0.6610644257703081 0.3003731343283582 0.047619047619047616 0.06716417910447761
0 0.20588235294117646 0.6623134328358209 0.0392156862745098 0.05223880597014925
0 0.9397759103641457 0.19029850746268656 0.04201680672268908 0.033582089552238806
0 0.21568627450980393 0.41044776119402987 0.028011204481792718 0.041044776119402986
0 0.3179271708683473 0.3656716417910448 0.04201680672268908 0.05223880597014925
0 0.3697478991596639 0.6100746268656716 0.028011204481792718 0.04477611940298507
0 0.17507002801120447 0.6007462686567164 0.0336134453781513 0.04477611940298507
0 0.23809523809523808 0.46455223880597013 0.03081232492997199 0.04477611940298507
0 0.17647058823529413 0.8041044776119403 0.03361344537815122 0.05223880597014925
0 0.6386554621848739 0.7406716417910447 0.036414565826330694 0.06716417910447782
0 0.056022408963585436 0.8488805970149254 0.047619047619047616 0.048507462686567165
0 0.3543417366946779 0.917910447761194 0.036414565826330535 0.033582089552238806
0 0.5448179271708683 0.31716417910447764 0.05042016806722705 0.05223880597014915
0 0.896358543417367 0.27798507462686567 0.0392156862745098 0.03731343283582089
0 0.33613445378151263 0.7947761194029851 0.042016806722688996 0.048507462686567165
0 0.8151260504201681 0.9888059701492538 0.07282913165266107 0.041044776119402986
0 0.211484593837535 0.8619402985074627 0.0392156862745098 0.05223880597014925
0 0.21428571428571427 0.7798507462686567 0.036414565826330535 0.04477611940298507
0 0.43137254901960786 0.9682835820895522 0.047619047619047616 0.05223880597014925
0 0.3739495798319328 0.31902985074626866 0.05042016806722689 0.04477611940298507
0 0.33473389355742295 0.582089552238806 0.028011204481792798 0.041044776119402986
0 0.6890756302521008 0.40298507462686567 0.06722689075630252 0.06716417910447761
0 0.5322128851540616 0.6343283582089553 0.07282913165266107 0.08582089552238785
0 0.2759103641456583 0.6231343283582089 0.047619047619047616 0.055970149253731345
0 0.3333333333333333 0.42350746268656714 0.04481792717086835 0.05970149253731343
0 0.7815126050420168 0.2798507462686567 0.036414565826330535 0.048507462686567165
0 0.65406162464986 0.6940298507462687 0.05042016806722689 0.048507462686567165
0 0.38375350140056025 0.7630597014925373 0.04481792717086835 0.055970149253731345
0 0.49019607843137253 0.2966417910447761 0.0392156862745098 0.03731343283582089
0 0.3277310924369748 0.6156716417910447 0.04201680672268908 0.03358208955223902
0 0.32212885154061627 0.5466417910447762 0.03641456582633045 0.03731343283582089
