0 0.6380255941499086 0.24482338611449453 0.03290676416819013 0.04628501827040195
0 0.8619744058500914 0.43727161997563946 0.08043875685557587 0.0682095006090134
0 0.6224862888482633 0.7478684531059683 0.05850091407678245 0.07551766138855055
0 0.7952468007312614 0.13032886723507917 0.06764168190127971 0.0682095006090134
0 0.8217550274223034 0.9926918392204629 0.04570383912248629 0.02679658952496955
0 0.9579524680073126 0.11693057247259439 0.04753199268738574 0.048721071863580996
0 0.9104204753199269 0.3617539585870889 0.06581352833638025 0.0828258221680877
0 0.6928702010968921 0.8453105968331304 0.04570383912248629 0.06090133982947625
0 0.8446069469835467 0.392204628501827 0.03473491773308958 0.04628501827040195
0 0.7321755027422303 0.5749086479902558 0.0712979890310786 0.07064555420219244
0 0.7385740402193784 0.20341047503045068 0.05301645338208409 0.07064555420219244
0 0.6096892138939671 0.36784409257003653 0.04936014625228519 0.0389768574908648
0 0.6526508226691042 0.7161997563946407 0.031078610603290677 0.05602923264311815
0 0.8839122486288848 0.13520097442143728 0.06398537477148081 0.06333739342265529
0 0.6316270566727605 0.31303288672350793 0.03473491773308958 0.06090133982947625
0 0.7842778793418648 0.5968331303288672 0.049360146252284985 0.0682095006090134
