0 0.31078610603290674 0.9732034104750305 0.07678244972577697 0.0779537149817296
0 0.3912248628884826 0.761266747868453 0.04204753199268738 0.05602923264311815
0 0.5621572212065814 0.8489646772228989 0.05850091407678245 0.06333739342265529
0 0.24588665447897623 0.705237515225335 0.06398537477148081 0.0779537149817296
0 0.3071297989031079 0.392204628501827 0.05301645338208409 0.06333739342265529
0 0.4040219378427788 0.11693057247259439 0.038391224862888484 0.0535931790499391
0 0.48628884826325414 0.4397076735688185 0.043875685557586835 0.07064555420219244
0 0.3930530164533821 0.27649208282582216 0.03473491773308958 0.029232643118148598
0 0.13071297989031078 0.8514007308160779 0.06398537477148081 0.0828258221680877
0 0.39853747714808047 0.9707673568818515 0.0603290676416818 0.0779537149817296
0 0.1380255941499086 0.13276492082825822 0.04753199268738574 0.05602923264311815
0 0.19926873857404023 0.658952496954933 0.03839122486288843 0.04628501827040195
0 0.37294332723948814 0.5883069427527405 0.04570383912248629 0.058465286236297195
0 0.4040219378427788 0.6285018270401949 0.04753199268738574 0.058465286236297195
