1 0.9296160877513712 0.7101096224116931 0.07312614259597786 0.11936662606577345
0 0.8601462522851919 0.34226552984165654 0.03656307129798903 0.0438489646772229
1 0.1663619744058501 0.8209500609013398 0.08043875685557587 0.0828258221680877
1 0.7806215722120659 0.9914738124238733 0.04936014625228519 0.0438489646772229
1 0.2413162705667276 0.7356881851400731 0.07678244972577697 0.1315468940316687
0 0.6636197440585009 0.24238733252131547 0.04204753199268738 0.058465286236297195
1 0.6453382084095064 0.438489646772229 0.0712979890310786 0.06577344701583435
0 0.7906764168190128 0.14372716199756394 0.03656307129798903 0.0438489646772229
1 0.2595978062157221 0.46772228989037756 0.06764168190127981 0.07551766138855055
0 0.27787934186471663 0.3861144945188794 0.03473491773308958 0.0341047503045067
1 0.8318098720292505 0.5164433617539586 0.038391224862888484 0.08038976857490879
1 0.12888482632541134 0.4007308160779537 0.056672760511883 0.06090133982947625
1 0.5338208409506399 0.9439707673568819 0.08409506398537477 0.1120584652862363
