0 0.10694698354661791 0.51278928136419 0.062157221206581355 0.0828258221680877
0 0.15082266910420475 0.5797807551766139 0.04570383912248629 0.0730816077953715
0 0.11791590493601463 0.7113276492082826 0.07495429616087751 0.1023142509135201
0 0.45612431444241314 0.5895249695493301 0.056672760511883 0.08038976857490865
0 0.3473491773308958 0.3215590742996346 0.04021937842778794 0.04141291108404385
0 0.44789762340036565 0.37393422655298414 0.056672760511883 0.08526187576126674
0 0.39579524680073125 0.39585870889159563 0.03656307129798903 0.058465286236297195
0 0.42687385740402195 0.7161997563946407 0.056672760511883 0.0828258221680877
0 0.2797074954296161 0.25334957369062117 0.062157221206581355 0.07308160779537157
0 0.3281535648994516 0.292326431181486 0.027422303473491772 0.0389768574908648
