0 0.263254113345521 0.13032886723507917 0.05301645338208409 0.05115712545676005
0 0.360146252285192 0.41291108404384896 0.0712979890310786 0.0828258221680877
0 0.9826325411334552 0.5688185140073082 0.04753199268738574 0.08038976857490851
0 0.720292504570384 0.658952496954933 0.07861060329067641 0.09744214372716199
0 0.3921389396709324 0.47868453105968334 0.058500914076782345 0.09013398294762484
0 0.7422303473491774 0.21315468940316687 0.08226691042047532 0.08526187576126674
0 0.5658135283363802 0.25334957369062117 0.07312614259597806 0.11936662606577338
0 0.9707495429616088 0.1218026796589525 0.06398537477148081 0.06577344701583435
0 0.2477148080438757 0.392204628501827 0.05850091407678245 0.05602923264311815
0 0.5045703839122486 0.3751522533495737 0.07495429616087751 0.10962241169305725
0 0.6645338208409507 0.21802679658952498 0.07312614259597786 0.0876979293544458
0 0.9259597806215722 0.5517661388550548 0.06946983546617916 0.08282582216808784
