0 0.5322128851540616 0.5914179104477612 0.05322128851540616 0.06716417910447761
0 0.20028011204481794 0.8824626865671642 0.04201680672268908 0.06716417910447761
0 0.38095238095238093 0.32276119402985076 0.04481792717086835 0.05970149253731343
0 0.2549019607843137 0.7686567164179104 0.04481792717086835 0.05223880597014925
0 0.3487394957983193 0.6082089552238806 0.04201680672268908 0.055970149253731345
0 0.6288515406162465 0.17164179104477612 0.05322128851540616 0.06716417910447761
0 0.7619047619047619 0.024253731343283583 0.05322128851540616 0.055970149253731345
0 0.42016806722689076 0.333955223880597 0.03361344537815126 0.05223880597014925
0 0.2703081232492997 0.9216417910447762 0.04201680672268908 0.05223880597014925
0 0.36554621848739494 0.3824626865671642 0.036414565826330535 0.05223880597014925
