0 0.21428571428571427 0.2462686567164179 0.03361344537815126 0.041044776119402986
0 0.7633053221288515 0.5615671641791045 0.05322128851540616 0.0708955223880597
0 0.7198879551820728 0.43843283582089554 0.04201680672268908 0.055970149253731345
0 0.45518207282913165 0.3787313432835821 0.047619047619047616 0.07835820895522388
0 0.7899159663865546 0.0708955223880597 0.03361344537815126 0.033582089552238806
0 0.43557422969187676 0.26119402985074625 0.0392156862745098 0.048507462686567165
0 0.10364145658263306 0.013059701492537313 0.04201680672268908 0.05970149253731343
0 0.8165266106442577 0.20335820895522388 0.036414565826330535 0.06716417910447761
0 0.7941176470588235 0.11007462686567164 0.03081232492997199 0.03731343283582089
0 0.623249299719888 0.04477611940298507 0.03081232492997199 0.048507462686567165
0 0.6512605042016807 0.7425373134328358 0.07282913165266107 0.08955223880597014
0 0.18347338935574228 0.3208955223880597 0.03361344537815126 0.048507462686567165
0 0.40756302521008403 0.47388059701492535 0.05322128851540616 0.06716417910447761
0 0.4495798319327731 0.09701492537313433 0.03081232492997199 0.041044776119402986
0 0.33473389355742295 0.6940298507462687 0.03641456582633061 0.041044776119402986
0 0.07563025210084033 0.18097014925373134 0.04761904761904764 0.048507462686567165
0 0.9859943977591037 0.05783582089552239 0.03361344537815126 0.055970149253731345
0 0.8613445378151261 0.6100746268656716 0.04201680672268908 0.05223880597014925
0 0.02661064425770308 0.15671641791044777 0.036414565826330535 0.048507462686567165
0 0.9481792717086834 0.3358208955223881 0.05322128851540616 0.06343283582089553
0 0.23109243697478993 0.2947761194029851 0.03361344537815126 0.048507462686567165
0 0.6218487394957983 0.2574626865671642 0.04201680672268908 0.05223880597014925
0 0.11764705882352941 0.7145522388059702 0.05042016806722689 0.05223880597014925
0 0.742296918767507 0.2947761194029851 0.047619047619047616 0.05223880597014925
0 0.47478991596638653 0.07462686567164178 0.03361344537815126 0.04477611940298507
0 0.7254901960784313 0.22388059701492538 0.05042016806722689 0.04477611940298507
0 0.26750700280112044 0.19402985074626866 0.036414565826330535 0.048507462686567165
0 0.049019607843137254 0.539179104477612 0.058823529411764705 0.041044776119402986
0 0.5714285714285714 0.03544776119402985 0.036414565826330535 0.033582089552238806
0 0.30392156862745096 0.27052238805970147 0.03361344537815134 0.048507462686567165
0 0.1568627450980392 0.13432835820895522 0.03081232492997199 0.048507462686567165
0 0.3445378151260504 0.12686567164179105 0.03361344537815126 0.04477611940298507
0 0.6624649859943977 0.033582089552238806 0.03081232492997199 0.04477611940298507
0 0.6778711484593838 0.4832089552238806 0.047619047619047616 0.05970149253731343
0 0.9649859943977591 0.8488805970149254 0.08683473389355742 0.13059701492537312
0 0.865546218487395 0.2126865671641791 0.04201680672268908 0.048507462686567165
0 0.44537815126050423 0.6455223880597015 0.0392156862745098 0.05223880597014925
0 0.469187675070028 0.125 0.0392156862745098 0.05223880597014925
0 0.3865546218487395 0.6847014925373134 0.04201680672268908 0.04477611940298507
0 0.7787114845938375 0.19402985074626866 0.0392156862745098 0.048507462686567165
0 0.3137254901960784 0.458955223880597 0.05322128851540616 0.0708955223880597
0 0.023809523809523808 0.19962686567164178 0.0392156862745098 0.04477611940298507
0 0.8557422969187675 0.13619402985074627 0.0392156862745098 0.04477611940298507
0 0.1568627450980392 0.29850746268656714 0.036414565826330535 0.04477611940298507
0 0.6610644257703081 0.373134328358209 0.05322128851540616 0.06716417910447761
0 0.634453781512605 0.016791044776119403 0.03361344537815126 0.03731343283582089
0 0.5084033613445378 0.30783582089552236 0.05322128851540616 0.05597014925373145
0 0.2184873949579832 0.208955223880597 0.03081232492997199 0.04477611940298507
0 0.37815126050420167 0.055970149253731345 0.03361344537815126 0.04477611940298507
0 0.48599439775910364 0.7089552238805971 0.04481792717086835 0.0708955223880597
0 0.6274509803921569 0.4626865671641791 0.056022408963585436 0.07462686567164178
0 0.5700280112044818 0.5634328358208955 0.047619047619047616 0.0708955223880597
