0 0.30577777777777776 0.6658767772511849 0.05333333333333334 0.07819905213270142
0 0.40444444444444444 0.3305687203791469 0.06577777777777778 0.08767772511848342
0 0.3457777777777778 0.5781990521327014 0.07822222222222222 0.0971563981042654
0 0.35555555555555557 0.6528436018957346 0.07111111111111111 0.07819905213270142
0 0.28888888888888886 0.48933649289099523 0.06755555555555566 0.09004739336492891
0 0.19555555555555557 0.6113744075829384 0.049777777777777775 0.07819905213270142
0 0.3422222222222222 0.46800947867298576 0.03911111111111111 0.04739336492890995
0 0.26844444444444443 0.5734597156398105 0.060444444444444446 0.08530805687203778
0 0.25066666666666665 0.6492890995260664 0.060444444444444446 0.06635071090047394
0 0.376 0.4324644549763033 0.08 0.11137440758293839
0 0.3511111111111111 0.3696682464454976 0.058666666666666666 0.0947867298578199
