0 0.8897777777777778 0.8092417061611374 0.064 0.061611374407582936
0 0.8746666666666667 0.4585308056872038 0.08711111111111111 0.10426540284360189
0 0.8586666666666667 0.25829383886255924 0.06933333333333333 0.08530805687203792
0 0.9351111111111111 0.3187203791469194 0.064 0.0947867298578199
0 0.288 0.3400473933649289 0.060444444444444446 0.06872037914691943
0 0.8604444444444445 0.06635071090047394 0.09066666666666667 0.12322274881516586
0 0.1431111111111111 0.18364928909952608 0.049777777777777775 0.08056872037914692
0 0.08 0.3281990521327014 0.05688888888888889 0.06398104265402843
0 0.6142222222222222 0.6718009478672986 0.08533333333333333 0.08767772511848342
0 0.704 0.38270142180094785 0.05333333333333334 0.052132701421800945
0 0.5448888888888889 0.3495260663507109 0.06933333333333333 0.07582938388625593
0 0.9315555555555556 0.08886255924170616 0.09244444444444444 0.1066350710900474
0 0.5377777777777778 0.26303317535545023 0.051555555555555556 0.08530805687203792
0 0.3217777777777778 0.3033175355450237 0.05688888888888889 0.06398104265402843
0 0.8604444444444445 0.8981042654028436 0.064 0.08530805687203792
0 0.9946666666666667 0.11018957345971564 0.049777777777777775 0.06635071090047394
0 0.10311111111111111 0.20853080568720378 0.064 0.08293838862559241
