0 0.5537777777777778 0.6457345971563981 0.03911111111111111 0.08056872037914692
0 0.68 0.509478672985782 0.09422222222222222 0.12085308056872038
0 0.7582222222222222 0.504739336492891 0.07111111111111111 0.08767772511848328
0 0.06933333333333333 0.3033175355450237 0.07466666666666667 0.08056872037914692
0 0.4177777777777778 0.8992890995260664 0.05333333333333323 0.07582938388625593
0 0.9066666666666666 0.518957345971564 0.10488888888888889 0.08293838862559241
0 0.2782222222222222 0.3803317535545024 0.06222222222222222 0.08530805687203792
0 0.17333333333333334 0.3696682464454976 0.051555555555555556 0.06398104265402843
0 0.5848888888888889 0.8755924170616114 0.032 0.04976303317535545
0 0.6186666666666667 0.495260663507109 0.05511111111111111 0.08530805687203792
0 0.09688888888888889 0.41232227488151657 0.035555555555555556 0.04265402843601896
0 0.20355555555555555 0.54739336492891 0.05688888888888889 0.07819905213270129
0 0.5484444444444444 0.5781990521327014 0.048 0.05687203791469194
0 0.14222222222222222 0.5260663507109005 0.05688888888888889 0.07109004739336493
0 0.5857777777777777 0.5450236966824644 0.032 0.04502369668246459
0 0.024888888888888887 0.15639810426540285 0.06933333333333333 0.11374407582938388
0 0.5528888888888889 0.47511848341232227 0.08177777777777778 0.0947867298578199
0 0.5777777777777777 0.7393364928909952 0.019555555555555756 0.04028436018957346
0 0.544 0.7784360189573459 0.05333333333333334 0.08056872037914692
0 0.6453333333333333 0.9407582938388626 0.032 0.045023696682464455
0 0.6684444444444444 0.8981042654028436 0.07644444444444444 0.08530805687203792
