0 0.5546666666666666 0.8732227488151659 0.07644444444444444 0.1066350710900474
0 0.024 0.283175355450237 0.06755555555555555 0.07345971563981042
0 0.17866666666666667 0.735781990521327 0.07288888888888889 0.0995260663507109
0 0.7253333333333334 0.46445497630331756 0.07466666666666646 0.06635071090047394
0 0.05511111111111111 0.683649289099526 0.07822222222222222 0.0924170616113744
0 0.0071111111111111115 0.6623222748815166 0.04088888888888889 0.05924170616113744
0 0.11555555555555555 0.7132701421800948 0.06933333333333333 0.09004739336492891
0 0.248 0.773696682464455 0.10311111111111111 0.12085308056872038
0 0.0044444444444444444 0.590047393364929 0.030222222222222223 0.05213270142180081
0 0.3288888888888889 0.8542654028436019 0.07822222222222222 0.11374407582938388
0 0.9466666666666667 0.8601895734597157 0.08888888888888889 0.09004739336492891
