0 0.41955555555555557 0.6481042654028436 0.024888888888888887 0.03317535545023697
0 0.5751111111111111 0.5355450236966824 0.049777777777777775 0.08530805687203792
0 0.824 0.48104265402843605 0.08533333333333333 0.10426540284360189
0 0.43733333333333335 0.6469194312796208 0.028444444444444446 0.037914691943127965
0 0.48977777777777776 0.5758293838862559 0.051555555555555556 0.08530805687203792
0 0.8862222222222222 0.5781990521327014 0.06577777777777778 0.07109004739336493
0 0.64 0.6966824644549763 0.05688888888888889 0.07819905213270142
0 0.6275555555555555 0.8175355450236966 0.05688888888888889 0.08293838862559241
1 0.12177777777777778 0.2713270142180095 0.11555555555555555 0.08767772511848342
0 0.45511111111111113 0.40639810426540285 0.048 0.061611374407582936
0 0.344 0.5308056872037915 0.02488888888888899 0.04265402843601882
0 0.896 0.5177725118483413 0.096 0.10189573459715626
1 0.2648888888888889 0.5390995260663507 0.09422222222222222 0.1018957345971564
0 0.576 0.6398104265402843 0.07111111111111111 0.08767772511848342
0 0.30933333333333335 0.504739336492891 0.032 0.04976303317535532
0 0.31466666666666665 0.4312796208530806 0.037333333333333336 0.07109004739336493
0 0.52 0.476303317535545 0.06577777777777778 0.0924170616113744
0 0.08444444444444445 0.2132701421800948 0.08 0.04265402843601896
0 0.6915555555555556 0.6184834123222749 0.07466666666666667 0.10900473933649289
