0 0.49422222222222223 0.6374407582938388 0.035555555555555556 0.052132701421800945
0 0.6097777777777778 0.8732227488151659 0.060444444444444446 0.07109004739336493
0 0.25422222222222224 0.1646919431279621 0.07111111111111111 0.10900473933649289
0 0.7866666666666666 0.8732227488151659 0.05333333333333334 0.04976303317535545
0 0.5822222222222222 0.8080568720379147 0.037333333333333336 0.052132701421800945
0 0.24711111111111111 0.018957345971563982 0.035555555555555556 0.04265402843601896
0 0.5644444444444444 0.8613744075829384 0.035555555555555556 0.05687203791469194
0 0.5591111111111111 0.8199052132701422 0.030222222222222223 0.026066350710900472
0 0.7422222222222222 0.8791469194312796 0.024888888888888887 0.037914691943127965
0 0.45955555555555555 0.5758293838862559 0.037333333333333336 0.07345971563981042
0 0.7155555555555555 0.9218009478672986 0.08355555555555576 0.1066350710900474
0 0.5253333333333333 0.7156398104265402 0.04622222222222222 0.061611374407582936
0 0.3884444444444444 0.4537914691943128 0.028444444444444446 0.037914691943127965
