0 0.14755555555555555 0.030805687203791468 0.07288888888888889 0.0947867298578199
0 0.14044444444444446 0.10071090047393365 0.048 0.052132701421800945
0 0.5377777777777778 0.1646919431279621 0.028444444444444446 0.026066350710900472
0 0.21777777777777776 0.1646919431279621 0.046222222222222276 0.061611374407582936
0 0.568 0.30924170616113744 0.05333333333333354 0.06635071090047394
0 0.8782222222222222 0.25355450236966826 0.060444444444444446 0.05924170616113744
0 0.6071111111111112 0.9265402843601895 0.051555555555555556 0.08293838862559241
0 0.7964444444444444 0.4158767772511848 0.04622222222222222 0.04739336492890995
0 0.30577777777777776 0.17535545023696683 0.04088888888888889 0.04028436018957346
0 0.25866666666666666 0.1848341232227488 0.05688888888888889 0.04739336492890995
0 0.7457777777777778 0.9845971563981043 0.08 0.07109004739336493
0 0.35644444444444445 0.1943127962085308 0.033777777777777775 0.04028436018957346
