0 0.5297777777777778 0.9383886255924171 0.032 0.04265402843601896
0 0.6826666666666666 0.8341232227488151 0.030222222222222223 0.037914691943127965
0 0.09333333333333334 0.46208530805687204 0.03911111111111111 0.06872037914691943
0 0.6782222222222222 0.8945497630331753 0.030222222222222424 0.04265402843601896
0 0.1582222222222222 0.8353080568720379 0.060444444444444495 0.08767772511848342
0 0.7973333333333333 0.15876777251184834 0.037333333333333336 0.04739336492890995
0 0.7386666666666667 0.8246445497630331 0.033777777777777775 0.045023696682464455
0 0.5191111111111111 0.9869668246445498 0.024888888888888887 0.04265402843601896
0 0.42488888888888887 0.8957345971563981 0.04088888888888889 0.04028436018957346
0 0.09066666666666667 0.5260663507109005 0.05511111111111108 0.05687203791469194
