0 0.6694677871148459 0.8190298507462687 0.047619047619047776 0.06343283582089553
0 0.19607843137254902 0.6660447761194029 0.04201680672268908 0.03731343283582089
0 0.5588235294117647 0.8097014925373134 0.0392156862745098 0.055970149253731345
0 0.29411764705882354 0.6902985074626866 0.028011204481792718 0.03731343283582089
0 0.16806722689075632 0.6231343283582089 0.025210084033613404 0.04477611940298507
0 0.7647058823529411 0.7555970149253731 0.04201680672268908 0.055970149253731345
0 0.37254901960784315 0.8227611940298507 0.036414565826330535 0.05223880597014925
0 0.38235294117647056 0.4197761194029851 0.04201680672268908 0.03731343283582089
0 0.35014005602240894 0.5242537313432836 0.0476190476190477 0.07462686567164178
0 0.2801120448179272 0.9272388059701493 0.06162464985994398 0.08582089552238806
0 0.1484593837535014 0.792910447761194 0.05322128851540616 0.05970149253731343
0 0.3235294117647059 0.8208955223880597 0.047619047619047616 0.0708955223880597
0 0.12324929971988796 0.914179104477612 0.03081232492997199 0.05223880597014925
0 0.3739495798319328 0.7705223880597015 0.03361344537815126 0.055970149253731345
0 0.06162464985994398 0.9104477611940298 0.0784313725490196 0.06716417910447761
0 0.4957983193277311 0.7966417910447762 0.03361344537815126 0.04477611940298507
0 0.5938375350140056 0.7518656716417911 0.05322128851540616 0.06343283582089553
0 0.19327731092436976 0.9421641791044776 0.04201680672268908 0.06343283582089553
0 0.3235294117647059 0.707089552238806 0.036414565826330535 0.041044776119402986
0 0.49159663865546216 0.9738805970149254 0.058823529411764705 0.07835820895522388
0 0.44677871148459386 0.7667910447761194 0.0392156862745098 0.03731343283582089
0 0.41316526610644255 0.7126865671641791 0.05042016806722689 0.0708955223880597
0 0.35014005602240894 0.7444029850746269 0.03641456582633061 0.04477611940298507
0 0.23669467787114845 0.7742537313432836 0.056022408963585436 0.07462686567164178
0 0.3165266106442577 0.6716417910447762 0.03081232492997199 0.03731343283582089
0 0.19047619047619047 0.7761194029850746 0.0392156862745098 0.055970149253731345
0 0.41876750700280113 0.7966417910447762 0.04481792717086835 0.048507462686567165
0 0.33613445378151263 0.43656716417910446 0.05602240896358535 0.0708955223880597
0 0.41316526610644255 0.7574626865671642 0.036414565826330535 0.048507462686567165
