0 0.7815126050420168 0.35634328358208955 0.05042016806722689 0.06343283582089553
0 0.33053221288515405 0.11567164179104478 0.04201680672268908 0.06343283582089553
0 0.6778711484593838 0.31902985074626866 0.047619047619047616 0.0708955223880597
0 0.9355742296918768 0.2873134328358209 0.0392156862745098 0.04477611940298507
0 0.7815126050420168 0.43283582089552236 0.04481792717086835 0.04104477611940309
0 0.5980392156862745 0.5149253731343284 0.047619047619047616 0.055970149253731345
0 0.046218487394957986 0.9197761194029851 0.05322128851540616 0.06343283582089553
0 0.6176470588235294 0.4626865671641791 0.04201680672268908 0.048507462686567165
0 0.5630252100840336 0.14738805970149255 0.047619047619047616 0.06343283582089553
0 0.7338935574229691 0.4626865671641791 0.028011204481792718 0.06343283582089553
0 0.7058823529411765 0.48134328358208955 0.04201680672268892 0.06343283582089553
