0 0.050666666666666665 0.5627962085308057 0.028444444444444446 0.035545023696682464
0 0.13333333333333333 0.5272511848341233 0.049777777777777775 0.04976303317535545
0 0.216 0.5308056872037915 0.032 0.05450236966824631
0 0.2728888888888889 0.4146919431279621 0.05688888888888889 0.07109004739336493
0 0.2657777777777778 0.5556872037914692 0.032 0.05687203791469194
0 0.17777777777777778 0.5296208530805687 0.030222222222222223 0.045023696682464455
0 0.33511111111111114 0.523696682464455 0.04266666666666657 0.054502369668246446
0 0.07555555555555556 0.5 0.02311111111111111 0.030805687203791468
0 0.3626666666666667 0.3767772511848341 0.05155555555555545 0.07582938388625593
0 0.03822222222222222 0.5035545023696683 0.02666666666666667 0.03317535545023697
0 0.09155555555555556 0.5793838862559242 0.024888888888888887 0.035545023696682464
0 0.48 0.5853080568720379 0.042666666666666665 0.04739336492890995
0 0.43822222222222224 0.5924170616113744 0.03911111111111111 0.04976303317535545
0 0.8 0.683649289099526 0.028444444444444446 0.037914691943127965
0 0.9048888888888889 0.5497630331753555 0.02666666666666667 0.04739336492890995
0 0.2782222222222222 0.254739336492891 0.07466666666666667 0.08767772511848342
0 0.28444444444444444 0.5 0.037333333333333336 0.054502369668246446
