0 0.041777777777777775 0.08293838862559241 0.030222222222222223 0.035545023696682464
0 0.12711111111111112 0.11492890995260663 0.02311111111111111 0.037914691943127965
0 0.7253333333333334 0.9407582938388626 0.042666666666666464 0.07345971563981042
0 0.3751111111111111 0.9917061611374408 0.033777777777777775 0.030805687203791468
0 0.3466666666666667 0.39454976303317535 0.033777777777777775 0.05687203791469194
0 0.20533333333333334 0.9893364928909952 0.02666666666666667 0.04265402843601896
0 0.064 0.24644549763033174 0.02311111111111111 0.02843601895734597
0 0.2782222222222222 0.42890995260663506 0.032 0.04739336492890995
0 0.5173333333333333 0.8649289099526066 0.035555555555555556 0.05687203791469194
0 0.06488888888888888 0.17417061611374407 0.024888888888888887 0.035545023696682464
0 0.6568888888888889 0.259478672985782 0.051555555555555556 0.0924170616113744
0 0.5377777777777778 0.1481042654028436 0.07111111111111111 0.0971563981042654
0 0.6595555555555556 0.4597156398104265 0.08711111111111111 0.12085308056872038
0 0.6062222222222222 0.5106635071090048 0.058666666666666666 0.0971563981042654
0 0.29333333333333333 0.6409952606635071 0.03911111111111111 0.054502369668246446
0 0.6373333333333333 0.19549763033175355 0.08 0.1066350710900474
0 0.09244444444444444 0.14218009478672985 0.019555555555555555 0.030805687203791468
0 0.3022222222222222 0.9135071090047393 0.033777777777777775 0.04976303317535545
