0 0.3567046450482033 0.2266355140186916 0.06836108676599474 0.102803738317757
0 0.9141104294478528 0.5245327102803738 0.06485539000876424 0.08411214953271028
0 0.4057843996494303 0.7021028037383178 0.056091148115687994 0.0794392523364486
0 0.5188431200701139 0.8656542056074766 0.021034180543382998 0.035046728971962614
0 0.5127081507449606 0.8130841121495327 0.026292725679228746 0.06775700934579439
0 0.4101665205959685 0.9217289719626168 0.045574057843996395 0.06775700934579439
0 0.4566170026292726 0.9030373831775701 0.04382120946538125 0.06542056074766354
0 0.7239263803680982 0.5338785046728972 0.06134969325153374 0.04439252336448598
0 0.9070990359333918 0.633177570093458 0.035056967572304996 0.053738317757009345
0 0.4364592462751972 0.3107476635514019 0.08238387379491664 0.08177570093457943
0 0.7940403155127082 0.4088785046728972 0.040315512708150744 0.07009345794392523
0 0.5188431200701139 0.9380841121495327 0.033304119193689745 0.04205607476635514
0 0.3172655565293602 0.2675233644859813 0.07887817703768624 0.0911214953271028
0 0.43470639789658194 0.8492990654205608 0.03680981595092025 0.056074766355140186
0 0.8194566170026293 0.5210280373831776 0.04557405784399649 0.0630841121495327
