0 0.6195555555555555 0.07109004739336493 0.02666666666666667 0.030805687203791468
0 0.19733333333333333 0.9680094786729858 0.024888888888888887 0.04028436018957346
0 0.744 0.5082938388625592 0.033777777777777775 0.06398104265402857
0 0.5324444444444445 0.8921800947867299 0.0639999999999998 0.09004739336492891
0 0.13955555555555554 0.5367298578199052 0.028444444444444446 0.035545023696682464
0 0.7697777777777778 0.5177725118483413 0.02666666666666667 0.04265402843601882
0 0.2986666666666667 0.5912322274881516 0.05688888888888889 0.07819905213270142
0 0.6577777777777778 0.2381516587677725 0.037333333333333336 0.061611374407582936
0 0.43733333333333335 0.9466824644549763 0.048 0.07345971563981042
0 0.6933333333333334 0.3281990521327014 0.064 0.0924170616113744
