0 0.8266666666666667 0.5829383886255924 0.02666666666666667 0.04265402843601896
0 0.18755555555555556 0.6113744075829384 0.064 0.0971563981042654
0 0.5911111111111111 0.9170616113744076 0.04088888888888889 0.06398104265402843
0 0.6328888888888888 0.6137440758293838 0.030222222222222424 0.04265402843601896
0 0.6151111111111112 0.2618483412322275 0.024888888888888686 0.04028436018957346
0 0.30044444444444446 0.7606635071090048 0.033777777777777775 0.037914691943127965
0 0.7644444444444445 0.7464454976303317 0.030222222222222223 0.04028436018957346
0 0.7893333333333333 0.5912322274881516 0.021333333333333333 0.035545023696682464
0 0.464 0.8803317535545023 0.033777777777777775 0.07109004739336493
0 0.7786666666666666 0.3542654028436019 0.028444444444444446 0.037914691943127965
0 0.9271111111111111 0.8566350710900474 0.024888888888888887 0.03317535545023697
0 0.7164444444444444 0.4976303317535545 0.035555555555555556 0.04739336492890995
0 0.7546666666666667 0.4656398104265403 0.035555555555555556 0.04739336492890995
0 0.816 0.1066350710900474 0.030222222222222424 0.045023696682464455
0 0.8355555555555556 0.43009478672985785 0.03377777777777757 0.037914691943127965
0 0.6915555555555556 0.7203791469194313 0.032 0.04739336492890995
