0 0.33511111111111114 0.07582938388625593 0.030222222222222123 0.030805687203791468
0 0.4631111111111111 0.08767772511848342 0.021333333333333333 0.035545023696682464
0 0.2693333333333333 0.38744075829383884 0.044444444444444446 0.03317535545023697
0 0.20533333333333334 0.023696682464454975 0.032 0.02843601895734597
0 0.24711111111111111 0.016587677725118485 0.032 0.037914691943127965
0 0.008888888888888889 0.6516587677725119 0.035555555555555556 0.04265402843601896
0 0.14844444444444443 0.8116113744075829 0.058666666666666666 0.09004739336492891
0 0.272 0.9893364928909952 0.037333333333333336 0.03317535545023697
0 0.4968888888888889 0.5 0.05333333333333334 0.06635071090047394
0 0.4275555555555556 0.4277251184834123 0.051555555555555556 0.05924170616113744
0 0.48088888888888887 0.1338862559241706 0.024888888888888887 0.030805687203791468
0 0.40444444444444444 0.34360189573459715 0.032 0.035545023696682464
0 0.496 0.15402843601895735 0.019555555555555555 0.023696682464454975
0 0.6568888888888889 0.3613744075829384 0.04088888888888889 0.04739336492890995
0 0.3626666666666667 0.7369668246445498 0.04444444444444434 0.07582938388625593
0 0.6897777777777778 0.35545023696682465 0.021333333333333333 0.04028436018957346
0 0.6222222222222222 0.6267772511848341 0.060444444444444446 0.08056872037914692
0 0.808 0.14336492890995262 0.03911111111111091 0.049763033175355416
0 0.4826666666666667 0.5722748815165877 0.05688888888888889 0.06635071090047394
0 0.224 0.7654028436018957 0.06755555555555555 0.06398104265402843
0 0.24266666666666667 0.2962085308056872 0.033777777777777775 0.04028436018957346
0 0.272 0.016587677725118485 0.030222222222222223 0.02843601895734597
