0 0.48 0.27606635071090047 0.049777777777777775 0.07819905213270142
0 0.9253333333333333 0.07582938388625593 0.05688888888888889 0.04976303317535545
0 0.7484444444444445 0.13270142180094788 0.04088888888888889 0.04265402843601899
0 0.16 0.7428909952606635 0.024888888888888887 0.026066350710900472
0 0.5875555555555556 0.8601895734597157 0.024888888888888686 0.04028436018957346
0 0.15911111111111112 0.4158767772511848 0.05511111111111111 0.07109004739336493
0 0.4817777777777778 0.4253554502369668 0.05333333333333334 0.06398104265402843
0 0.944 0.9218009478672986 0.033777777777777775 0.045023696682464455
0 0.1288888888888889 0.716824644549763 0.028444444444444446 0.030805687203791468
0 0.1688888888888889 0.013033175355450236 0.033777777777777775 0.037914691943127965
0 0.12533333333333332 0.5604265402843602 0.028444444444444446 0.03317535545023683
0 0.2808888888888889 0.7582938388625592 0.030222222222222223 0.04028436018957346
0 0.5484444444444444 0.764218009478673 0.030222222222222223 0.052132701421800945
0 0.5057777777777778 0.7298578199052133 0.035555555555555556 0.035545023696682464
