0 0.14985994397759103 0.792910447761194 0.036280112044817944 0.07768621348235139
0 0.4635854341736695 0.46828358208955223 0.04882913165266109 0.056323831081559056
0 0.22969187675070027 0.5727611940298507 0.04728291316526611 0.06063874938105686
0 0.2507002801120448 0.5149253731343284 0.05682166199813259 0.08152366131428158
0 0.9061624649859944 0.9794776119402985 0.0561195144724556 0.07032963146353524
0 0.5724444444444444 0.38507109004739337 0.030222222222222223 0.035545023696682464
0 0.19187675070028012 0.5522388059701493 0.046468720821661966 0.07798684303600475
0 0.38235294117647056 0.7350746268656716 0.02640522875816997 0.04643842399377529
0 0.3591111111111111 0.005924170616113744 0.030222222222222223 0.035545023696682464
0 0.20868347338935575 0.6791044776119403 0.04485527544351074 0.03989531017896297
0 0.3457777777777778 0.0533175355450237 0.017777777777777778 0.037914691943127965
0 0.2801120448179272 0.2462686567164179 0.044220354808590046 0.06907406097474714
0 0.32212885154061627 0.16791044776119404 0.05796451914098968 0.08124071585201949
0 0.10577777777777778 0.5082938388625592 0.044444444444444446 0.052132701421801084
0 0.9425770308123249 0.9011194029850746 0.034845938375350265 0.04610242625733894
0 0.3982222222222222 0.9881516587677726 0.048 0.04028436018957346
0 0.29971988795518206 0.8955223880597015 0.047671335200747005 0.038339110136521026
0 0.2703081232492997 0.9235074626865671 0.028272642390289447 0.04635000353681831
0 0.3473389355742297 0.6492537313432836 0.041322128851540685 0.045094433048030146
0 0.19187675070028012 0.42350746268656714 0.0518020541549953 0.06767701775482779
0 0.7555555555555555 0.26066350710900477 0.037333333333333336 0.06872037914691936
0 0.49719887955182074 0.11940298507462686 0.05804668534080298 0.07162057013510646
0 0.6204481792717087 0.5951492537313433 0.05332586367880483 0.08221334087854558
0 0.5973333333333334 0.3518957345971564 0.042666666666666665 0.05924170616113744
0 0.48977777777777776 0.580568720379147 0.030222222222222223 0.03554502369668233
0 0.3851540616246499 0.46455223880597013 0.040358543417366895 0.04482917167715921
0 0.576 0.44786729857819907 0.05333333333333334 0.08056872037914692
0 0.5448179271708683 0.24813432835820895 0.048141923436041095 0.0677123859376105
