0 0.4071111111111111 0.9609004739336493 0.049777777777777775 0.07109004739336493
0 0.9537777777777777 0.6172985781990521 0.037333333333333336 0.052132701421800945
0 0.5271111111111111 0.6824644549763034 0.048 0.06872037914691943
0 0.6275555555555555 0.34360189573459715 0.02666666666666667 0.061611374407582936
0 0.2791111111111111 0.9751184834123223 0.09244444444444444 0.0971563981042654
0 0.6355555555555555 0.22985781990521326 0.028444444444444446 0.05924170616113744
0 0.6231111111111111 0.45734597156398105 0.024888888888889092 0.045023696682464455
0 0.4711111111111111 0.6658767772511849 0.042666666666666665 0.06635071090047394
0 0.5004444444444445 0.6670616113744076 0.032 0.054502369668246446
0 0.4524444444444444 0.7156398104265402 0.044444444444444446 0.04739336492890995
0 0.5217777777777778 0.02962085308056872 0.033777777777777775 0.035545023696682464
0 0.5084444444444445 0.5924170616113744 0.05333333333333334 0.07109004739336493
0 0.45155555555555554 0.8258293838862559 0.044444444444444446 0.07345971563981042
0 0.5893333333333334 0.08530805687203792 0.032 0.052132701421800945
0 0.5351111111111111 0.6232227488151659 0.037333333333333336 0.04739336492890995
0 0.9715555555555555 0.7109004739336493 0.048 0.06635071090047394
0 0.5626666666666666 0.5888625592417062 0.042666666666666665 0.06635071090047394
0 0.7377777777777778 0.976303317535545 0.05333333333333334 0.061611374407582936
