0 0.14533965244865718 0.5627962085308057 0.07266982622432859 0.04739336492890995
0 0.27014218009478674 0.7879146919431279 0.07582938388625593 0.05924170616113744
0 0.2132701421800948 0.6220379146919431 0.0631911532385466 0.045023696682464455
0 0.5892575039494471 0.7748815165876777 0.06635071090047394 0.06398104265402843
0 0.8104265402843602 0.6943127962085308 0.053712480252764615 0.037914691943127965
0 0.8641390205371248 0.6101895734597157 0.044233807266982623 0.037914691943127965
0 0.6382306477093207 0.693127962085308 0.07898894154818326 0.054502369668246446
0 0.7930489731437599 0.49881516587677727 0.08530805687203792 0.054502369668246446
0 0.32701421800947866 0.5 0.08214849921011058 0.05924170616113744
0 0.4218009478672986 0.4099526066350711 0.06635071090047394 0.054502369668246446
0 0.2717219589257504 0.5438388625592417 0.07582938388625593 0.026066350710900608
0 0.3001579778830964 0.7002369668246445 0.06951026856240117 0.052132701421800945
0 0.4976303317535545 0.41824644549763035 0.0631911532385466 0.04739336492890995
0 0.3854660347551343 0.12322274881516587 0.10742496050552923 0.1018957345971564
0 0.9257503949447078 0.8815165876777251 0.05055292259083728 0.03317535545023697
0 0.6334913112164297 0.7286729857819905 0.053712480252764795 0.03317535545023697
0 0.8973143759873617 0.9253554502369669 0.044233807266982623 0.037914691943127965
0 0.707740916271722 0.4158767772511848 0.06635071090047394 0.04739336492890995
0 0.669826224328594 0.6587677725118484 0.04739336492890995 0.037914691943127965
0 0.6729857819905213 0.5592417061611374 0.05687203791469212 0.037914691943127965
0 0.08056872037914692 0.6338862559241706 0.08214849921011058 0.06398104265402843
0 0.5781990521327014 0.8258293838862559 0.05687203791469194 0.052132701421800945
0 0.5055292259083728 0.013033175355450236 0.053712480252764615 0.02132701421800948
