0 0.7962085308056872 0.9940758293838863 0.044233807266982623 0.037914691943127965
0 0.4344391785150079 0.08886255924170616 0.044233807266982623 0.035545023696682464
0 0.7393364928909952 0.16350710900473933 0.04739336492890995 0.02843601895734597
0 0.7424960505529226 0.9549763033175356 0.06635071090047394 0.07819905213270142
0 0.3933649289099526 0.3447867298578199 0.053712480252764615 0.04739336492890995
0 0.4344391785150079 0.3862559241706161 0.053712480252764615 0.037914691943127965
0 0.8183254344391785 0.12203791469194313 0.04107424960505529 0.037914691943127965
0 0.8072669826224329 0.33649289099526064 0.047393364928909776 0.026066350710900472
0 0.44075829383886256 0.909952606635071 0.05687203791469194 0.054502369668246446
0 0.13270142180094788 0.1457345971563981 0.04739336492890995 0.035545023696682464
0 0.608214849921011 0.041469194312796206 0.06003159557661927 0.052132701421800945
0 0.7345971563981043 0.0509478672985782 0.044233807266982623 0.04265402843601896
0 0.40126382306477093 0.7156398104265402 0.04107424960505529 0.04028436018957346
0 0.8183254344391785 0.07819905213270142 0.037914691943127965 0.035545023696682464
0 0.5071090047393365 0.14928909952606634 0.03475513428120063 0.026066350710900507
0 0.5497630331753555 0.13981042654028436 0.05055292259083728 0.03317535545023697
0 0.7282780410742496 0.49644549763033174 0.06003159557661927 0.04028436018957346
0 0.13428120063191154 0.75 0.08846761453396525 0.07819905213270142
0 0.5039494470774092 0.35071090047393366 0.053712480252764615 0.04265402843601896
0 0.8025276461295419 0.4549763033175355 0.05055292259083728 0.04265402843601896
0 0.8688783570300158 0.5118483412322274 0.053712480252764615 0.04502369668246459
0 0.8388625592417062 0.22393364928909953 0.05055292259083728 0.04265402843601896
0 0.037914691943127965 0.7428909952606635 0.07582938388625593 0.06872037914691943
0 0.48973143759873616 0.9395734597156398 0.07266982622432859 0.061611374407582936
0 0.4913112164296998 0.8436018957345972 0.05687203791469194 0.05687203791469194
0 0.7266982622432859 0.8329383886255924 0.07266982622432859 0.08293838862559241
0 0.8104265402843602 0.4087677725118483 0.06635071090047394 0.035545023696682464
0 0.6192733017377567 0.3341232227488152 0.06951026856240126 0.04739336492890995
0 0.9273301737756714 0.18838862559241706 0.053712480252764615 0.037914691943127965
