0 0.4017777777777778 0.2796208530805687 0.048 0.07109004739336493
0 0.2906666666666667 0.07701421800947868 0.03911111111111111 0.045023696682464455
0 0.3342222222222222 0.14454976303317535 0.042666666666666665 0.04976303317535545
0 0.9271111111111111 0.4549763033175355 0.032 0.035545023696682464
0 0.6302222222222222 0.5995260663507109 0.060444444444444446 0.07109004739336493
0 0.030222222222222223 0.8898104265402843 0.030222222222222223 0.04028436018957346
0 0.45866666666666667 0.9774881516587678 0.030222222222222223 0.035545023696682464
0 0.8702222222222222 0.47985781990521326 0.035555555555555556 0.04976303317535545
0 0.4817777777777778 0.4774881516587678 0.035555555555555556 0.045023696682464455
0 0.6702222222222223 0.5817535545023697 0.03733333333333313 0.037914691943127965
0 0.15733333333333333 0.12440758293838862 0.028444444444444446 0.045023696682464455
0 0.7297777777777777 0.5533175355450237 0.04088888888888889 0.037914691943127965
0 0.9475555555555556 0.3957345971563981 0.033777777777777775 0.04028436018957346
0 0.856 0.5947867298578199 0.04622222222222222 0.052132701421800945
0 0.5066666666666667 0.31161137440758296 0.042666666666666665 0.05687203791469194
0 0.5244444444444445 0.9715639810426541 0.032 0.02843601895734597
0 0.5911111111111111 0.6552132701421801 0.07288888888888889 0.09004739336492891
