0 0.8533333333333334 0.6078199052132701 0.026666666666666464 0.037914691943127965
0 0.9333333333333333 0.30450236966824645 0.024888888888888887 0.04028436018957346
0 0.3457777777777778 0.4549763033175355 0.032 0.04739336492890995
0 0.9644444444444444 0.3400473933649289 0.02311111111111111 0.03317535545023697
0 0.9573333333333334 0.495260663507109 0.024888888888888887 0.02843601895734597
0 0.3662222222222222 0.4194312796208531 0.02666666666666667 0.035545023696682464
0 0.35288888888888886 0.5071090047393365 0.03377777777777788 0.04739336492890995
0 0.6737777777777778 0.466824644549763 0.044444444444444446 0.061611374407582936
0 0.7102222222222222 0.24170616113744076 0.028444444444444446 0.02843601895734597
0 0.28888888888888886 0.5035545023696683 0.039111111111111214 0.04739336492890995
0 0.13777777777777778 0.4028436018957346 0.02666666666666667 0.037914691943127965
0 0.07733333333333334 0.6030805687203792 0.035555555555555556 0.04028436018957333
0 0.7893333333333333 0.5035545023696683 0.030222222222222223 0.04976303317535545
0 0.20977777777777779 0.39928909952606634 0.032 0.037914691943127965
0 0.3128888888888889 0.5699052132701422 0.021333333333333333 0.026066350710900472
0 0.11377777777777778 0.3708530805687204 0.02311111111111111 0.030805687203791468
0 0.3502222222222222 0.5533175355450237 0.024888888888888887 0.03317535545023697
0 0.912 0.5592417061611374 0.030222222222222223 0.045023696682464455
0 0.9155555555555556 0.7227488151658767 0.028444444444444446 0.04739336492890995
0 0.296 0.5355450236966824 0.033777777777777775 0.04028436018957346
0 0.2648888888888889 0.4597156398104265 0.032 0.04028436018957346
0 0.9582222222222222 0.5319905213270142 0.030222222222222223 0.035545023696682464
0 0.12355555555555556 0.5746445497630331 0.032 0.0355450236966826
0 0.24 0.5035545023696683 0.037333333333333336 0.04028436018957346
