0 0.5688888888888889 0.6315165876777251 0.033777777777777775 0.04028436018957346
0 0.8746666666666667 0.8850710900473934 0.033777777777777775 0.04265402843601896
0 0.5404444444444444 0.37796208530805686 0.03911111111111111 0.037914691943127965
0 0.976 0.6279620853080569 0.044444444444444446 0.05687203791469194
0 0.030222222222222223 0.6220379146919431 0.04622222222222222 0.054502369668246446
0 0.15644444444444444 0.8909952606635071 0.032 0.04265402843601896
0 0.3502222222222222 0.8862559241706162 0.024888888888888887 0.02843601895734597
0 0.592 0.8045023696682464 0.032 0.03317535545023697
0 0.07555555555555556 0.6042654028436019 0.049777777777777775 0.04739336492890995
0 0.24177777777777779 0.3080568720379147 0.042666666666666665 0.04976303317535545
0 0.41155555555555556 0.7180094786729858 0.033777777777777775 0.04739336492890995
0 0.4826666666666667 0.9300947867298578 0.024888888888888887 0.03317535545023697
0 0.49866666666666665 0.3590047393364929 0.042666666666666665 0.052132701421800945
0 0.7244444444444444 0.8838862559241706 0.035555555555555556 0.037914691943127965
0 0.9715555555555555 0.8696682464454977 0.033777777777777775 0.04265402843601896
0 0.1351111111111111 0.6812796208530806 0.035555555555555556 0.04739336492890995
0 0.496 0.9893364928909952 0.028444444444444446 0.030805687203791468
0 0.42044444444444445 0.6196682464454977 0.04622222222222222 0.052132701421800945
0 0.30933333333333335 0.9680094786729858 0.035555555555555556 0.04976303317535545
0 0.6195555555555555 0.36492890995260663 0.060444444444444446 0.05687203791469194
0 0.4177777777777778 0.8530805687203792 0.03377777777777768 0.045023696682464455
0 0.6613333333333333 0.6232227488151659 0.033777777777777775 0.037914691943127965
0 0.19377777777777777 0.6563981042654028 0.042666666666666665 0.045023696682464455
0 0.2906666666666667 0.9028436018957346 0.02311111111111111 0.030805687203791468
0 0.8035555555555556 0.5 0.06222222222222222 0.06398104265402843
0 0.26311111111111113 0.6066350710900474 0.04622222222222222 0.052132701421800945
0 0.43733333333333335 0.37203791469194314 0.04088888888888889 0.03317535545023697
0 0.9804444444444445 0.7440758293838863 0.03911111111111111 0.054502369668246446
0 0.8168888888888889 0.6137440758293838 0.04622222222222222 0.052132701421800945
0 0.5671111111111111 0.46800947867298576 0.044444444444444446 0.05924170616113744
0 0.5253333333333333 0.9549763033175356 0.030222222222222223 0.030805687203791468
0 0.9075555555555556 0.5059241706161137 0.049777777777777775 0.052132701421800945
0 0.7137777777777777 0.36611374407582936 0.051555555555555556 0.054502369668246446
0 0.6231111111111111 0.7867298578199052 0.028444444444444647 0.04028436018957346
0 0.14844444444444443 0.471563981042654 0.05511111111111111 0.05924170616113744
0 0.4311111111111111 0.693127962085308 0.037333333333333336 0.052132701421800945
0 0.144 0.8033175355450237 0.035555555555555556 0.037914691943127965
0 0.27111111111111114 0.9917061611374408 0.032 0.037914691943127965
0 0.4062222222222222 0.5402843601895735 0.042666666666666665 0.04976303317535545
0 0.27555555555555555 0.9372037914691943 0.030222222222222223 0.035545023696682464
0 0.6622222222222223 0.966824644549763 0.04088888888888889 0.04265402843601896
