0 0.8906666666666667 0.8459715639810427 0.049777777777777574 0.06398104265402843
0 0.744 0.49170616113744076 0.035555555555555556 0.052132701421800945
0 0.6986666666666667 0.6646919431279621 0.042666666666666665 0.06872037914691943
0 0.8 0.015402843601895734 0.048 0.061611374407582936
0 0.7475555555555555 0.943127962085308 0.044444444444444446 0.05924170616113744
0 0.42044444444444445 0.5213270142180095 0.037333333333333336 0.0734597156398103
0 0.8195555555555556 0.7784360189573459 0.051555555555555556 0.07109004739336493
0 0.7688888888888888 0.12914691943127962 0.049777777777777775 0.07109004739336493
0 0.12444444444444444 0.9360189573459715 0.05333333333333334 0.06872037914691943
0 0.7653333333333333 0.8210900473933649 0.048 0.05924170616113744
0 0.37333333333333335 0.06279620853080568 0.058666666666666666 0.07345971563981042
0 0.8337777777777777 0.9490521327014217 0.042666666666666665 0.054502369668246446
0 0.24266666666666667 0.8447867298578199 0.06222222222222222 0.08767772511848342
0 0.4613333333333333 0.33886255924170616 0.048 0.06398104265402843
0 0.2728888888888889 0.9395734597156398 0.024888888888888887 0.045023696682464455
0 0.18488888888888888 0.9502369668246445 0.05333333333333334 0.06398104265402843
0 0.7902222222222223 0.07109004739336493 0.051555555555555556 0.06872037914691943
0 0.7706666666666667 0.4597156398104265 0.05333333333333313 0.06872037914691943
0 0.2897777777777778 0.20853080568720378 0.051555555555555556 0.05924170616113744
0 0.8986666666666666 0.4040284360189573 0.0640000000000002 0.061611374407582936
0 0.43555555555555553 0.9917061611374408 0.030222222222222324 0.030805687203791468
0 0.6373333333333333 0.38744075829383884 0.06933333333333333 0.07819905213270142
0 0.2951111111111111 0.13507109004739337 0.05333333333333334 0.08767772511848342
