0 0.9271111111111111 0.7654028436018957 0.017777777777777778 0.030805687203791468
0 0.5688888888888889 0.3424170616113744 0.044444444444444446 0.061611374407582936
0 0.9235555555555556 0.030805687203791468 0.07111111111111111 0.07582938388625593
0 0.3626666666666667 0.46919431279620855 0.05866666666666657 0.07819905213270142
0 0.7617777777777778 0.03909952606635071 0.04088888888888889 0.08056872037914692
0 0.14755555555555555 0.6587677725118484 0.044444444444444446 0.05687203791469194
0 0.8977777777777778 0.6883886255924171 0.028444444444444446 0.037914691943127965
0 0.18133333333333335 0.3981042654028436 0.06755555555555551 0.08530805687203792
0 0.9946666666666667 0.42298578199052134 0.024888888888888887 0.045023696682464455
0 0.7484444444444445 0.7191943127962085 0.035555555555555556 0.04976303317535545
0 0.7191111111111111 0.773696682464455 0.04088888888888889 0.04739336492890995
