0 0.16977777777777778 0.13033175355450238 0.11377777777777778 0.1682464454976303
1 0.3857777777777778 0.9004739336492891 0.11377777777777778 0.12796208530805686
0 0.6 0.0971563981042654 0.02666666666666667 0.052132701421800945
0 0.7884444444444444 0.6220379146919431 0.0320000000000002 0.04265402843601896
0 0.016888888888888887 0.4834123222748815 0.06933333333333333 0.08767772511848342
1 0.6044444444444445 0.6007109004739336 0.08 0.08293838862559255
0 0.6151111111111112 0.17180094786729858 0.02311111111111091 0.04265402843601896
0 0.08444444444444445 0.1481042654028436 0.049777777777777775 0.11611374407582939
0 0.8462222222222222 0.8199052132701422 0.028444444444444446 0.04265402843601896
0 0.9235555555555556 0.7772511848341233 0.033777777777777775 0.035545023696682464
