0 0.25244444444444447 0.20616113744075829 0.03555555555555545 0.02843601895734597
0 0.8684444444444445 0.6362559241706162 0.048 0.035545023696682464
0 0.15466666666666667 0.18838862559241706 0.042666666666666665 0.04739336492890995
0 0.8017777777777778 0.6078199052132701 0.051555555555555556 0.026066350710900472
0 0.7022222222222222 0.6208530805687204 0.028444444444444446 0.03317535545023697
0 0.6728888888888889 0.4656398104265403 0.06577777777777778 0.1066350710900474
0 0.8275555555555556 0.5710900473933649 0.06755555555555555 0.07582938388625605
0 0.2648888888888889 0.05687203791469194 0.019555555555555555 0.02843601895734597
0 0.2906666666666667 0.016587677725118485 0.042666666666666665 0.04976303317535545
0 0.5182222222222223 0.7665876777251185 0.03911111111111111 0.08530805687203792
0 0.5564444444444444 0.7239336492890995 0.06222222222222222 0.06635071090047394
0 0.6551111111111111 0.6398104265402843 0.042666666666666665 0.05687203791469194
