0 0.9777777777777777 0.6860189573459715 0.049777777777777775 0.09004739336492891
0 0.432 0.8364928909952607 0.042666666666666665 0.06872037914691943
0 0.42577777777777776 0.24289099526066352 0.060444444444444446 0.08293838862559241
0 0.5884444444444444 0.5876777251184834 0.060444444444444446 0.08767772511848354
0 0.5217777777777778 0.2914691943127962 0.044444444444444446 0.07582938388625593
0 0.059555555555555556 0.7227488151658767 0.049777777777777775 0.054502369668246446
0 0.39466666666666667 0.7843601895734598 0.060444444444444446 0.0947867298578199
0 0.712 0.15995260663507108 0.06222222222222222 0.0924170616113744
0 0.96 0.7843601895734598 0.04088888888888889 0.037914691943127965
0 0.38755555555555554 0.18364928909952608 0.058666666666666666 0.0971563981042654
0 0.76 0.7962085308056872 0.06933333333333333 0.08530805687203792
0 0.6488888888888888 0.7120853080568721 0.051555555555555556 0.08056872037914692
0 0.4631111111111111 0.9146919431279621 0.030222222222222223 0.05687203791469194
0 0.4186666666666667 0.39691943127962087 0.044444444444444446 0.06872037914691943
0 0.24622222222222223 0.48104265402843605 0.05333333333333334 0.07582938388625593
0 0.6915555555555556 0.768957345971564 0.06755555555555555 0.08530805687203792
0 0.6791111111111111 0.035545023696682464 0.06577777777777778 0.11611374407582939
0 0.6542222222222223 0.8862559241706162 0.048 0.07819905213270142
0 0.11911111111111111 0.8080568720379147 0.04088888888888889 0.037914691943127965
0 0.16355555555555557 0.3518957345971564 0.05511111111111111 0.06872037914691943
0 0.37866666666666665 0.31635071090047395 0.06755555555555555 0.08767772511848342
0 0.44355555555555554 0.5841232227488151 0.037333333333333336 0.06872037914691957
0 0.030222222222222223 0.7843601895734598 0.051555555555555556 0.06635071090047394
0 0.6444444444444445 0.27488151658767773 0.06755555555555555 0.08056872037914692
0 0.07822222222222222 0.6184834123222749 0.060444444444444446 0.06635071090047394
0 0.3031111111111111 0.6481042654028436 0.035555555555555556 0.052132701421800945
0 0.5084444444444445 0.18364928909952608 0.048 0.07819905213270142
0 0.6337777777777778 0.45260663507109006 0.064 0.08530805687203792
0 0.030222222222222223 0.9028436018957346 0.030222222222222223 0.035545023696682464
0 0.7973333333333333 0.476303317535545 0.08 0.10426540284360189
0 0.3537777777777778 0.4431279620853081 0.051555555555555556 0.08056872037914692
