0 0.5413333333333333 0.6765402843601895 0.09244444444444444 0.12559241706161137
1 0.5173333333333333 0.8116113744075829 0.096 0.11374407582938388
0 0.6693333333333333 0.731042654028436 0.07466666666666667 0.07345971563981042
0 0.6755555555555556 0.6398104265402843 0.03911111111111111 0.04976303317535545
0 0.5546666666666666 0.495260663507109 0.04622222222222222 0.03317535545023697
1 0.7546666666666667 0.9111374407582938 0.192 0.2559241706161137
0 0.7528888888888889 0.7476303317535545 0.05511111111111091 0.05687203791469194
0 0.47555555555555556 0.5213270142180095 0.035555555555555556 0.04502369668246432
0 0.88 0.8957345971563981 0.11377777777777778 0.13270142180094788
1 0.41333333333333333 0.9052132701421801 0.07111111111111111 0.06398104265402843
