0 0.5377777777777778 0.22511848341232227 0.030222222222222223 0.04265402843601896
0 0.45955555555555555 0.5343601895734598 0.06222222222222222 0.09478672985781977
0 0.5111111111111111 0.17417061611374407 0.032 0.04265402843601896
0 0.43377777777777776 0.8981042654028436 0.06933333333333333 0.0995260663507109
0 0.12355555555555556 0.5154028436018957 0.05688888888888889 0.059241706161137574
0 0.5946666666666667 0.9928909952606635 0.037333333333333336 0.035545023696682464
0 0.6248888888888889 0.8139810426540285 0.042666666666666665 0.08767772511848342
0 0.5546666666666666 0.3744075829383886 0.048 0.05924170616113744
0 0.3333333333333333 0.3353080568720379 0.051555555555555556 0.04976303317535545
0 0.5795555555555556 0.2890995260663507 0.048 0.08530805687203792
0 0.36444444444444446 0.3127962085308057 0.042666666666666665 0.04976303317535545
0 0.2986666666666667 0.12914691943127962 0.042666666666666665 0.06398104265402843
0 0.16 0.981042654028436 0.058666666666666666 0.045023696682464455
0 0.48355555555555557 0.054502369668246446 0.044444444444444446 0.07109004739336493
0 0.08088888888888889 0.3578199052132701 0.05333333333333334 0.06398104265402843
0 0.2613333333333333 0.19194312796208532 0.04977777777777788 0.06872037914691943
0 0.16622222222222222 0.7002369668246445 0.049777777777777775 0.08767772511848342
0 0.4151111111111111 0.20023696682464456 0.049777777777777775 0.05924170616113744
0 0.47644444444444445 0.33175355450236965 0.03911111111111111 0.052132701421800945
0 0.08977777777777778 0.1646919431279621 0.058666666666666666 0.07345971563981042
0 0.216 0.9383886255924171 0.04622222222222222 0.054502369668246446
0 0.04888888888888889 0.10781990521327015 0.06222222222222222 0.054502369668246446
0 0.9902222222222222 0.5165876777251185 0.037333333333333336 0.08530805687203792
0 0.09333333333333334 0.254739336492891 0.048 0.05687203791469194
