0 0.34044444444444444 0.5627962085308057 0.051555555555555556 0.06872037914691943
0 0.6684444444444444 0.4537914691943128 0.05688888888888889 0.052132701421800945
0 0.22933333333333333 0.23459715639810427 0.07288888888888889 0.09004739336492891
0 0.06844444444444445 0.20616113744075829 0.13866666666666666 0.13981042654028436
0 0.16 0.41113744075829384 0.08711111111111111 0.11374407582938388
0 0.9911111111111112 0.38744075829383884 0.049777777777777775 0.07109004739336493
0 0.05511111111111111 0.9135071090047393 0.09955555555555555 0.0971563981042654
0 0.8808888888888889 0.7097156398104265 0.0711111111111109 0.06398104265402843
0 0.808 0.11966824644549763 0.07466666666666646 0.07819905213270142
0 0.14755555555555555 0.6279620853080569 0.06577777777777778 0.0924170616113744
0 0.7164444444444444 0.273696682464455 0.06933333333333333 0.09004739336492884
