0 0.7697777777777778 0.3400473933649289 0.05511111111111111 0.045023696682464455
0 0.824 0.26895734597156395 0.05333333333333334 0.05687203791469201
0 0.9724444444444444 0.0462085308056872 0.058666666666666666 0.07345971563981042
0 0.8088888888888889 0.19194312796208532 0.058666666666666666 0.07345971563981042
0 0.11288888888888889 0.48459715639810425 0.05688888888888889 0.05687203791469194
0 0.20444444444444446 0.03672985781990521 0.05333333333333334 0.07109004739336494
0 0.48977777777777776 0.27014218009478674 0.03911111111111111 0.06398104265402843
0 0.3662222222222222 0.04028436018957346 0.033777777777777775 0.04028436018957346
0 0.39555555555555555 0.0533175355450237 0.037333333333333336 0.04028436018957346
0 0.8648888888888889 0.9928909952606635 0.060444444444444446 0.035545023696682464
0 0.4088888888888889 0.31516587677725116 0.05511111111111111 0.061611374407582936
0 0.45422222222222225 0.29739336492890994 0.04977777777777768 0.06872037914691943
0 0.8151111111111111 0.7997630331753555 0.05333333333333334 0.05924170616113744
0 0.43733333333333335 0.46445497630331756 0.06222222222222222 0.061611374407582936
0 0.8524444444444444 0.8661137440758294 0.07111111111111111 0.09004739336492891
0 0.6195555555555555 0.045023696682464455 0.049777777777777775 0.06872037914691943
0 0.34044444444444444 0.6078199052132701 0.06933333333333333 0.08530805687203792
0 0.06577777777777778 0.17654028436018956 0.060444444444444446 0.05924170616113744
