0 0.336 0.6860189573459715 0.044444444444444446 0.052132701421800945
0 0.8097777777777778 0.2132701421800948 0.028444444444444446 0.035545023696682464
0 0.6595555555555556 0.030805687203791468 0.024888888888888887 0.02843601895734597
0 0.37244444444444447 0.6172985781990521 0.06222222222222222 0.08767772511848342
0 0.7537777777777778 0.23222748815165878 0.019555555555555555 0.035545023696682464
0 0.5831111111111111 0.1943127962085308 0.02311111111111111 0.035545023696682464
0 0.5582222222222222 0.42890995260663506 0.04622222222222222 0.054502369668246446
0 0.4728888888888889 0.7784360189573459 0.064 0.07345971563981042
0 0.37777777777777777 0.8909952606635071 0.10844444444444444 0.14928909952606634
0 0.6657777777777778 0.254739336492891 0.028444444444444446 0.037914691943127965
0 0.5768888888888889 0.08412322274881516 0.024888888888888887 0.030805687203791468
0 0.696 0.20734597156398105 0.024888888888888887 0.03317535545023697
0 0.5031111111111111 0.8625592417061612 0.08177777777777778 0.10426540284360189
0 0.5128888888888888 0.6409952606635071 0.044444444444444446 0.06398104265402843
0 0.8417777777777777 0.034360189573459717 0.02666666666666667 0.037914691943127965
0 0.43555555555555553 0.7191943127962085 0.053333333333333434 0.07582938388625593
0 0.5093333333333333 0.4218009478672986 0.04622222222222222 0.04739336492890995
0 0.28888888888888886 0.9146919431279621 0.039111111111111214 0.04976303317535545
0 0.8711111111111111 0.10781990521327015 0.0320000000000002 0.037914691943127965
0 0.6533333333333333 0.5675355450236966 0.05333333333333334 0.061611374407583075
