0 0.2 0.26303317535545023 0.044444444444444446 0.05924170616113744
0 0.9128888888888889 0.9111374407582938 0.030222222222222223 0.030805687203791468
0 0.37866666666666665 0.9644549763033176 0.037333333333333336 0.05687203791469194
0 0.56 0.9111374407582938 0.03377777777777757 0.04028436018957346
0 0.936 0.8874407582938388 0.024888888888888887 0.030805687203791468
0 0.02666666666666667 0.15995260663507108 0.044444444444444446 0.05687203791469194
0 0.7253333333333334 0.9466824644549763 0.026666666666666464 0.035545023696682464
0 0.17244444444444446 0.3921800947867299 0.032 0.03317535545023697
0 0.9502222222222222 0.8447867298578199 0.035555555555555556 0.04028436018957346
0 0.9884444444444445 0.8376777251184834 0.030222222222222223 0.04739336492890995
