0 0.42933333333333334 0.09597156398104266 0.033777777777777775 0.035545023696682464
0 0.35555555555555557 0.041469194312796206 0.02666666666666667 0.03317535545023697
0 0.5893333333333334 0.466824644549763 0.048 0.06398104265402843
0 0.43733333333333335 0.9040284360189573 0.05511111111111111 0.08293838862559241
0 0.8533333333333334 0.2109004739336493 0.05333333333333313 0.07345971563981042
0 0.28 0.2109004739336493 0.0319999999999999 0.037914691943127965
0 0.3662222222222222 0.015402843601895734 0.021333333333333333 0.03317535545023697
0 0.08711111111111111 0.4087677725118483 0.021333333333333333 0.04028436018957346
0 0.6755555555555556 0.6291469194312796 0.05333333333333334 0.06635071090047394
0 0.10933333333333334 0.4490521327014218 0.024888888888888887 0.030805687203791468
0 0.041777777777777775 0.3222748815165877 0.017777777777777778 0.026066350710900472
0 0.21777777777777776 0.3613744075829384 0.028444444444444494 0.04265402843601896
0 0.20444444444444446 0.12085308056872038 0.019555555555555555 0.02843601895734597
0 0.104 0.3732227488151659 0.02666666666666667 0.037914691943127965
0 0.6186666666666667 0.4466824644549763 0.044444444444444446 0.06398104265402843
0 0.23377777777777778 0.39454976303317535 0.030222222222222223 0.037914691943127965
0 0.3164444444444444 0.14691943127962084 0.0320000000000001 0.026066350710900507
0 0.9857777777777778 0.39928909952606634 0.044444444444444446 0.05924170616113744
0 0.2408888888888889 0.24289099526066352 0.021333333333333333 0.030805687203791468
0 0.12533333333333332 0.3222748815165877 0.024888888888888887 0.035545023696682464
0 0.5715555555555556 0.5402843601895735 0.048 0.06398104265402843
0 0.23377777777777778 0.1895734597156398 0.028444444444444446 0.03317535545023697
0 0.7288888888888889 0.4609004739336493 0.048 0.05924170616113744
