0 0.5786666666666667 0.6374407582938388 0.05688888888888889 0.05924170616113744
0 0.6097777777777778 0.022511848341232227 0.028444444444444446 0.02843601895734597
0 0.48 0.4324644549763033 0.044444444444444446 0.04739336492890995
0 0.8924444444444445 0.10308056872037914 0.024888888888888887 0.02843601895734597
0 0.9004444444444445 0.5497630331753555 0.02311111111111111 0.04028436018957346
0 0.968 0.2571090047393365 0.02666666666666667 0.030805687203791402
0 0.49066666666666664 0.16824644549763032 0.016 0.030805687203791468
0 0.7297777777777777 0.3921800947867299 0.019555555555555555 0.035545023696682464
0 0.8524444444444444 0.0924170616113744 0.024888888888888887 0.026066350710900472
0 0.8826666666666667 0.2962085308056872 0.032 0.035545023696682464
0 0.9075555555555556 0.28672985781990523 0.032 0.026066350710900407
0 0.5306666666666666 0.8933649289099526 0.07288888888888889 0.0971563981042654
0 0.5066666666666667 0.1338862559241706 0.024888888888888887 0.037914691943127965
0 0.8968888888888888 0.1457345971563981 0.021333333333333333 0.02843601895734597
0 0.6551111111111111 0.27014218009478674 0.02311111111111111 0.03317535545023697
0 0.39555555555555555 0.14691943127962084 0.051555555555555556 0.0734597156398104
0 0.8355555555555556 0.25118483412322273 0.02844444444444424 0.035545023696682464
0 0.6373333333333333 0.07938388625592417 0.02666666666666667 0.03317535545023697
0 0.8106666666666666 0.13270142180094788 0.02311111111111111 0.03554502369668243
0 0.4 0.8329383886255924 0.06577777777777778 0.08767772511848342
0 0.6026666666666667 0.15402843601895735 0.02666666666666667 0.030805687203791468
0 0.5457777777777778 0.015402843601895734 0.028444444444444446 0.030805687203791468
0 0.7991111111111111 0.38744075829383884 0.035555555555555556 0.04028436018957346
0 0.41955555555555557 0.45023696682464454 0.04088888888888889 0.052132701421800945
0 0.9111111111111111 0.17890995260663506 0.021333333333333333 0.02843601895734597
0 0.24177777777777779 0.8969194312796208 0.033777777777777775 0.045023696682464455
0 0.592 0.43009478672985785 0.03911111111111111 0.04265402843601896
0 0.6311111111111111 0.5225118483412322 0.02666666666666667 0.04739336492890995
0 0.7004444444444444 0.26066350710900477 0.021333333333333333 0.035545023696682394
0 0.8071111111111111 0.05924170616113744 0.017777777777777778 0.023696682464454975
0 0.42844444444444446 0.27488151658767773 0.044444444444444446 0.052132701421800945
0 0.7742222222222223 0.20853080568720378 0.030222222222222223 0.03317535545023697
0 0.5146666666666667 0.3921800947867299 0.06933333333333333 0.06872037914691943
0 0.3848888888888889 0.5 0.05511111111111111 0.07582938388625593
0 0.45511111111111113 0.24644549763033174 0.028444444444444446 0.04028436018957346
0 0.6702222222222223 0.13981042654028436 0.026666666666666464 0.03317535545023697
0 0.9431111111111111 0.45023696682464454 0.030222222222222223 0.037914691943127965
0 0.3342222222222222 0.792654028436019 0.05333333333333334 0.08056872037914692
0 0.9813333333333333 0.17772511848341233 0.02311111111111111 0.02843601895734597
0 0.09688888888888889 0.8590047393364929 0.035555555555555556 0.04739336492890995
