0 0.3884444444444444 0.5936018957345972 0.033777777777777775 0.05213270142180081
0 0.30666666666666664 0.542654028436019 0.02666666666666667 0.04028436018957346
0 0.39911111111111114 0.26421800947867297 0.026666666666666564 0.03791469194312803
0 0.17422222222222222 0.48104265402843605 0.030222222222222223 0.035545023696682464
0 0.38755555555555554 0.22748815165876776 0.02311111111111111 0.03317535545023697
0 0.4 0.7630331753554502 0.051555555555555556 0.06635071090047394
0 0.5715555555555556 0.08530805687203792 0.02311111111111111 0.030805687203791468
0 0.5235555555555556 0.6386255924170616 0.05511111111111111 0.07819905213270142
0 0.2328888888888889 0.7701421800947867 0.05333333333333334 0.06635071090047394
0 0.43733333333333335 0.7997630331753555 0.048 0.06635071090047394
0 0.47733333333333333 0.054502369668246446 0.024888888888888887 0.030805687203791468
0 0.56 0.0071090047393364926 0.02311111111111091 0.023696682464454975
0 0.6275555555555555 0.6409952606635071 0.04622222222222222 0.06398104265402843
0 0.34844444444444445 0.013033175355450236 0.030222222222222223 0.035545023696682464
0 0.23377777777777778 0.5343601895734598 0.030222222222222223 0.030805687203791333
0 0.20355555555555555 0.693127962085308 0.04088888888888889 0.04976303317535545
0 0.30666666666666664 0.3127962085308057 0.021333333333333333 0.04028436018957346
0 0.8888888888888888 0.683649289099526 0.06222222222222222 0.07109004739336493
0 0.28888888888888886 0.022511848341232227 0.0320000000000001 0.037914691943127965
0 0.31466666666666665 0.7938388625592417 0.05511111111111111 0.08767772511848342
0 0.9288888888888889 0.0462085308056872 0.024888888888888887 0.04028436018957346
0 0.32266666666666666 0.1018957345971564 0.028444444444444446 0.037914691943127965
0 0.2222222222222222 0.25 0.032 0.035545023696682464
