0 0.3253333333333333 0.5248815165876777 0.039111111111111214 0.059241706161137574
0 0.03822222222222222 0.235781990521327 0.05333333333333334 0.07345971563981042
0 0.24711111111111111 0.9917061611374408 0.030222222222222223 0.035545023696682464
0 0.010666666666666666 0.38388625592417064 0.017777777777777778 0.052132701421800945
0 0.25333333333333335 0.06753554502369669 0.04622222222222222 0.08056872037914692
0 0.14755555555555555 0.6078199052132701 0.05511111111111111 0.07582938388625593
0 0.5902222222222222 0.052132701421800945 0.037333333333333336 0.052132701421800945
0 0.7315555555555555 0.7097156398104265 0.06755555555555555 0.1018957345971564
0 0.8 0.5450236966824644 0.05511111111111111 0.08293838862559255
0 0.33244444444444443 0.01066350710900474 0.033777777777777775 0.030805687203791468
0 0.5288888888888889 0.6409952606635071 0.04622222222222222 0.06398104265402843
0 0.17777777777777778 0.009478672985781991 0.04088888888888889 0.03317535545023697
0 0.13955555555555554 0.8838862559241706 0.042666666666666665 0.04976303317535545
0 0.29155555555555557 0.7369668246445498 0.05688888888888889 0.07819905213270142
0 0.18933333333333333 0.9146919431279621 0.05333333333333334 0.08767772511848342
0 0.27111111111111114 0.25118483412322273 0.051555555555555556 0.08056872037914692
0 0.648 0.7630331753554502 0.06755555555555555 0.08293838862559241
0 0.368 0.026066350710900472 0.044444444444444446 0.04976303317535545
0 0.16977777777777778 0.26540284360189575 0.060444444444444446 0.08293838862559234
0 0.012444444444444444 0.02014218009478673 0.028444444444444446 0.04976303317535545
0 0.10222222222222223 0.21800947867298578 0.051555555555555556 0.054502369668246446
0 0.6115555555555555 0.09597156398104266 0.05511111111111111 0.08293838862559241
0 0.49066666666666664 0.4585308056872038 0.058666666666666666 0.07819905213270142
0 0.9208888888888889 0.6220379146919431 0.037333333333333336 0.06872037914691943
0 0.2826666666666667 0.8175355450236966 0.048 0.07345971563981042
0 0.8968888888888888 0.8412322274881516 0.07822222222222222 0.10900473933649289
0 0.17777777777777778 0.13270142180094788 0.042666666666666665 0.05450236966824641
0 0.5377777777777778 0.8436018957345972 0.05511111111111111 0.09004739336492891
0 0.06666666666666667 0.48578199052132703 0.048 0.052132701421800945
0 0.6808888888888889 0.9881516587677726 0.05511111111111111 0.06872037914691943
0 0.6017777777777777 0.9419431279620853 0.02666666666666667 0.06635071090047394
0 0.3511111111111111 0.2725118483412322 0.05333333333333334 0.07582938388625599
0 0.14933333333333335 0.2037914691943128 0.05511111111111111 0.061611374407582936
0 0.3582222222222222 0.5225118483412322 0.037333333333333336 0.04976303317535545
0 0.07733333333333334 0.8092417061611374 0.04622222222222222 0.07345971563981042
0 0.4702222222222222 0.11492890995260663 0.05688888888888889 0.07819905213270142
0 0.5991111111111111 0.25829383886255924 0.05688888888888889 0.07345971563981042
