0 0.616 0.28080568720379145 0.04622222222222222 0.06398104265402843
0 0.26311111111111113 0.8767772511848341 0.03911111111111111 0.061611374407582936
0 0.4568888888888889 0.8779620853080569 0.028444444444444446 0.02843601895734597
0 0.6044444444444445 0.8021327014218009 0.033777777777777775 0.054502369668246446
0 0.6453333333333333 0.7760663507109005 0.02666666666666667 0.037914691943127965
0 0.56 0.8708530805687204 0.03022222222222202 0.03317535545023697
0 0.4088888888888889 0.806872037914692 0.017777777777777778 0.04976303317535545
0 0.28 0.8258293838862559 0.03377777777777768 0.05687203791469194
0 0.184 0.509478672985782 0.02666666666666667 0.03317535545023697
0 0.464 0.7191943127962085 0.035555555555555556 0.04265402843601896
0 0.2408888888888889 0.14099526066350712 0.037333333333333336 0.0734597156398104
0 0.38222222222222224 0.768957345971564 0.03911111111111111 0.035545023696682464
0 0.1368888888888889 0.35545023696682465 0.06755555555555555 0.08056872037914692
0 0.11644444444444445 0.6741706161137441 0.044444444444444446 0.05687203791469194
0 0.18133333333333335 0.773696682464455 0.03733333333333328 0.06398104265402843
0 0.736 0.9727488151658767 0.05688888888888889 0.06872037914691943
0 0.1928888888888889 0.6042654028436019 0.030222222222222223 0.04739336492890995
0 0.2328888888888889 0.6208530805687204 0.02666666666666667 0.035545023696682464
