0 0.4791111111111111 0.6220379146919431 0.05333333333333334 0.08530805687203792
0 0.18133333333333335 0.9561611374407583 0.04266666666666662 0.06398104265402843
0 0.3128888888888889 0.3341232227488152 0.035555555555555556 0.052132701421800945
0 0.27466666666666667 0.6966824644549763 0.037333333333333336 0.07582938388625593
0 0.7111111111111111 0.3234597156398104 0.06577777777777778 0.09004739336492891
0 0.2782222222222222 0.7440758293838863 0.04088888888888889 0.04028436018957346
0 0.776 0.16943127962085308 0.058666666666666666 0.04976303317535545
0 0.8222222222222222 0.21800947867298578 0.033777777777777775 0.037914691943127965
0 0.8702222222222222 0.3767772511848341 0.035555555555555556 0.07345971563981042
0 0.5742222222222222 0.15995260663507108 0.04622222222222222 0.052132701421800945
0 0.8266666666666667 0.48459715639810425 0.035555555555555556 0.05924170616113744
0 0.5484444444444444 0.20734597156398105 0.05333333333333334 0.07819905213270142
0 0.2737777777777778 0.6350710900473934 0.048 0.052132701421800945
0 0.21777777777777776 0.7582938388625592 0.062222222222222276 0.05924170616113744
0 0.3502222222222222 0.8791469194312796 0.05333333333333334 0.061611374407582936
0 0.48977777777777776 0.1872037914691943 0.035555555555555556 0.06398104265402843
0 0.22844444444444445 0.9620853080568721 0.05333333333333334 0.061611374407582936
0 0.3893333333333333 0.830568720379147 0.05511111111111111 0.07819905213270142
0 0.4177777777777778 0.726303317535545 0.06933333333333323 0.07345971563981042
0 0.4186666666666667 0.5770142180094787 0.05333333333333334 0.05687203791469208
0 0.36444444444444446 0.6054502369668247 0.06577777777777778 0.07582938388625593
0 0.4728888888888889 0.26303317535545023 0.033777777777777775 0.061611374407582936
0 0.4693333333333333 0.32701421800947866 0.04088888888888889 0.08056872037914692
0 0.33955555555555555 0.36018957345971564 0.044444444444444446 0.05924170616113744
0 0.2897777777777778 0.46208530805687204 0.05333333333333334 0.07819905213270142
0 0.41155555555555556 0.4052132701421801 0.06755555555555555 0.09004739336492891
0 0.37155555555555553 0.7665876777251185 0.055111111111111215 0.06398104265402843
0 0.3751111111111111 0.3696682464454976 0.05688888888888889 0.05924170616113744
0 0.4622222222222222 0.5225118483412322 0.048 0.08056872037914692
0 0.6195555555555555 0.17180094786729858 0.05511111111111111 0.07819905213270142
0 0.3591111111111111 0.518957345971564 0.060444444444444446 0.08056872037914692
0 0.25422222222222224 0.523696682464455 0.04622222222222222 0.07109004739336493
