0 0.7306666666666667 0.4976303317535545 0.044444444444444446 0.04739336492890995
0 0.49244444444444446 0.28080568720379145 0.033777777777777775 0.06635071090047394
0 0.39022222222222225 0.11848341232227488 0.04088888888888879 0.04976303317535545
0 0.9697777777777777 0.3068720379146919 0.05333333333333334 0.06398104265402843
0 0.6293333333333333 0.25 0.033777777777777775 0.052132701421800945
0 0.5768888888888889 0.13744075829383887 0.032 0.04739336492890995
0 0.49244444444444446 0.6516587677725119 0.058666666666666666 0.09004739336492891
1 0.03288888888888889 0.3862559241706161 0.07644444444444444 0.1066350710900474
0 0.7146666666666667 0.2677725118483412 0.042666666666666665 0.054502369668246446
0 0.6817777777777778 0.4786729857819905 0.044444444444444446 0.06398104265402843
0 0.8808888888888889 0.02962085308056872 0.02133333333333313 0.02843601895734597
1 0.5128888888888888 0.9715639810426541 0.11377777777777778 0.12796208530805686
0 0.39911111111111114 0.7523696682464455 0.08177777777777767 0.14691943127962084
0 0.5173333333333333 0.17535545023696683 0.049777777777777775 0.08293838862559241
0 0.888 0.5533175355450237 0.06222222222222222 0.07109004739336493
0 0.7306666666666667 0.22511848341232227 0.044444444444444446 0.052132701421800945
0 0.6693333333333333 0.24407582938388625 0.030222222222222223 0.04265402843601896
0 0.5031111111111111 0.4372037914691943 0.05333333333333334 0.08530805687203792
0 0.624 0.18127962085308058 0.030222222222222223 0.035545023696682464
0 0.176 0.9277251184834123 0.08888888888888889 0.11611374407582939
0 0.6382222222222222 0.12677725118483413 0.02311111111111111 0.037914691943127965
0 0.6817777777777778 0.41232227488151657 0.04088888888888889 0.06635071090047394
0 0.5608888888888889 0.8933649289099526 0.060444444444444446 0.0947867298578199
1 0.3297777777777778 0.20853080568720378 0.05511111111111111 0.0924170616113744
0 0.6231111111111111 0.014218009478672985 0.028444444444444647 0.04028436018957346
0 0.7715555555555556 0.9928909952606635 0.06222222222222222 0.04028436018957346
0 0.8808888888888889 0.4206161137440758 0.04622222222222202 0.061611374407582936
0 0.48444444444444446 0.7985781990521327 0.030222222222222223 0.054502369668246446
1 0.23022222222222222 0.7251184834123223 0.032 0.06872037914691943
0 0.7937777777777778 0.1646919431279621 0.044444444444444446 0.06635071090047394
0 0.4728888888888889 0.514218009478673 0.03911111111111111 0.07109004739336479
0 0.6044444444444445 0.2950236966824645 0.030222222222222223 0.05924170616113737
0 0.37777777777777777 0.06516587677725119 0.048 0.07819905213270141
0 0.9022222222222223 0.02843601895734597 0.032 0.04739336492890995
0 0.5671111111111111 0.08886255924170616 0.028444444444444446 0.045023696682464455
0 0.8657777777777778 0.6954976303317536 0.064 0.08293838862559241
0 0.624 0.07464454976303317 0.021333333333333333 0.03317535545023698
