0 0.352 0.6042654028436019 0.05688888888888889 0.07819905213270142
0 0.3413333333333333 0.3542654028436019 0.03911111111111111 0.037914691943127965
0 0.5813333333333334 0.8791469194312796 0.06222222222222222 0.0947867298578199
0 0.8097777777777778 0.5248815165876777 0.08533333333333333 0.10900473933649303
0 0.088 0.3791469194312796 0.024888888888888887 0.04028436018957346
0 0.11733333333333333 0.31516587677725116 0.02666666666666667 0.035545023696682464
0 0.3244444444444444 0.3222748815165877 0.024888888888888887 0.03317535545023697
0 0.8097777777777778 0.41824644549763035 0.06755555555555555 0.09004739336492891
0 0.37155555555555553 0.1018957345971564 0.03377777777777788 0.04028436018957346
0 0.31022222222222223 0.20734597156398105 0.024888888888888887 0.04028436018957346
0 0.256 0.03672985781990521 0.02666666666666667 0.04265402843601897
0 0.34933333333333333 0.9087677725118484 0.058666666666666666 0.0995260663507109
0 0.10133333333333333 0.07227488151658767 0.02311111111111111 0.030805687203791468
0 0.048 0.3234597156398104 0.024888888888888887 0.03317535545023697
0 0.5422222222222223 0.037914691943127965 0.037333333333333336 0.04265402843601896
0 0.15644444444444444 0.6528436018957346 0.044444444444444446 0.05687203791469194
0 0.5466666666666666 0.005924170616113744 0.02666666666666667 0.018957345971563982
0 0.12533333333333332 0.6943127962085308 0.035555555555555556 0.052132701421800945
0 0.34755555555555556 0.39691943127962087 0.035555555555555556 0.05687203791469194
0 0.027555555555555555 0.4253554502369668 0.024888888888888887 0.03317535545023697
0 0.19733333333333333 0.8992890995260664 0.05688888888888889 0.0971563981042654
0 0.033777777777777775 0.23459715639810427 0.02666666666666667 0.037914691943127965
0 0.49955555555555553 0.02962085308056872 0.02666666666666667 0.037914691943127965
0 0.33511111111111114 0.2890995260663507 0.019555555555555455 0.035545023696682464
0 0.014222222222222223 0.49170616113744076 0.049777777777777775 0.06635071090047394
0 0.152 0.6018957345971564 0.04622222222222222 0.06398104265402843
0 0.13955555555555554 0.20971563981042654 0.02666666666666667 0.035545023696682464
0 0.6213333333333333 0.3033175355450237 0.06577777777777778 0.08293838862559241
0 0.5804444444444444 0.004739336492890996 0.030222222222222223 0.035545023696682464
0 0.0791111111111111 0.8495260663507109 0.03555555555555558 0.05924170616113744
0 0.7475555555555555 0.5402843601895735 0.06933333333333333 0.0924170616113744
0 0.3626666666666667 0.8364928909952607 0.04977777777777768 0.08530805687203792
0 0.025777777777777778 0.3921800947867299 0.02311111111111111 0.030805687203791468
0 0.312 0.26066350710900477 0.02666666666666667 0.035545023696682394
0 0.064 0.5829383886255924 0.033777777777777775 0.05687203791469194
0 0.2862222222222222 0.9881516587677726 0.05333333333333334 0.08056872037914692
1 0.02311111111111111 0.31990521327014215 0.02311111111111111 0.04028436018957346
0 0.352 0.5319905213270142 0.042666666666666665 0.06398104265402843
0 0.6977777777777778 0.4703791469194313 0.06577777777777757 0.08293838862559241
0 0.296 0.6374407582938388 0.05333333333333334 0.07345971563981042
0 0.34933333333333333 0.9917061611374408 0.042666666666666665 0.02843601895734597
0 0.3537777777777778 0.45734597156398105 0.035555555555555556 0.05687203791469194
