0 0.5804444444444444 0.18009478672985782 0.033777777777777775 0.04028436018957346
0 0.20533333333333334 0.6741706161137441 0.021333333333333333 0.023696682464454975
0 0.3457777777777778 0.9478672985781991 0.028444444444444446 0.04976303317535545
0 0.25422222222222224 0.7571090047393365 0.021333333333333333 0.03317535545023697
0 0.5502222222222222 0.5177725118483413 0.03555555555555576 0.04976303317535532
0 0.22133333333333333 0.495260663507109 0.024888888888888887 0.02843601895734597
1 0.9733333333333334 0.5497630331753555 0.13866666666666666 0.19194312796208532
0 0.5226666666666666 0.6741706161137441 0.042666666666666866 0.07109004739336493
0 0.32266666666666666 0.8293838862559242 0.033777777777777775 0.04739336492890995
0 0.33511111111111114 0.5450236966824644 0.021333333333333232 0.0331753554502371
0 0.5573333333333333 0.14454976303317535 0.030222222222222223 0.037914691943127965
0 0.9244444444444444 0.7085308056872038 0.1351111111111111 0.12559241706161137
0 0.20622222222222222 0.70260663507109 0.019555555555555555 0.023696682464454975
0 0.2817777777777778 0.9443127962085308 0.024888888888888887 0.04265402843601896
0 0.26844444444444443 0.7227488151658767 0.021333333333333333 0.035545023696682464
0 0.8933333333333333 0.4490521327014218 0.08177777777777778 0.0971563981042654
0 0.2951111111111111 0.5864928909952607 0.021333333333333333 0.030805687203791468
0 0.3377777777777778 0.48578199052132703 0.021333333333333333 0.037914691943127965
0 0.34933333333333333 0.7488151658767772 0.019555555555555555 0.037914691943127965
1 0.6097777777777778 0.02132701421800948 0.051555555555555556 0.04976303317535545
0 0.18488888888888888 0.6469194312796208 0.024888888888888887 0.030805687203791468
0 0.7822222222222223 0.8412322274881516 0.07466666666666667 0.11374407582938388
0 0.7306666666666667 0.6552132701421801 0.02311111111111111 0.04739336492890995
0 0.7804444444444445 0.3755924170616114 0.024888888888888686 0.04265402843601896
0 0.7271111111111112 0.06516587677725119 0.033777777777777775 0.04265402843601894
0 0.736 0.002369668246445498 0.02666666666666667 0.030805687203791468
0 0.27644444444444444 0.5225118483412322 0.019555555555555555 0.030805687203791468
0 0.7537777777777778 0.17298578199052134 0.048 0.04265402843601896
0 0.6168888888888889 0.05687203791469194 0.04088888888888889 0.04739336492890995
0 0.2071111111111111 0.6066350710900474 0.019555555555555555 0.02843601895734597
0 0.18222222222222223 0.6101895734597157 0.017777777777777778 0.030805687203791468
0 0.5342222222222223 0.06753554502369669 0.019555555555555555 0.02843601895734597
0 0.31733333333333336 0.4466824644549763 0.02311111111111111 0.026066350710900472
0 0.5484444444444444 0.8815165876777251 0.064 0.07819905213270142
0 0.52 0.7985781990521327 0.049777777777777775 0.07819905213270142
0 0.35733333333333334 0.5355450236966824 0.019555555555555555 0.03317535545023697
0 0.9048888888888889 0.5284360189573459 0.05333333333333334 0.07109004739336507
