0 0.29244444444444445 0.9277251184834123 0.024888888888888887 0.03317535545023697
0 0.3111111111111111 0.24644549763033174 0.042666666666666665 0.045023696682464455
0 0.3893333333333333 0.22748815165876776 0.033777777777777775 0.045023696682464455
0 0.37955555555555553 0.4087677725118483 0.049777777777777775 0.045023696682464455
0 0.8648888888888889 0.8779620853080569 0.08888888888888889 0.12796208530805686
0 0.664 0.5864928909952607 0.064 0.0924170616113744
0 0.08711111111111111 0.966824644549763 0.02666666666666667 0.035545023696682464
0 0.27466666666666667 0.9348341232227488 0.02311111111111111 0.030805687203791468
0 0.10666666666666667 0.9881516587677726 0.023111111111111086 0.026066350710900472
1 0.38755555555555554 0.05687203791469194 0.08355555555555555 0.12322274881516587
0 0.09155555555555556 0.7191943127962085 0.024888888888888887 0.030805687203791468
0 0.9146666666666666 0.3684834123222749 0.064 0.08056872037914692
0 0.8728888888888889 0.42417061611374407 0.048 0.05924170616113744
0 0.13866666666666666 0.933649289099526 0.02311111111111111 0.03317535545023697
0 0.2871111111111111 0.41350710900473936 0.048 0.04028436018957346
0 0.9733333333333334 0.6741706161137441 0.08177777777777778 0.11374407582938388
0 0.272 0.8116113744075829 0.024888888888888887 0.037914691943127965
0 0.1351111111111111 0.9774881516587678 0.02666666666666667 0.03317535545023697
0 0.8515555555555555 0.740521327014218 0.09066666666666667 0.0995260663507109
1 0.8 0.4040284360189573 0.09244444444444444 0.05924170616113744
0 0.8293333333333334 0.6255924170616114 0.037333333333333336 0.05924170616113744
0 0.6808888888888889 0.33886255924170616 0.048 0.05687203791469194
0 0.7582222222222222 0.4585308056872038 0.05511111111111111 0.06635071090047394
0 0.32 0.1362559241706161 0.051555555555555556 0.06398104265402847
0 0.6613333333333333 0.3933649289099526 0.06222222222222222 0.06398104265402843
