0 0.6834733893557423 0.5746268656716418 0.058823529411764705 0.08955223880597014
0 0.742296918767507 0.6604477611940298 0.06162464985994398 0.07835820895522388
0 0.8109243697478992 0.7686567164179104 0.058823529411764705 0.08208955223880597
0 0.819327731092437 0.3451492537313433 0.047619047619047616 0.05970149253731343
0 0.5938375350140056 0.34328358208955223 0.03081232492997199 0.05223880597014925
0 0.6442577030812325 0.47761194029850745 0.03081232492997183 0.055970149253731345
0 0.7871148459383753 0.291044776119403 0.04481792717086835 0.055970149253731345
0 0.9935295663376886 0.3563096500530223 0.02545743834526651 0.05938494167550371
0 0.7922566944204253 0.5238600212089077 0.07637231503579953 0.08907741251325557
0 0.819327731092437 0.7126865671641791 0.036414565826330535 0.05223880597014925
0 0.9817927170868347 0.4291044776119403 0.04201680672268908 0.06716417910447761
0 0.6106442577030813 0.4944029850746269 0.04481792717086819 0.0708955223880597
0 0.8280562170934563 0.18875927889713678 0.04455051710421639 0.05090137857900318
0 0.7689075630252101 0.6380597014925373 0.04201680672268908 0.033582089552238806
0 0.8725490196078431 0.8022388059701493 0.04201680672268908 0.06343283582089553
0 0.7745098039215687 0.7126865671641791 0.05322128851540616 0.07462686567164178
