0 0.469187675070028 0.4141791044776119 0.04201680672268908 0.03731343283582089
0 0.5938375350140056 0.35634328358208955 0.04481792717086835 0.0708955223880597
0 0.41876750700280113 0.4197761194029851 0.036414565826330535 0.041044776119402986
0 0.35714285714285715 0.4608208955223881 0.036414565826330535 0.041044776119402986
0 0.3907563025210084 0.417910447761194 0.03081232492997199 0.04477611940298507
0 0.711484593837535 0.7332089552238806 0.05322128851540616 0.08208955223880597
0 0.6890756302521008 0.6716417910447762 0.05042016806722689 0.055970149253731345
0 0.43137254901960786 0.38619402985074625 0.047619047619047616 0.048507462686567165
0 0.5084033613445378 0.38992537313432835 0.05042016806722689 0.05223880597014925
0 0.47759103641456585 0.31529850746268656 0.047619047619047616 0.048507462686567165
