0 0.4391111111111111 0.7748815165876777 0.05688888888888889 0.08293838862559241
0 0.9422222222222222 0.02962085308056872 0.12266666666666666 0.11611374407582939
0 0.10577777777777778 0.5936018957345972 0.028444444444444446 0.037914691943127826
0 0.37244444444444447 0.9040284360189573 0.024888888888888887 0.030805687203791468
0 0.1582222222222222 0.3009478672985782 0.03200000000000005 0.037914691943127965
0 0.9093333333333333 0.4419431279620853 0.11911111111111111 0.15402843601895735
0 0.4053333333333333 0.9087677725118484 0.024888888888888887 0.035545023696682464
0 0.057777777777777775 0.6635071090047393 0.035555555555555556 0.045023696682464455
1 0.17244444444444446 0.5414691943127962 0.044444444444444446 0.08056872037914706
0 0.3111111111111111 0.8755924170616114 0.028444444444444446 0.035545023696682464
1 0.792 0.7748815165876777 0.192 0.25118483412322273
1 0.3111111111111111 0.5864928909952607 0.06577777777777778 0.11374407582938388
0 0.26844444444444443 0.8981042654028436 0.028444444444444446 0.03317535545023697
1 0.448 0.580568720379147 0.07288888888888889 0.10189573459715626
0 0.20444444444444446 0.3518957345971564 0.028444444444444446 0.04028436018957346
0 0.35555555555555557 0.2334123222748815 0.033777777777777775 0.04265402843601896
0 0.43022222222222223 0.33293838862559244 0.030222222222222223 0.06635071090047394
0 0.28444444444444444 0.8803317535545023 0.030222222222222223 0.04028436018957346
0 0.4862222222222222 0.5485781990521327 0.07466666666666667 0.0924170616113744
0 0.5724444444444444 0.7902843601895735 0.096 0.0995260663507109
1 0.37422222222222223 0.1872037914691943 0.058666666666666666 0.07109004739336493
0 0.6888888888888889 0.981042654028436 0.08 0.07109004739336493
0 0.31555555555555553 0.008293838862559242 0.04622222222222222 0.052132701421800945
1 0.5751111111111111 0.4194312796208531 0.09777777777777778 0.15402843601895735
0 0.15555555555555556 0.2618483412322275 0.02311111111111111 0.02843601895734597
