1 0.3591111111111111 0.17890995260663506 0.019555555555555555 0.045023696682464455
1 0.3128888888888889 0.976303317535545 0.06222222222222222 0.08293838862559241
1 0.7653333333333333 0.43483412322274884 0.16 0.22748815165876776
1 0.19111111111111112 0.8388625592417062 0.02666666666666667 0.04265402843601896
1 0.9137777777777778 0.9703791469194313 0.12266666666666666 0.11374407582938388
1 0.7715555555555556 0.01066350710900474 0.05511111111111111 0.04739336492890995
1 0.46844444444444444 0.7654028436018957 0.05511111111111111 0.11137440758293839
1 0.059555555555555556 0.693127962085308 0.030222222222222223 0.037914691943127965
1 0.3804444444444444 0.38744075829383884 0.055111111111111215 0.07109004739336493
1 0.09333333333333334 0.11966824644549763 0.04088888888888889 0.05924170616113744
1 0.3582222222222222 0.3400473933649289 0.044444444444444446 0.054502369668246446
1 0.6142222222222222 0.7914691943127962 0.12622222222222224 0.17061611374407584
1 0.058666666666666666 0.816350710900474 0.04088888888888889 0.04976303317535545
1 0.5697777777777778 0.22156398104265404 0.02311111111111111 0.045023696682464455
1 0.23466666666666666 0.43838862559241704 0.035555555555555556 0.045023696682464455
