1 0.2551111111111111 0.013033175355450236 0.06755555555555555 0.07582938388625593
1 0.9555555555555556 0.44549763033175355 0.09955555555555555 0.13507109004739337
1 0.1751111111111111 0.3755924170616114 0.05688888888888889 0.0947867298578199
1 0.45955555555555555 0.8720379146919431 0.07466666666666667 0.08530805687203792
1 0.5662222222222222 0.13981042654028436 0.08888888888888889 0.1943127962085308
0 0.9448888888888889 0.726303317535545 0.060444444444444446 0.061611374407582936
1 0.12 0.5165876777251185 0.09777777777777778 0.1066350710900474
1 0.9697777777777777 0.2772511848341232 0.064 0.12796208530805694
0 0.6426666666666667 0.12440758293838862 0.060444444444444245 0.0947867298578199
1 0.8044444444444444 0.0071090047393364926 0.06755555555555555 0.054502369668246446
1 0.6062222222222222 0.8199052132701422 0.06577777777777778 0.11611374407582939
1 0.6684444444444444 0.030805687203791468 0.09422222222222222 0.12796208530805686
