0 0.6951111111111111 0.7535545023696683 0.06577777777777778 0.10426540284360189
0 0.9671111111111111 0.95260663507109 0.07288888888888889 0.08530805687203792
0 0.6782222222222222 0.580568720379147 0.07644444444444465 0.09241706161137428
0 0.2942222222222222 0.9466824644549763 0.07288888888888889 0.1018957345971564
0 0.36533333333333334 0.754739336492891 0.05333333333333334 0.07582938388625593
0 0.9475555555555556 0.754739336492891 0.08177777777777778 0.0924170616113744
0 0.4 0.7227488151658767 0.051555555555555556 0.07819905213270142
0 0.6328888888888888 0.6528436018957346 0.05866666666666687 0.061611374407582936
0 0.8382222222222222 0.6658767772511849 0.08888888888888889 0.1018957345971564
1 0.4862222222222222 0.0924170616113744 0.176 0.21800947867298578
0 0.15022222222222223 0.6907582938388626 0.060444444444444446 0.07582938388625593
0 0.2897777777777778 0.7867298578199052 0.06577777777777778 0.0924170616113744
0 0.5208888888888888 0.7571090047393365 0.07288888888888889 0.1018957345971564
