1 0.49411764705882355 0.7549019607843137 0.03823529411764706 0.06274509803921569
1 0.36911764705882355 0.3352941176470588 0.03529411764705882 0.054901960784313725
1 0.47794117647058826 0.5843137254901961 0.047058823529411764 0.07058823529411765
1 0.027941176470588237 0.788235294117647 0.047058823529411764 0.06274509803921569
1 0.46176470588235297 0.5 0.03529411764705882 0.054901960784313725
1 0.34558823529411764 0.14705882352941177 0.03235294117647059 0.07058823529411765
1 0.43529411764705883 0.5686274509803921 0.03823529411764706 0.058823529411764705
1 0.375 0.8509803921568627 0.03529411764705882 0.047058823529411764
1 0.37941176470588234 0.7 0.041176470588235294 0.043137254901960784
1 0.4294117647058823 0.6333333333333333 0.03823529411764706 0.058823529411764705
1 0.3911764705882353 0.6529411764705882 0.03823529411764706 0.058823529411764705
1 0.4176470588235294 0.9803921568627451 0.03823529411764706 0.047058823529411764
