1 0.07588739290085679 0.5856443719412724 0.03427172582619339 0.048939641109298535
1 0.6144430844553244 0.6084828711256117 0.03427172582619339 0.052202283849918436
1 0.09424724602203183 0.14192495921696574 0.03916768665850673 0.04241435562805873
1 0.8641370869033048 0.4926590538336052 0.03182374541003672 0.04241435562805873
1 0.2484700122399021 0.7699836867862969 0.0587515299877601 0.06199021207177814
1 0.22766217870257038 0.31484502446982054 0.03671970624235006 0.05872756933115824
1 0.27050183598531213 0.2495921696574225 0.044063647490820076 0.04567699836867863
1 0.9155446756425949 0.09624796084828711 0.03916768665850673 0.05546492659053834
1 0.9632802937576499 0.401305057096248 0.03916768665850673 0.052202283849918436
1 0.26438188494492043 0.9526916802610114 0.051407588739290085 0.07830342577487764
