1 0.5581395348837209 0.9853181076672104 0.03182374541003672 0.048939641109298535
1 0.7037943696450428 0.27895595432300163 0.02447980416156671 0.06851549755301795
1 0.9302325581395349 0.06525285481239804 0.05385556915544676 0.04241435562805873
1 0.8690330477356181 0.2822185970636215 0.0416156670746634 0.05546492659053834
1 0.6376988984088128 0.17128874388254486 0.03427172582619339 0.04241435562805873
1 0.554467564259486 0.8499184339314845 0.03427172582619339 0.07504078303425775
1 0.14075887392900857 0.05546492659053834 0.03671970624235006 0.04567699836867863
1 0.44920440636474906 0.3034257748776509 0.03916768665850673 0.07830342577487764
1 0.24112607099143207 0.7112561174551386 0.0587515299877601 0.07177814029363766
1 0.5593635250917993 0.5758564437194127 0.07343941248469998 0.05872756933115824
