1 0.3427172582619339 0.466557911908646 0.03427172582619339 0.04567699836867863
1 0.3537331701346389 0.5774877650897227 0.02447980416156671 0.03262642740619902
1 0.27906976744186046 0.48776508972267535 0.03427172582619339 0.048939641109298535
1 0.4700122399020808 0.8955954323001631 0.02447980416156671 0.03915171288743882
1 0.5777233782129743 0.21859706362153344 0.026927784577723518 0.03588907014681892
1 0.4467564259485924 0.06525285481239804 0.0416156670746634 0.04241435562805873
1 0.6328029375764994 0.46166394779771613 0.03182374541003672 0.03588907014681892
1 0.2778457772337821 0.04567699836867863 0.056303549571603426 0.029363784665579106
1 0.18237454100367198 0.3866231647634584 0.017135862913096694 0.05872756933115833
1 0.616891064871481 0.26916802610114193 0.0416156670746634 0.01957585644371941
