1 0.10386029411764706 0.03308823529411765 0.03860294117647059 0.0784313725490196
1 0.6369485294117647 0.013480392156862746 0.042279411764705885 0.06372549019607843
1 0.11029411764705882 0.9313725490196079 0.051470588235294115 0.056372549019607844
1 0.625 0.6887254901960784 0.04779411764705882 0.07352941176470588
1 0.2803308823529412 0.5294117647058824 0.05514705882352941 0.07352941176470588
1 0.15625 0.8406862745098039 0.058823529411764705 0.06862745098039216
1 0.20128676470588236 0.9705882352941176 0.05514705882352941 0.0661764705882353
1 0.6608455882352942 0.32598039215686275 0.04411764705882353 0.08823529411764706
1 0.7555147058823529 0.8406862745098039 0.03860294117647059 0.06372549019607843
1 0.5487132352941176 0.051470588235294115 0.03860294117647059 0.051470588235294115
