1 0.9742962056303549 0.7536704730831973 0.04895960832313342 0.06199021207177814
1 0.7796817625458996 0.9820554649265906 0.051407588739290085 0.048939641109298535
1 0.5581395348837209 0.6769983686786297 0.06609547123622997 0.06525285481239804
1 0.5630354957160343 0.5774877650897227 0.0416156670746634 0.10114192495921696
1 0.7417380660954712 0.9200652528548124 0.04895960832313342 0.052202283849918436
1 0.8323133414932681 0.8466557911908646 0.056303549571603426 0.04241435562805873
1 0.6474908200734394 0.18760195758564438 0.07099143206854346 0.08809135399673736
1 0.47368421052631576 0.9396411092985318 0.06119951040391677 0.09135399673735727
1 0.5899632802937577 0.9755301794453507 0.046511627906976744 0.02936378466557912
1 0.9510403916768666 0.6280587275693311 0.06119951040391677 0.06525285481239804
1 0.9375764993880049 0.5367047308319739 0.07588739290085679 0.08809135399673736
1 0.9400244798041616 0.9102773246329527 0.05385556915544676 0.022838499184339316
1 0.7833537331701347 0.8841761827079935 0.05385556915544676 0.052202283849918436
1 0.9498164014687882 0.433931484502447 0.07343941248470012 0.08156606851549755
1 0.5067319461444308 0.6508972267536705 0.056303549571603426 0.08482871125611746
1 0.6070991432068543 0.28711256117455136 0.0587515299877601 0.08156606851549765
1 0.4394124847001224 0.8450244698205547 0.07099143206854346 0.06851549755301795
1 0.42717258261933905 0.9706362153344209 0.03916768665850673 0.08809135399673736
1 0.620563035495716 0.6068515497553018 0.056303549571603426 0.09461663947797716
