1 0.34394124847001223 0.8466557911908646 0.04895960832313342 0.02936378466557912
1 0.5042839657282742 0.7895595432300163 0.051407588739290085 0.052202283849918436
1 0.2962056303549572 0.9885807504078303 0.05385556915544676 0.03915171288743882
1 0.18727050183598531 0.9836867862969005 0.051407588739290085 0.052202283849918436
1 0.8592411260709915 0.5546492659053833 0.03916768665850673 0.052202283849918436
1 0.5924112607099143 0.7259380097879282 0.044063647490820076 0.022838499184339316
1 0.47123623011015914 0.8450244698205547 0.051407588739290085 0.06525285481239804
1 0.5483476132190942 0.7357259380097879 0.04161566707466354 0.02936378466557912
1 0.5030599755201959 0.9836867862969005 0.046511627906976605 0.05546492659053834
1 0.5104039167686658 0.8890701468189234 0.061199510403916905 0.08156606851549755
1 0.4039167686658507 0.8482871125611745 0.051407588739290085 0.048939641109298535
1 0.2350061199510404 0.9151712887438825 0.03916768665850673 0.026101141924959218
