1 0.35441176470588237 0.27058823529411763 0.061764705882352944 0.043137254901960784
1 0.075 0.14705882352941177 0.09705882352941177 0.1450980392156863
1 0.9058823529411765 0.9666666666666667 0.03529411764705882 0.0392156862745098
1 0.17352941176470588 0.4235294117647059 0.08235294117647059 0.08235294117647059
1 0.25441176470588234 0.4803921568627451 0.052941176470588235 0.06274509803921569
1 0.3720588235294118 0.8372549019607843 0.041176470588235294 0.050980392156862744
1 0.5691176470588235 0.5274509803921569 0.03823529411764706 0.043137254901960784
1 0.5441176470588235 0.7196078431372549 0.03235294117647076 0.043137254901960784
1 0.9220588235294118 0.8470588235294118 0.03529411764705882 0.043137254901960784
1 0.5764705882352941 0.39019607843137255 0.03529411764705899 0.043137254901960784
1 0.8014705882352942 0.45098039215686275 0.03235294117647059 0.047058823529411764
1 0.36764705882352944 0.40980392156862744 0.05294117647058832 0.054901960784313725
1 0.21323529411764705 0.8647058823529412 0.04411764705882353 0.0392156862745098
1 0.6794117647058824 0.23529411764705882 0.03823529411764706 0.043137254901960784
1 0.638235294117647 0.13725490196078433 0.04705882352941193 0.03529411764705882
1 0.060294117647058824 0.6254901960784314 0.07647058823529412 0.0784313725490196
1 0.5691176470588235 0.6901960784313725 0.029411764705882353 0.0392156862745098
1 0.7014705882352941 0.1784313725490196 0.03823529411764723 0.06274509803921569
1 0.4764705882352941 0.40784313725490196 0.041176470588235294 0.03529411764705882
1 0.95 0.46862745098039216 0.03235294117647059 0.043137254901960784
1 0.6352941176470588 0.2372549019607843 0.041176470588235294 0.0392156862745098
