0 0.1484593837535014 0.7313432835820896 0.056022408963585436 0.055970149253731345
0 0.9299719887955182 0.8171641791044776 0.0392156862745098 0.055970149253731345
0 0.6624649859943977 0.498134328358209 0.04201680672268908 0.05223880597014925
0 0.4215686274509804 0.14365671641791045 0.04481792717086835 0.06343283582089553
0 0.5658263305322129 0.6231343283582089 0.0392156862745098 0.06343283582089553
0 0.7324929971988795 0.8768656716417911 0.04481792717086835 0.06343283582089553
0 0.9845938375350141 0.8824626865671642 0.047619047619047616 0.08208955223880597
0 0.6176470588235294 0.2462686567164179 0.0392156862745098 0.06343283582089553
0 0.10084033613445378 0.5485074626865671 0.03361344537815126 0.04477611940298507
0 0.555184299830131 0.8748674443266172 0.031821797931583136 0.04665959703075292
0 0.9341736694677871 0.4664179104477612 0.06162464985994398 0.055970149253731345
0 0.7240896358543417 0.7294776119402985 0.047619047619047616 0.06716417910447761
0 0.5196078431372549 0.5970149253731343 0.04761904761904746 0.06343283582089553
0 0.4495798319327731 0.9757462686567164 0.056022408963585436 0.05970149253731343
0 0.1134453781512605 0.7686567164179104 0.05322128851540616 0.05970149253731343
0 0.20588235294117646 0.9029850746268657 0.03361344537815126 0.05970149253731343
0 0.5840336134453782 0.44776119402985076 0.047619047619047616 0.06343283582089553
0 0.6316526610644257 0.5970149253731343 0.047619047619047616 0.06343283582089553
0 0.5476190476190477 0.251865671641791 0.04481792717086819 0.06343283582089553
0 0.1330532212885154 0.8861940298507462 0.04201680672268908 0.048507462686567165
0 0.6764705882352942 0.44029850746268656 0.036414565826330535 0.06343283582089553
