1 0.23713235294117646 0.5674019607843137 0.02022058823529412 0.024509803921568627
1 0.9393382352941176 0.0857843137254902 0.06066176470588235 0.07352941176470588
1 0.359375 0.9044117647058824 0.042279411764705885 0.051470588235294115
1 0.08731617647058823 0.4252450980392157 0.07352941176470588 0.061274509803921566
1 0.12408088235294118 0.3014705882352941 0.029411764705882353 0.05392156862745098
1 0.9512867647058824 0.7977941176470589 0.03676470588235294 0.07107843137254902
1 0.9678308823529411 0.4840686274509804 0.058823529411764705 0.07598039215686274
1 0.27941176470588236 0.571078431372549 0.04595588235294118 0.04656862745098039
1 0.140625 0.9693627450980392 0.04044117647058824 0.04656862745098039
1 0.2545955882352941 0.7708333333333334 0.025735294117647058 0.056372549019607844
1 0.25919117647058826 0.41911764705882354 0.03125 0.07107843137254902
1 0.33731617647058826 0.6323529411764706 0.04779411764705882 0.051470588235294115
1 0.07628676470588236 0.20833333333333334 0.04595588235294118 0.05392156862745098
1 0.9080882352941176 0.17769607843137256 0.058823529411764705 0.04656862745098039
1 0.6783088235294118 0.33455882352941174 0.04779411764705882 0.058823529411764705
1 0.18933823529411764 0.41299019607843135 0.04411764705882353 0.049019607843137254
1 0.10386029411764706 0.014705882352941176 0.042279411764705885 0.0661764705882353
1 0.21231617647058823 0.30269607843137253 0.05514705882352941 0.05392156862745105
