1 0.03283898305084746 0.940677966101695 0.05932203389830508 0.0847457627118644
1 0.3019067796610169 0.1384180790960452 0.0635593220338983 0.0847457627118644
1 0.3072033898305085 0.9378531073446328 0.0614406779661017 0.0847457627118644
1 0.225635593220339 0.7584745762711864 0.057203389830508475 0.07062146892655367
1 0.3146186440677966 0.3488700564971751 0.07627118644067797 0.07627118644067804
1 0.1875 0.5084745762711864 0.09322033898305085 0.08192090395480225
1 0.5052966101694916 0.2584745762711864 0.06991525423728802 0.10451977401129951
1 0.09004237288135593 0.8375706214689266 0.07203389830508475 0.0847457627118644
1 0.2966101694915254 0.8347457627118644 0.06991525423728813 0.11016949152542373
1 0.5286016949152542 0.5324858757062146 0.0614406779661017 0.093220338983051
1 0.3230932203389831 0.6002824858757062 0.06567796610169492 0.059322033898305086
