1 0.4485294117647059 0.43504901960784315 0.03860294117647059 0.041666666666666664
1 0.5413602941176471 0.6286764705882353 0.03308823529411765 0.051470588235294115
1 0.2867647058823529 0.36519607843137253 0.034926470588235295 0.031862745098039214
1 0.03860294117647059 0.3382352941176471 0.02022058823529412 0.04411764705882353
1 0.06341911764705882 0.13480392156862744 0.03125 0.041666666666666664
1 0.12775735294117646 0.7475490196078431 0.027573529411764705 0.031862745098039214
1 0.3125 0.7046568627450981 0.02389705882352941 0.051470588235294115
1 0.1636029411764706 0.7830882352941176 0.04044117647058824 0.05392156862745098
1 0.0818014705882353 0.7536764705882353 0.034926470588235295 0.051470588235294115
1 0.1332720588235294 0.883578431372549 0.04963235294117647 0.0392156862745098
1 0.22058823529411764 0.7941176470588235 0.05514705882352941 0.07352941176470588
1 0.5983455882352942 0.9534313725490197 0.02389705882352941 0.0392156862745098
