1 0.3625044466464471 0.7501185377834532 0.0768409818569904 0.09103840682788052
1 0.1330487369346008 0.21384542256296954 0.0661686232657417 0.08819345661450925
1 0.29526858752158053 0.9506875278261274 0.06616862326574173 0.08819345661450925
1 0.9302739237008761 0.6533902305288302 0.04695837780149413 0.06258890469416785
1 0.18000711473609493 0.9805595050665257 0.044823906083244394 0.04551920341394026
1 0.8214158660701397 0.770033189277052 0.05976520811099253 0.07396870554765292
1 0.7669868372547716 0.7074442845828842 0.061899679829242264 0.10241820768136557
1 0.755247242804398 0.5708866743410634 0.08110992529348986 0.1166429587482219
1 0.010316613135241138 0.013276432520295275 0.0384204909284952 0.06827880512091039
1 0.987904660093619 0.02892365869383724 0.03628601921024546 0.059743954480796585
1 0.6282461755685389 0.5367472717806082 0.10458911419423693 0.12802275960170698
1 0.7253646387489018 0.8752963471717888 0.061899679829242264 0.09672830725462304
1 0.2824617572120821 0.7358937867165969 0.07470651013874066 0.10241820768136557
1 0.1426538596667246 0.5253674709271231 0.05976520811099253 0.06827880512091022
1 0.2643187476069594 0.5666192490210065 0.055496264674493 0.09103840682788035
