1 0.8481818181818181 0.8993939393939394 0.1509090909090909 0.2012121212121212
1 0.4381818181818182 0.09090909090909091 0.14727272727272728 0.16242424242424242
1 0.1290909090909091 0.02909090909090909 0.14363636363636365 0.16
1 0.77 0.6872727272727273 0.12181818181818181 0.18424242424242424
1 0.9827272727272728 0.3333333333333333 0.07454545454545454 0.10424242424242425
1 0.68 0.2739393939393939 0.12545454545454546 0.18181818181818182
1 0.23 0.7103030303030303 0.11818181818181818 0.18181818181818182
1 0.889090909090909 0.5393939393939394 0.10545454545454545 0.13818181818181818
1 0.23363636363636364 0.32727272727272727 0.10363636363636364 0.1406060606060606
1 0.2690909090909091 0.43393939393939396 0.1290909090909091 0.14545454545454545
1 0.8227272727272728 0.6084848484848485 0.10545454545454545 0.15515151515151515
1 0.1990909090909091 0.20484848484848484 0.10545454545454545 0.13575757575757577
