1 0.9536363636363636 0.43757575757575756 0.04727272727272727 0.07515151515151515
1 0.36454545454545456 0.9733333333333334 0.06909090909090909 0.05333333333333334
1 0.3109090909090909 0.5393939393939394 0.08727272727272728 0.08242424242424243
1 0.5909090909090909 0.19393939393939394 0.06 0.08727272727272728
1 0.11272727272727273 0.16606060606060605 0.04363636363636364 0.06060606060606061
1 0.89 0.673939393939394 0.034545454545454546 0.08242424242424243
1 0.6609090909090909 0.3054545454545455 0.04363636363636364 0.09454545454545447
1 0.5245454545454545 0.8133333333333334 0.04727272727272727 0.09212121212121212
1 0.5445454545454546 0.9139393939393939 0.045454545454545456 0.0993939393939394
1 0.7318181818181818 0.7684848484848484 0.06 0.05333333333333334
