1 0.33047735618115054 0.5448613376835236 0.12484700122399021 0.1468189233278956
1 0.5299877600979193 0.2495921696574225 0.0979192166462667 0.09787928221859707
1 0.3733170134638923 0.20554649265905384 0.051407588739290085 0.07830342577487764
1 0.616891064871481 0.26753670473083196 0.06854345165238677 0.07830342577487764
1 0.3402692778457772 0.6411092985318108 0.0587515299877601 0.09135399673735727
1 0.8323133414932681 0.3621533442088091 0.07588739290085679 0.05546492659053834
1 0.7294981640146879 0.300163132137031 0.1003671970624235 0.08156606851549755
1 0.8164014687882497 0.27569331158238175 0.06119951040391677 0.10766721044045677
1 0.4430844553243574 0.19412724306688417 0.09057527539779682 0.13050570962479607
1 0.24357405140758873 0.1729200652528548 0.05385556915544676 0.08809135399673736
1 0.39412484700122397 0.9804241435562806 0.11995104039167687 0.07504078303425775
1 0.09302325581395349 0.13050570962479607 0.046511627906976744 0.11092985318107668
