1 0.6780905752753978 0.9804241435562806 0.05385556915544676 0.05546492659053834
1 0.8347613219094248 0.8988580750407831 0.0416156670746634 0.052202283849918436
1 0.7172582619339045 0.9347471451876019 0.06364749082007344 0.06199021207177814
1 0.2631578947368421 0.28548123980424145 0.08078335373317014 0.10440456769983687
1 0.7319461444308446 0.02936378466557912 0.056303549571603426 0.07830342577487764
1 0.5348837209302325 0.12887438825448613 0.0709914320685436 0.08156606851549755
1 0.35006119951040393 0.21859706362153344 0.07588739290085679 0.09787928221859707
1 0.056303549571603426 0.44861337683523655 0.11995104039167687 0.12398042414355628
1 0.9645042839657283 0.8874388254486134 0.08078335373317014 0.06199021207177814
1 0.16034271725826194 0.34094616639477976 0.09791921664626684 0.09787928221859707
1 0.8873929008567931 0.8809135399673735 0.03427172582619339 0.026101141924959218
1 0.5813953488372093 0.9853181076672104 0.051407588739290085 0.02936378466557912
1 0.9840881272949816 0.4371941272430669 0.07833537331701346 0.10114192495921696
1 0.46511627906976744 0.12887438825448613 0.056303549571603426 0.07830342577487764
1 0.6695226438188494 0.09951060358890701 0.09302325581395349 0.09135399673735727
