1 0.4541003671970624 0.5024469820554649 0.05385556915544676 0.08482871125611746
1 0.7405140758873929 0.19738988580750408 0.04895960832313342 0.048939641109298535
1 0.6976744186046512 0.45024469820554647 0.051407588739290085 0.05872756933115824
1 0.784577723378213 0.29853181076672103 0.03916768665850673 0.04241435562805873
1 0.401468788249694 0.31158238172920066 0.08078335373317014 0.10114192495921696
1 0.5556915544675642 0.9265905383360522 0.044063647490820076 0.03262642740619902
1 0.631578947368421 0.4159869494290375 0.04895960832313342 0.048939641109298535
1 0.19583843329253367 0.9885807504078303 0.06119951040391677 0.06525285481239804
1 0.7821297429620563 0.8156606851549756 0.06119951040391677 0.019575856443719227
1 0.3684210526315789 0.8988580750407831 0.0587515299877601 0.07504078303425775
1 0.5030599755201959 0.9543230016313213 0.024479804161566848 0.05872756933115824
