1 0.663013698630137 0.7357575757575757 0.10228310502283126 0.15757575757575756
1 0.3972602739726027 0.32484848484848483 0.13150684931506848 0.1696969696969697
1 0.6922374429223744 0.6375757575757576 0.11506849315068493 0.13575757575757577
1 0.7123287671232876 0.5503030303030303 0.1004566210045662 0.14303030303030304
1 0.5789954337899543 0.6557575757575758 0.11689497716894977 0.1503030303030303
1 0.3506849315068493 0.9648484848484848 0.1187214611872146 0.16
1 0.6228310502283105 0.5418181818181819 0.11689497716894977 0.15272727272727288
1 0.5470319634703197 0.5381818181818182 0.09680365296803653 0.16484848484848486
1 0.473972602739726 0.012121212121212121 0.136986301369863 0.1503030303030303
1 0.5954337899543379 0.336969696969697 0.14246575342465753 0.1696969696969697
