1 0.8812729498164015 0.11582381729200653 0.04895960832313342 0.07830342577487764
1 0.189718482252142 0.7846655791190864 0.0832313341493268 0.05220228384991862
1 0.030599755201958383 0.8205546492659054 0.06119951040391677 0.02936378466557912
1 0.20563035495716034 0.06035889070146819 0.08812729498164015 0.07830342577487764
1 0.23990208078335373 0.31484502446982054 0.1003671970624235 0.08482871125611746
1 0.9767441860465116 0.6280587275693311 0.06364749082007344 0.06851549755301795
1 0.01346389228886169 0.11419249592169657 0.06364749082007344 0.052202283849918436
1 0.11505507955936352 0.8711256117455138 0.06609547123623011 0.052202283849918436
1 0.13096695226438188 0.08809135399673736 0.0611995104039168 0.06525285481239804
1 0.5226438188494492 0.7243066884176182 0.0587515299877601 0.06199021207177814
1 0.7674418604651163 0.598694942903752 0.051407588739290085 0.048939641109298535
1 0.4467564259485924 0.7063621533442088 0.06609547123623011 0.07177814029363784
1 0.2839657282741738 0.763458401305057 0.07588739290085679 0.07504078303425793
1 0.49571603427172584 0.17128874388254486 0.051407588739290085 0.052202283849918436
1 0.8237454100367197 0.5954323001631321 0.051407588739290085 0.03915171288743901
1 0.5471236230110159 0.6623164763458401 0.0587515299877601 0.048939641109298535
1 0.6499388004895961 0.6623164763458401 0.08812729498164015 0.04567699836867863
1 0.7478580171358629 0.6639477977161501 0.07343941248470012 0.06525285481239804
1 0.9057527539779682 0.6133768352365416 0.046511627906976744 0.04241435562805873
1 0.10281517747858017 0.8156606851549756 0.09057527539779682 0.04893964110929835
1 0.04773561811505508 0.24469820554649266 0.03671970624235006 0.022838499184339316
1 0.19706242350061198 0.867862969004894 0.06609547123623011 0.06851549755301795
