1 0.7707762557077625 0.6921212121212121 0.14246575342465753 0.17696969696969697
1 0.3726027397260274 0.4715151515151515 0.06027397260273973 0.06787878787878789
1 0.9287671232876712 0.9854545454545455 0.1278538812785388 0.08
1 0.4575342465753425 0.3478787878787879 0.07671232876712329 0.09212121212121212
1 0.42100456621004567 0.41454545454545455 0.047488584474885846 0.09212121212121212
1 0.2639269406392694 0.29454545454545455 0.1589041095890411 0.2109090909090909
1 0.14703196347031963 0.30666666666666664 0.10410958904109589 0.18181818181818188
1 0.6292237442922375 0.5018181818181818 0.12420091324200913 0.1696969696969697
1 0.3771689497716895 0.008484848484848486 0.11689497716894977 0.07272727272727272
1 0.3589041095890411 0.656969696969697 0.09497716894977169 0.13090909090909092
1 0.4557077625570776 0.21575757575757576 0.1132420091324201 0.17939393939393938
