1 0.3427172582619339 0.03915171288743882 0.07099143206854346 0.055464926590538324
1 0.7135862913096696 0.7422512234910277 0.0587515299877601 0.06525285481239823
1 0.9094247246022031 0.1761827079934747 0.03671970624235006 0.03588907014681892
1 0.791921664626683 0.5057096247960848 0.044063647490820076 0.06199021207177814
1 0.8396572827417381 0.5774877650897227 0.07588739290085679 0.052202283849918436
1 0.7980416156670747 0.6280587275693311 0.017135862913096694 0.05872756933115824
1 0.6340269277845777 0.763458401305057 0.1003671970624235 0.05220228384991862
1 0.8947368421052632 0.734094616639478 0.07343941248470012 0.11745513866231648
1 0.9167686658506732 0.6623164763458401 0.056303549571603426 0.03915171288743882
1 0.8702570379436965 0.1272430668841762 0.04895960832313342 0.04567699836867863
1 0.5960832313341493 0.38825448613376834 0.06854345165238677 0.06525285481239804
1 0.028151774785801713 0.8858075040783034 0.07588739290085679 0.13050570962479607
1 0.28518971848225216 0.08809135399673736 0.04895960832313349 0.04241435562805873
1 0.3084455324357405 0.13213703099510604 0.05385556915544676 0.06199021207177814
1 0.204406364749082 0.8613376835236541 0.10526315789473684 0.08482871125611746
1 0.3353733170134639 0.831973898858075 0.07833537331701346 0.10766721044045677
1 0.988984088127295 0.5807504078303426 0.03182374541003672 0.06199021207177814
1 0.49938800489596086 0.8042414355628059 0.07588739290085679 0.09787928221859707
1 0.7723378212974297 0.04567699836867863 0.046511627906976744 0.06525285481239804
1 0.8188494492044064 0.07830342577487764 0.06364749082007344 0.05220228384991846
1 0.6609547123623011 0.499184339314845 0.09302325581395349 0.05872756933115824
1 0.6560587515299877 0.3637846655791191 0.03671970624235006 0.04567699836867863
1 0.9167686658506732 0.21859706362153344 0.06854345165238677 0.03915171288743882
1 0.4418604651162791 0.11745513866231648 0.056303549571603426 0.052202283849918436
