1 0.21643835616438356 0.6703030303030303 0.08401826484018265 0.10909090909090909
1 0.47214611872146117 0.06424242424242424 0.09863013698630137 0.13575757575757577
1 0.3780821917808219 0.34424242424242424 0.07488584474885844 0.09454545454545454
1 0.2191780821917808 0.536969696969697 0.06757990867579909 0.0703030303030303
1 0.4840182648401826 0.5381818181818182 0.05114155251141553 0.07515151515151515
1 0.36712328767123287 0.8569696969696969 0.0639269406392694 0.09212121212121212
1 0.44474885844748857 0.3660606060606061 0.0547945205479452 0.07272727272727272
1 0.25296803652968036 0.3515151515151515 0.06757990867579909 0.08727272727272728
1 0.4547945205479452 0.45212121212121215 0.06575342465753424 0.08484848484848485
1 0.5388127853881278 0.7733333333333333 0.06757990867579909 0.08242424242424243
1 0.4995433789954338 0.6193939393939394 0.045662100456621 0.06303030303030303
