1 0.42648401826484017 0.49454545454545457 0.07123287671232877 0.10424242424242425
1 0.35342465753424657 0.10545454545454545 0.13150684931506848 0.22545454545454546
1 0.4666666666666667 0.02909090909090909 0.08584474885844749 0.12363636363636364
1 0.6255707762557078 0.007272727272727273 0.13150684931506848 0.12606060606060607
1 0.17442922374429223 0.4703030303030303 0.12420091324200913 0.14545454545454545
1 0.4420091324200913 0.3284848484848485 0.1278538812785388 0.16
1 0.3872146118721461 0.7296969696969697 0.08584474885844749 0.10909090909090909
1 0.4529680365296804 0.43636363636363634 0.06575342465753424 0.09212121212121212
1 0.771689497716895 0.7284848484848485 0.12968036529680366 0.16242424242424242
1 0.6237442922374429 0.566060606060606 0.1187214611872146 0.15515151515151515
1 0.2876712328767123 0.44 0.14794520547945206 0.18181818181818182
1 0.9305936073059361 0.9927272727272727 0.09315068493150686 0.09212121212121212
