0 0.22969121151468816 0.015822784810126583 0.057007125890736345 0.0759493670886076
0 0.6192399051013865 0.7974683544303798 0.06413301662707839 0.07278481012658228
0 0.25819477446005634 0.30854430379746833 0.0688836104513064 0.0759493670886076
0 0.543230403913738 0.0015822784810126582 0.06413301662707825 0.06645569620253164
0 0.03372921626528198 0.819620253164557 0.08788598574821853 0.07911392405063292
0 0.0705463184030492 0.03639240506329114 0.06175771971496439 0.04746835443037975
0 0.5515439431061371 0.47943037974683544 0.05938242280285035 0.0759493670886076
0 0.9755344419184886 0.189873417721519 0.0665083135391924 0.08860759493670886
0 0.030166270897110964 0.9113924050632911 0.07600950118764846 0.0981012658227848
0 0.12399049892561452 0.1550632911392405 0.06175771971496437 0.07911392405063292
0 0.04441805236979505 0.7357594936708861 0.07125890736342043 0.0759493670886076
0 0.8377672210158759 0.7768987341772152 0.052256532066508314 0.060126582278481014
0 0.19168646092086394 0.6439873417721519 0.0665083135391924 0.08860759493670886
0 0.5705463184030493 0.7911392405063291 0.04988123515439417 0.060126582278481014
