1 0.02447980416156671 0.4730831973898858 0.06119951040391677 0.05872756933115824
1 0.11872705018359853 0.47145187601957583 0.0587515299877601 0.03915171288743882
1 0.7931456548347613 0.49755301794453505 0.051407588739290085 0.04567699836867863
1 0.6903304773561811 0.4029363784665579 0.03182374541003672 0.03915171288743892
1 0.6132190942472461 0.47471451876019577 0.034271725826193526 0.026101141924959218
1 0.03427172582619339 0.2626427406199021 0.07099143206854346 0.08482871125611746
1 0.6413708690330477 0.10114192495921696 0.02937576499388005 0.052202283849918436
1 0.605875152998776 0.8482871125611745 0.07833537331701346 0.07830342577487764
1 0.29498164014687883 0.5073409461663948 0.03916768665850673 0.048939641109298535
1 0.6413708690330477 0.7553017944535073 0.04895960832313342 0.08156606851549755
1 0.6903304773561811 0.5954323001631321 0.03427172582619339 0.029363784665579304
1 0.47123623011015914 0.7781402936378466 0.02447980416156671 0.048939641109298535
