1 0.46878824969400246 0.5889070146818923 0.03916768665850673 0.04567699836867863
1 0.29498164014687883 0.6721044045676998 0.051407588739290085 0.06199021207177814
1 0.2802937576499388 0.7814029363784666 0.03671970624235006 0.05872756933115824
1 0.5287637698898409 0.25938009787928223 0.03671970624235006 0.052202283849918436
1 0.1003671970624235 0.5889070146818923 0.06364749082007344 0.04567699836867863
1 0.4969400244798042 0.1729200652528548 0.0416156670746634 0.03588907014681892
1 0.3953488372093023 0.7765089722675367 0.07343941248470012 0.05872756933115824
1 0.35006119951040393 0.3197389885807504 0.04895960832313342 0.04567699836867863
1 0.3880048959608323 0.1566068515497553 0.03182374541003672 0.06851549755301799
1 0.565483476132191 0.26753670473083196 0.02937576499388005 0.048939641109298535
