1 0.22120285423037717 0.18132611637347767 0.07339449541284404 0.11096075778078485
1 0.4858447488584475 0.5151515151515151 0.08949771689497717 0.12121212121212122
1 0.3406392694063927 0.2727272727272727 0.06757990867579909 0.10181818181818189
1 0.5196347031963471 0.8678787878787879 0.06940639269406393 0.11636363636363636
1 0.7853881278538812 0.8678787878787879 0.08401826484018265 0.12606060606060607
1 0.5127420998980632 0.11366711772665765 0.040774719673802244 0.10284167794316644
1 0.8374429223744292 0.416969696969697 0.04200913242009133 0.09212121212121212
1 0.9168949771689497 0.013333333333333334 0.031050228310502283 0.055757575757575756
1 0.3424657534246575 0.6060606060606061 0.07123287671232877 0.09454545454545454
1 0.4374429223744292 0.6836363636363636 0.0639269406392694 0.10666666666666667
1 0.7288481141692151 0.7239512855209743 0.09582059123343527 0.07307171853856563
1 0.9305936073059361 0.8787878787878788 0.058447488584474884 0.09212121212121212
1 0.8228310502283105 0.7733333333333333 0.06940639269406393 0.10181818181818182
1 0.5753424657534246 0.7696969696969697 0.07853881278538813 0.10666666666666667
