1 0.4773561811505508 0.7112561174551386 0.05385556915544676 0.048939641109298715
1 0.4504283965728274 0.6411092985318108 0.03182374541003672 0.048939641109298535
1 0.6976744186046512 0.8091353996737357 0.06119951040391677 0.05546492659053834
1 0.9902080783353733 0.45187601957585644 0.03182374541003672 0.10114192495921696
1 0.5226438188494492 0.799347471451876 0.022031823745410038 0.07177814029363784
1 0.9228886168910648 0.38825448613376834 0.08078335373317014 0.08482871125611746
1 0.14443084455324356 0.15497553017944535 0.022031823745410073 0.05546492659053834
1 0.32068543451652387 0.3735725938009788 0.046511627906976744 0.04567699836867863
1 0.7784577723378213 0.9526916802610114 0.06119951040391677 0.08482871125611746
1 0.19583843329253367 0.233278955954323 0.02447980416156671 0.04567699836867863
1 0.16523867809057527 0.6313213703099511 0.06609547123623011 0.03588907014681892
1 0.7429620563035496 0.8613376835236541 0.04895960832313342 0.08482871125611746
1 0.3023255813953488 0.3197389885807504 0.017135862913096763 0.048939641109298535
1 0.408812729498164 0.5464926590538336 0.02692778457772338 0.06525285481239804
