1 0.18237454100367198 0.19412724306688417 0.056303549571603426 0.05546492659053834
1 0.9290085679314566 0.2805872756933116 0.044063647490820076 0.03588907014681892
1 0.2998776009791922 0.22022838499184338 0.046511627906976674 0.06199021207177814
1 0.8824969400244798 0.7895595432300163 0.044063647490820076 0.06851549755301795
1 0.773561811505508 0.17944535073409462 0.02937576499388005 0.06851549755301795
1 0.8310893512851897 0.27895595432300163 0.06364749082007344 0.05546492659053834
1 0.9865361077111383 0.2822185970636215 0.046511627906976744 0.04241435562805873
1 0.6719706242350061 0.2365415986949429 0.0416156670746634 0.07177814029363784
1 0.9485924112607099 0.23164763458401305 0.04895960832313342 0.05872756933115824
1 0.6866585067319462 0.15171288743882544 0.051407588739290085 0.048939641109298535
