1 0.30966952264381886 0.18107667210440456 0.044063647490820076 0.048939641109298535
1 0.587515299877601 0.08319738988580751 0.051407588739290085 0.06525285481239804
1 0.29865361077111385 0.29200652528548127 0.017135862913096624 0.048939641109298625
1 0.9106487148102815 0.2561174551386623 0.051407588739290085 0.06199021207177814
1 0.4638922888616891 0.1631321370309951 0.04895960832313342 0.03915171288743882
1 0.8078335373317014 0.0929853181076672 0.044063647490820076 0.07177814029363784
1 0.7674418604651163 0.5220228384991843 0.0416156670746634 0.06851549755301795
1 0.9461444308445532 0.632952691680261 0.06119951040391677 0.022838499184339316
1 0.9057527539779682 0.9738988580750407 0.05385556915544676 0.01957585644371941
1 0.8714810281517748 0.42414355628058725 0.06364749082007344 0.04567699836867863
1 0.8494492044063647 0.8646003262642741 0.06119951040391677 0.07830342577487764
