1 0.7691176470588236 0.9568627450980393 0.04411764705882353 0.08627450980392157
1 0.5088235294117647 0.5196078431372549 0.03529411764705882 0.08627450980392157
1 0.9544117647058824 0.056862745098039215 0.05 0.08235294117647059
1 0.8264705882352941 0.9196078431372549 0.03823529411764706 0.08627450980392157
1 0.8955882352941177 0.6901960784313725 0.041176470588235294 0.08627450980392157
1 0.8455882352941176 0.703921568627451 0.04411764705882353 0.054901960784313725
1 0.5823529411764706 0.9666666666666667 0.06764705882352941 0.047058823529411764
1 0.8838235294117647 0.6274509803921569 0.041176470588235294 0.050980392156862744
1 0.6985294117647058 0.07647058823529412 0.061764705882352944 0.027450980392156862
1 0.5235294117647059 0.7901960784313725 0.05588235294117647 0.09411764705882353
1 0.7838235294117647 0.7784313725490196 0.03529411764705882 0.047058823529411764
1 0.8573529411764705 0.7901960784313725 0.04411764705882353 0.09019607843137255
1 0.4838235294117647 0.8823529411764706 0.05 0.0392156862745098
