1 0.6513761467889908 0.2692828146143437 0.053007135575942915 0.06765899864682003
1 0.8481141692150866 0.2368064952638701 0.09378185524974515 0.07848443843031123
1 0.6890927624872579 0.8308525033829499 0.07543323139653414 0.09201623815967523
1 0.43017329255861364 0.6684709066305818 0.05504587155963303 0.05142083897158322
1 0.6992864424057085 0.38024357239512857 0.04281345565749235 0.06765899864682003
1 0.6636085626911316 0.46008119079837617 0.04892966360856269 0.08119079837618404
1 0.9215086646279307 0.8660351826792964 0.06116207951070336 0.09472259810554803
1 0.7584097859327217 0.4546684709066306 0.06116207951070336 0.07577807848443843
1 0.5178389398572885 0.5155615696887687 0.05504587155963303 0.06765899864681987
1 0.9877675840978594 0.6941813261163735 0.04892966360856269 0.07577807848443843
1 0.9602446483180428 0.7943166441136671 0.05504587155963303 0.07577807848443843
1 0.5249745158002038 0.9945872801082544 0.0672782874617737 0.06224627875507442
