1 0.24594926775742043 0.6499743313812704 0.10771113831089352 0.10440456769983687
1 0.6792418014171512 0.462372373795626 0.07099143206854346 0.048939641109298535
1 0.7379933314049113 0.6222418680860012 0.017135862913096694 0.11419249592169657
1 0.4601475541711291 0.7918992905982362 0.04895960832313342 0.09787928221859707
1 0.7269774195322063 0.8506268599293944 0.022031823745410038 0.10766721044045677
1 0.4234278479287791 0.9843952122948103 0.022031823745410038 0.06199021207177814
1 0.8248966361784731 0.17362849125076468 0.04895960832313342 0.03262642740619902
1 0.6278342126778611 0.37428101979888867 0.046511627906976744 0.06199021207177814
1 0.7416653020291463 0.4721603020174857 0.017135862913096694 0.08156606851549755
1 0.6633299287121328 0.17525981262107462 0.044063647490820076 0.03915171288743882
1 0.6425220951748011 0.08064317314309748 0.06119951040391677 0.04241435562805873
1 0.9166959017843482 0.2551945597662622 0.044063647490820076 0.07504078303425785
1 0.773489047439183 0.2812957016912215 0.044063647490820076 0.08809135399673726
1 0.6364021441344094 0.8147377897825755 0.03427172582619339 0.08482871125611746
1 0.751457223693773 0.22746209647099308 0.05385556915544676 0.03588907014681892
