1 0.6829765545361876 0.7645466847090663 0.0652395514780836 0.09201623815967523
1 0.6534148827726809 0.39242219215155616 0.04892966360856269 0.07577807848443843
1 0.9673802242609582 0.7077131258457375 0.0856269113149847 0.10013531799729364
1 0.3598369011213048 0.945872801082544 0.0509683995922528 0.056833558863328824
1 0.6289500509683996 0.18538565629228687 0.05504587155963303 0.06495263870094722
1 0.8430173292558614 0.14343707713125844 0.0509683995922528 0.06495263870094727
1 0.3119266055045872 0.8958051420838972 0.046890927624872576 0.056833558863328824
1 0.9887869520897044 0.6102841677943166 0.059123343527013254 0.07848443843031108
1 0.5198776758409785 0.9553450608930988 0.09582059123343516 0.11366711772665765
1 0.5025484199796126 0.4438430311231394 0.0509683995922528 0.08119079837618404
1 0.436289500509684 0.7293640054127198 0.06320081549439348 0.08930987821380243
1 0.6890927624872579 0.30987821380243574 0.04892966360856269 0.07307171853856563
1 0.7502548419979612 0.36535859269282817 0.05708460754332314 0.07577807848443843
1 0.41182466870540263 0.6048714479025711 0.06116207951070336 0.08930987821380243
1 0.5779816513761468 0.5372124492557511 0.0509683995922528 0.08660351826792947
1 0.9215086646279307 0.7889039242219216 0.07339449541284404 0.10554803788903924
