1 0.8720588235294118 0.5980392156862745 0.03235294117647059 0.054901960784313725
1 0.125 0.8215686274509804 0.1264705882352941 0.09411764705882353
1 0.8147058823529412 0.8411764705882353 0.061764705882352944 0.10196078431372549
1 0.8926470588235295 0.38235294117647056 0.041176470588235294 0.050980392156862744
1 0.7426470588235294 0.3392156862745098 0.052941176470588235 0.050980392156862744
1 0.8088235294117647 0.4411764705882353 0.03529411764705882 0.054901960784313725
1 0.4823529411764706 0.9549019607843138 0.06764705882352941 0.0784313725490196
1 0.5779411764705882 0.4176470588235294 0.06176470588235311 0.06274509803921569
1 0.9191176470588235 0.6078431372549019 0.052941176470588235 0.047058823529411764
1 0.4852941176470588 0.6450980392156863 0.05588235294117647 0.08627450980392157
1 0.861764705882353 0.4196078431372549 0.04411764705882353 0.054901960784313725
1 0.3426470588235294 0.041176470588235294 0.061764705882352944 0.058823529411764705
1 0.9411764705882353 0.06470588235294118 0.03529411764705882 0.0392156862745098
1 0.23529411764705882 0.24705882352941178 0.07058823529411765 0.06274509803921569
1 0.8970588235294118 0.047058823529411764 0.041176470588235294 0.054901960784313725
1 0.7441176470588236 0.01568627450980392 0.03529411764705882 0.054901960784313725
1 0.8985294117647059 0.9921568627450981 0.061764705882352944 0.03529411764705882
1 0.9382352941176471 0.6803921568627451 0.04411764705882353 0.08627450980392157
1 0.7926470588235294 0.27450980392156865 0.05 0.054901960784313725
1 0.9411764705882353 0.9294117647058824 0.10294117647058823 0.08235294117647059
1 0.6397058823529411 0.9215686274509803 0.06764705882352957 0.07058823529411765
1 0.3382352941176471 0.2647058823529412 0.05588235294117647 0.050980392156862744
1 0.9176470588235294 0.08823529411764706 0.052941176470588235 0.03137254901960784
1 0.6470588235294118 0.37058823529411766 0.041176470588235294 0.058823529411764705
1 0.6794117647058824 0.19607843137254902 0.03235294117647059 0.07058823529411765
1 0.225 0.0196078431372549 0.05588235294117647 0.027450980392156862
1 0.6926470588235294 0.2647058823529412 0.026470588235294117 0.050980392156862744
1 0.9308823529411765 0.2627450980392157 0.05 0.050980392156862744
