0 0.4173669467787115 0.7126865671641791 0.0392156862745098 0.05223880597014925
0 0.5138159625190729 0.3340402969247084 0.04136833731105807 0.061505832449628844
0 0.6988795518207283 0.5578358208955224 0.03921568627450996 0.05223880597014925
0 0.5490196078431373 0.34888059701492535 0.06722689075630237 0.08582089552238806
0 0.6848739495798319 0.6436567164179104 0.047619047619047616 0.048507462686567165
0 0.7563025210084033 0.5876865671641791 0.036414565826330535 0.05223880597014925
0 0.6974789915966386 0.6044776119402985 0.036414565826330535 0.055970149253731345
0 0.6442577030812325 0.9757462686567164 0.05042016806722673 0.07462686567164178
0 0.6526610644257703 0.35634328358208955 0.047619047619047616 0.04477611940298507
0 0.23109243697478993 0.16044776119402984 0.058823529411764705 0.08582089552238806
0 0.7254901960784313 0.5373134328358209 0.03361344537815126 0.048507462686567165
