1 0.944954128440367 0.4925575101488498 0.04892966360856269 0.07036535859269283
1 0.9041794087665648 0.38024357239512857 0.04892966360856269 0.07307171853856563
1 0.8674821610601428 0.3085250338294993 0.053007135575942915 0.07307171853856563
1 0.800203873598369 0.04059539918809202 0.0509683995922528 0.07307171853856563
1 0.8267074413863404 0.14614343707713126 0.04281345565749235 0.07036535859269283
1 0.6615698267074414 0.10148849797023005 0.04892966360856269 0.06765899864682003
1 0.2599388379204893 0.6630581867388363 0.12028542303771655 0.15967523680649542
1 0.08053007135575943 0.8917456021650879 0.1529051987767584 0.2435723951285521
1 0.7176350662589195 0.10419485791610285 0.06931702344546381 0.08660351826792964
1 0.21712538226299694 0.543978349120433 0.11824668705402651 0.1569688768606223
