1 0.5150684931506849 0.7503030303030302 0.08401826484018265 0.09454545454545454
1 0.4328767123287671 0.5236363636363637 0.05114155251141553 0.07030303030303016
1 0.3497716894977169 0.7818181818181819 0.05662100456621005 0.08
1 0.502283105022831 0.20242424242424242 0.06940639269406393 0.09212121212121212
1 0.7050228310502283 0.5357575757575758 0.08767123287671233 0.08484848484848485
1 0.7095890410958904 0.10181818181818182 0.052968036529680365 0.07272727272727272
1 0.4018264840182648 0.6727272727272727 0.04200913242009133 0.08
1 0.40730593607305937 0.3793939393939394 0.062100456621004566 0.09212121212121212
1 0.672782874617737 0.1880920162381597 0.046890927624872576 0.09472259810554803
1 0.16712328767123288 0.9115151515151515 0.05114155251141553 0.08484848484848485
1 0.9835616438356164 0.553939393939394 0.08767123287671233 0.11636363636363636
1 0.445662100456621 0.9078787878787878 0.08401826484018265 0.11636363636363636
1 0.7863013698630137 0.11878787878787879 0.05662100456621005 0.07757575757575758
1 0.3004566210045662 0.7054545454545454 0.06027397260273973 0.0703030303030303
