1 0.5662100456621004 0.6666666666666666 0.052968036529680365 0.06787878787878789
1 0.5242009132420091 0.6060606060606061 0.05114155251141553 0.06303030303030303
1 0.382648401826484 0.46060606060606063 0.07488584474885844 0.07272727272727272
1 0.3187214611872146 0.5078787878787879 0.05114155251141553 0.0533333333333332
1 0.6493150684931507 0.7951515151515152 0.06027397260273973 0.07757575757575758
1 0.24292237442922374 0.24 0.06575342465753424 0.06545454545454546
1 0.3150684931506849 0.10181818181818182 0.0547945205479452 0.06787878787878789
1 0.39360730593607307 0.36363636363636365 0.07853881278538813 0.0703030303030303
1 0.7972602739726027 0.3793939393939394 0.06575342465753445 0.0703030303030303
1 0.6648401826484018 0.40969696969696967 0.07671232876712329 0.06787878787878789
1 0.1415525114155251 0.16 0.05662100456621005 0.06545454545454546
