1 0.8145454545454546 0.9563636363636364 0.034545454545454546 0.055757575757575756
1 0.2781818181818182 0.6181818181818182 0.0890909090909091 0.09212121212121212
1 0.6836363636363636 0.5078787878787879 0.04181818181818182 0.1163636363636365
1 0.16 0.6157575757575757 0.09090909090909091 0.08
1 0.11727272727272728 0.30303030303030304 0.1 0.10181818181818182
1 0.30363636363636365 0.5454545454545454 0.05454545454545454 0.0945454545454544
1 0.5663636363636364 0.46424242424242423 0.0890909090909091 0.09212121212121212
1 0.08181818181818182 0.5951515151515151 0.08727272727272728 0.08242424242424229
1 0.6063636363636363 0.9890909090909091 0.06909090909090909 0.041212121212121214
1 0.8681818181818182 0.9806060606060606 0.05090909090909091 0.0703030303030303
1 0.9236363636363636 0.9660606060606061 0.06545454545454546 0.048484848484848485
