1 0.2867307006485816 0.5462304409672831 0.04909284951974386 0.06543385490753928
1 0.33048737087270114 0.4011379800853485 0.044823906083244394 0.06258890469416785
1 0.3347563143092006 0.8250355618776671 0.04695837780149413 0.06543385490753911
1 0.5087157593465539 0.4566145092460882 0.04268943436499454 0.05405405405405406
1 0.20455353949596686 0.8961593172119487 0.051227321237993596 0.06543385490753911
1 0.8897189610541312 0.5561877667140825 0.02774813233724653 0.04267425320056899
1 0.9601565277563724 0.4779516358463727 0.0576307363927428 0.05689900426742532
1 0.31234436126757836 0.6273115220483642 0.04055496264674493 0.03698435277382646
1 0.48523657044580676 0.5135135135135135 0.04055496264674493 0.05405405405405406
1 0.8256848095066393 0.9445234708392604 0.03628601921024546 0.04836415362731152
1 0.2771255779164578 0.1379800853485064 0.03415154749199573 0.04267425320056899
1 0.7605834221000224 0.9786628733997155 0.061899679829242264 0.04551920341394026
1 0.34542867290044926 0.7638691322901849 0.042689434364994665 0.051209103840682786
1 0.34542867290044926 0.47083926031294454 0.042689434364994665 0.05405405405405406
1 0.9025257913636296 0.6443812233285917 0.05549626467449306 0.09957325746799431
1 0.2611170400295848 0.8620199146514936 0.05549626467449306 0.06543385490753911
1 0.21949484152371498 0.12944523470839261 0.04695837780149413 0.05405405405405409
1 0.25471362487483556 0.03698435277382646 0.04055496264674499 0.051209103840682786
1 0.13838491623022514 0.1379800853485064 0.051227321237993596 0.06543385490753911
1 0.9089292065183788 0.5320056899004267 0.0384204909284952 0.04551920341394026
1 0.603699750808667 0.2958748221906117 0.03415154749199573 0.034139402560455195
1 0.2963358233807054 0.07539118065433854 0.051227321237993596 0.059743954480796606
1 0.1426538596667246 0.7396870554765291 0.061899679829242264 0.07396870554765292
1 0.6271789397094141 0.6827880512091038 0.0576307363927428 0.0625889046941677
1 0.6666666664970341 0.267425320056899 0.03628601921024546 0.04836415362731152
1 0.33155460673182596 0.9416785206258891 0.029882604055496264 0.051209103840682786
1 0.379580220392445 0.3328591749644381 0.042689434364994665 0.06258890469416785
1 0.4329420133486883 0.8079658605974396 0.05336179295624333 0.07112375533428165
1 0.12557808592072672 0.5064011379800853 0.05976520811099253 0.08819345661450925
1 0.7467093559313991 0.6941678520625889 0.05336179295624333 0.07112375533428165
1 0.23336890769233826 0.4665718349928876 0.044823906083244394 0.06258890469416785
1 0.5503379578524237 0.6799431009957326 0.05336179295624333 0.07112375533428181
1 0.3763785128150704 0.9829302987197724 0.0384204909284952 0.03698435277382646
1 0.251511917297461 0.29160739687055476 0.05336179295624339 0.07112375533428165
1 0.3731768052376958 0.17069701280227595 0.04055496264674493 0.051209103840682745
1 0.04446816062723687 0.13655761024182078 0.07043756670224119 0.08534850640113802
1 0.9815012449388697 0.4182076813655761 0.051227321237993596 0.07396870554765292
1 0.723230167030652 0.46088193456614507 0.042689434364994665 0.03698435277382646
1 0.947349697446874 0.9075391180654339 0.05549626467449306 0.06827880512091039
1 0.054073283359360666 0.6173541963015647 0.064034151547492 0.07396870554765292
1 0.37104233351944604 0.04267425320056899 0.042689434364994665 0.045519203413940244
1 0.8790466024628826 0.7339971550497866 0.025613660618996798 0.06258890469416785
1 0.1042333687382294 0.36984352773826457 0.05549626467449306 0.06258890469416785
1 0.38811810726544393 0.47083926031294454 0.051227321237993596 0.06543385490753911
1 0.3390252577457 0.04551920341394026 0.032017075773746 0.04551920341394026
1 0.7178939877350277 0.06116642958748222 0.032017075773746 0.03698435277382646
1 0.36463891836469686 0.7183499288762447 0.0384204909284952 0.04836415362731168
