1 0.217351598173516 0.3624242424242424 0.0639269406392694 0.05818181818181818
1 0.30319634703196346 0.5127272727272727 0.06575342465753424 0.09454545454545454
1 0.3607305936073059 0.22787878787878788 0.052968036529680365 0.06060606060606061
1 0.32054794520547947 0.2678787878787879 0.08036529680365297 0.06545454545454546
1 0.291324200913242 0.4218181818181818 0.058447488584474884 0.08242424242424243
1 0.37990867579908677 0.1393939393939394 0.05114155251141553 0.06787878787878791
1 0.30684931506849317 0.6509090909090909 0.07123287671232877 0.08242424242424243
1 0.33515981735159817 0.7587878787878788 0.07853881278538813 0.08
1 0.11689497716894977 0.30787878787878786 0.0547945205479452 0.055757575757575756
1 0.2922374429223744 0.5575757575757576 0.062100456621004566 0.08484848484848499
