1 0.8127272727272727 0.6315151515151515 0.05090909090909091 0.048484848484848485
1 0.48818181818181816 0.38303030303030305 0.05272727272727273 0.08
1 0.019090909090909092 0.9636363636363636 0.06727272727272728 0.10424242424242425
1 0.6045454545454545 0.8327272727272728 0.04909090909090909 0.08969696969696969
1 0.5272727272727272 0.6448484848484849 0.038181818181818185 0.05333333333333334
1 0.9072727272727272 0.8618181818181818 0.045454545454545456 0.05333333333333334
1 0.3690909090909091 0.31757575757575757 0.06545454545454546 0.0703030303030303
1 0.45 0.5490909090909091 0.04727272727272727 0.05333333333333334
1 0.7518181818181818 0.509090909090909 0.045454545454545456 0.09212121212121198
1 0.5518181818181818 0.686060606060606 0.045454545454545664 0.06545454545454546
1 0.4254545454545455 0.49818181818181817 0.034545454545454546 0.055757575757575756
1 0.4481818181818182 0.4678787878787879 0.04 0.06787878787878789
1 0.39181818181818184 0.2787878787878788 0.09454545454545454 0.06545454545454539
1 0.23545454545454544 0.9018181818181819 0.12 0.12848484848484848
1 0.06181818181818182 0.9406060606060606 0.05818181818181818 0.09454545454545454
1 0.4827272727272727 0.5878787878787879 0.05090909090909091 0.07272727272727272
1 0.4690909090909091 0.4254545454545455 0.04363636363636364 0.05818181818181818
