0 0.9761904761904762 0.46455223880597013 0.04481792717086835 0.06343283582089553
0 0.49859943977591037 0.0708955223880597 0.04481792717086835 0.07835820895522388
0 0.6722689075630253 0.8395522388059702 0.04201680672268892 0.06343283582089553
0 0.42857142857142855 0.5055970149253731 0.05322128851540616 0.07835820895522388
0 0.37815126050420167 0.5149253731343284 0.05042016806722689 0.05970149253731343
0 0.2703081232492997 0.4925373134328358 0.047619047619047616 0.06716417910447761
0 0.2773109243697479 0.5541044776119403 0.04201680672268908 0.055970149253731345
0 0.32492997198879553 0.7164179104477612 0.06442577030812324 0.0708955223880597
0 0.38935574229691877 0.022388059701492536 0.06162464985994398 0.06716417910447761
0 0.7184873949579832 0.7817164179104478 0.05042016806722689 0.048507462686567165
0 0.8095238095238095 0.6902985074626866 0.05322128851540616 0.06716417910447761
0 0.623249299719888 0.9123134328358209 0.04481792717086835 0.055970149253731345
0 0.3403361344537815 0.11940298507462686 0.04481792717086835 0.055970149253731345
