1 0.58 0.08242424242424243 0.10363636363636364 0.07515151515151515
1 0.6381818181818182 0.037575757575757575 0.05454545454545454 0.05818181818181818
1 0.77 0.7672727272727272 0.06545454545454546 0.0993939393939394
1 0.3236363636363636 0.7781818181818182 0.06545454545454546 0.08969696969696969
1 0.7218181818181818 0.06060606060606061 0.04363636363636364 0.06545454545454546
1 0.8972727272727272 0.1503030303030303 0.08 0.06787878787878789
1 0.2081818181818182 0.6727272727272727 0.05818181818181818 0.05818181818181818
1 0.9845454545454545 0.1393939393939394 0.07090909090909091 0.06787878787878784
1 0.2990909090909091 0.8460606060606061 0.04727272727272727 0.10666666666666667
1 0.34454545454545454 0.2824242424242424 0.09454545454545454 0.09454545454545454
