1 0.49117647058823527 0.39215686274509803 0.05 0.043137254901960784
1 0.8102941176470588 0.4411764705882353 0.058823529411764705 0.08235294117647059
1 0.6838235294117647 0.2411764705882353 0.061764705882352944 0.058823529411764705
1 0.5294117647058824 0.6588235294117647 0.03823529411764706 0.054901960784313725
1 0.7911764705882353 0.7568627450980392 0.052941176470588235 0.047058823529411764
1 0.3397058823529412 0.6941176470588235 0.05588235294117647 0.03137254901960784
1 0.2647058823529412 0.6686274509803921 0.058823529411764705 0.027450980392156862
1 0.7970588235294118 0.5882352941176471 0.061764705882352944 0.047058823529411764
1 0.6735294117647059 0.3431372549019608 0.03529411764705899 0.08235294117647059
1 0.6529411764705882 0.8901960784313725 0.04411764705882353 0.06274509803921569
1 0.5191176470588236 0.9058823529411765 0.03235294117647042 0.08627450980392157
1 0.6470588235294118 0.7392156862745098 0.06470588235294118 0.08627450980392157
1 0.4661764705882353 0.6725490196078432 0.05 0.03137254901960784
1 0.7014705882352941 0.692156862745098 0.07352941176470605 0.054901960784313725
1 0.8397058823529412 0.9058823529411765 0.09411764705882353 0.08627450980392157
1 0.10441176470588236 0.8117647058823529 0.07352941176470588 0.07450980392156863
1 0.7573529411764706 0.21176470588235294 0.03823529411764706 0.09019607843137255
1 0.18529411764705883 0.9117647058823529 0.07058823529411765 0.07058823529411765
1 0.7808823529411765 0.37058823529411766 0.06764705882352941 0.07450980392156863
1 0.8705882352941177 0.44901960784313727 0.05588235294117647 0.047058823529411764
1 0.5794117647058824 0.20784313725490197 0.06764705882352957 0.0784313725490196
1 0.3323529411764706 0.8254901960784313 0.05588235294117647 0.03529411764705882
1 0.7985294117647059 0.5274509803921569 0.06764705882352941 0.043137254901960784
1 0.4088235294117647 0.7196078431372549 0.05588235294117647 0.058823529411764705
1 0.9397058823529412 0.5352941176470588 0.041176470588235294 0.050980392156862744
