1 0.11911764705882352 0.8666666666666667 0.052941176470588235 0.08235294117647059
1 0.8602941176470589 0.5803921568627451 0.03529411764705882 0.050980392156862744
1 0.5544117647058824 0.26666666666666666 0.047058823529411764 0.058823529411764705
1 0.8205882352941176 0.3784313725490196 0.04411764705882353 0.07058823529411765
1 0.6073529411764705 0.3843137254901961 0.0529411764705884 0.058823529411764705
1 0.5735294117647058 0.44509803921568625 0.03235294117647059 0.07450980392156863
1 0.7382352941176471 0.5333333333333333 0.05 0.08235294117647059
1 0.7382352941176471 0.11568627450980393 0.03235294117647059 0.054901960784313725
1 0.6558823529411765 0.4627450980392157 0.052941176470588235 0.07058823529411765
1 0.09117647058823529 0.26666666666666666 0.05588235294117647 0.0392156862745098
1 0.4514705882352941 0.1 0.03823529411764706 0.07058823529411765
1 0.8794117647058823 0.9509803921568627 0.05 0.050980392156862744
1 0.27941176470588236 0.2372549019607843 0.06470588235294118 0.06666666666666667
1 0.4573529411764706 0.01764705882352941 0.06470588235294118 0.054901960784313725
1 0.6338235294117647 0.8098039215686275 0.03823529411764706 0.06666666666666667
1 0.21764705882352942 0.7333333333333333 0.047058823529411764 0.043137254901960784
1 0.36617647058823527 0.14705882352941177 0.05882352941176462 0.0392156862745098
1 0.3426470588235294 0.06470588235294118 0.041176470588235294 0.0392156862745098
1 0.07352941176470588 0.5529411764705883 0.04411764705882353 0.047058823529411764
1 0.6808823529411765 0.9196078431372549 0.06764705882352941 0.08235294117647059
1 0.2514705882352941 0.3137254901960784 0.07941176470588235 0.09019607843137255
1 0.17941176470588235 0.6627450980392157 0.03529411764705882 0.054901960784313725
1 0.4235294117647059 0.8117647058823529 0.058823529411764705 0.054901960784313725
1 0.25 0.17058823529411765 0.05 0.050980392156862744
1 0.7764705882352941 0.0784313725490196 0.023529411764705882 0.06274509803921569
1 0.47205882352941175 0.5137254901960784 0.058823529411764705 0.07058823529411765
