1 0.2514705882352941 0.4235294117647059 0.04411764705882353 0.07058823529411765
1 0.8161764705882353 0.1392156862745098 0.03529411764705882 0.058823529411764705
1 0.022058823529411766 0.3411764705882353 0.05 0.0784313725490196
1 0.23823529411764705 0.5196078431372549 0.047058823529411764 0.08627450980392157
1 0.7573529411764706 0.615686274509804 0.04411764705882353 0.043137254901960784
1 0.5220588235294118 0.3803921568627451 0.05588235294117647 0.054901960784313725
1 0.8279411764705882 0.3196078431372549 0.041176470588235294 0.054901960784313725
1 0.8647058823529412 0.14313725490196078 0.041176470588235294 0.047058823529411764
1 0.49558823529411766 0.9980392156862745 0.047058823529411764 0.027450980392156862
1 0.3352941176470588 0.9058823529411765 0.0264705882352942 0.06666666666666667
1 0.6676470588235294 0.3058823529411765 0.041176470588235294 0.06274509803921569
1 0.37058823529411766 0.5823529411764706 0.03823529411764706 0.07450980392156863
1 0.40147058823529413 0.8686274509803922 0.05 0.050980392156862744
1 0.5220588235294118 0.4470588235294118 0.052941176470588235 0.054901960784313725
1 0.08823529411764706 0.4235294117647059 0.09117647058823528 0.050980392156862744
