1 0.2426470588235294 0.6058823529411764 0.07352941176470588 0.06666666666666667
1 0.5117647058823529 0.7196078431372549 0.05588235294117647 0.054901960784313725
1 0.3764705882352941 0.592156862745098 0.047058823529411764 0.0392156862745098
1 0.5294117647058824 0.6254901960784314 0.05588235294117647 0.043137254901960784
1 0.36470588235294116 0.7784313725490196 0.029411764705882353 0.06274509803921569
1 0.7691176470588236 0.0803921568627451 0.07647058823529412 0.07058823529411765
1 0.35 0.8490196078431372 0.035294117647058906 0.06666666666666667
1 0.5794117647058824 0.7411764705882353 0.04117647058823513 0.03529411764705882
1 0.40588235294117647 0.6490196078431373 0.05 0.043137254901960784
1 0.4323529411764706 0.4470588235294118 0.061764705882352944 0.054901960784313725
1 0.6367647058823529 0.9019607843137255 0.041176470588235294 0.06274509803921569
1 0.6338235294117647 0.8509803921568627 0.05 0.06666666666666667
