1 0.6852941176470588 0.6980392156862745 0.061764705882352944 0.043137254901960784
1 0.8 0.8509803921568627 0.06470588235294118 0.0784313725490196
1 0.913235294117647 0.0196078431372549 0.08529411764705883 0.0784313725490196
1 0.275 0.6862745098039216 0.14411764705882343 0.12549019607843137
1 0.5367647058823529 0.396078431372549 0.06764705882352941 0.058823529411764705
1 0.6882352941176471 0.4 0.11176470588235295 0.1450980392156863
1 0.5705882352941176 0.9117647058823529 0.03823529411764706 0.08235294117647059
1 0.6764705882352942 0.8784313725490196 0.07647058823529412 0.07450980392156863
1 0.058823529411764705 0.5568627450980392 0.16176470588235295 0.14901960784313725
1 0.8161764705882353 0.6705882352941176 0.047058823529411764 0.07058823529411765
