1 0.10882352941176471 0.8960784313725491 0.09411764705882353 0.08235294117647059
1 0.11176470588235295 0.47058823529411764 0.11176470588235295 0.09411764705882353
1 0.12352941176470589 0.25098039215686274 0.07941176470588235 0.10588235294117647
1 0.7014705882352941 0.6058823529411764 0.05588235294117664 0.07058823529411765
1 0.5897058823529412 0.8607843137254902 0.05588235294117647 0.047058823529411764
1 0.4647058823529412 0.5901960784313726 0.06764705882352941 0.047058823529411764
1 0.5779411764705882 0.3588235294117647 0.09705882352941193 0.07058823529411765
1 0.8529411764705882 0.6450980392156863 0.05 0.08235294117647059
1 0.5823529411764706 0.8176470588235294 0.058823529411764705 0.050980392156862744
1 0.3352941176470588 0.3431372549019608 0.07352941176470597 0.0784313725490196
1 0.2338235294117647 0.041176470588235294 0.06470588235294118 0.03529411764705882
1 0.38676470588235295 0.2823529411764706 0.07941176470588235 0.0784313725490196
1 0.3161764705882353 0.5313725490196078 0.09411764705882353 0.11372549019607843
1 0.8073529411764706 0.4235294117647059 0.052941176470588235 0.043137254901960784
1 0.25588235294117645 0.19019607843137254 0.05 0.043137254901960784
1 0.8926470588235295 0.3980392156862745 0.05 0.043137254901960784
1 0.3897058823529412 0.15490196078431373 0.04411764705882353 0.06666666666666667
1 0.8602941176470589 0.13529411764705881 0.026470588235294117 0.06666666666666667
1 0.42205882352941176 0.0196078431372549 0.047058823529411764 0.06274509803921569
1 0.9294117647058824 0.18627450980392157 0.05 0.07058823529411765
1 0.7602941176470588 0.7941176470588235 0.07352941176470588 0.08627450980392157
