1 0.6352941176470588 0.20588235294117646 0.05 0.0392156862745098
1 0.3588235294117647 0.8568627450980392 0.03823529411764706 0.043137254901960784
1 0.5970588235294118 0.42745098039215684 0.03529411764705882 0.058823529411764705
1 0.6897058823529412 0.08627450980392157 0.03235294117647059 0.050980392156862744
1 0.9 0.9294117647058824 0.029411764705882353 0.058823529411764705
1 0.5058823529411764 0.7980392156862746 0.03823529411764706 0.043137254901960784
1 0.6470588235294118 0.2980392156862745 0.029411764705882353 0.058823529411764705
1 0.975 0.8784313725490196 0.047058823529411764 0.06274509803921569
1 0.9882352941176471 0.047058823529411764 0.03823529411764706 0.054901960784313725
1 0.8426470588235294 0.24313725490196078 0.03235294117647059 0.047058823529411764
1 0.5529411764705883 0.807843137254902 0.041176470588235294 0.047058823529411764
1 0.18382352941176472 0.9745098039215686 0.0382352941176471 0.047058823529411764
1 0.12794117647058822 0.03137254901960784 0.047058823529411764 0.058823529411764705
1 0.9014705882352941 0.14705882352941177 0.03529411764705882 0.054901960784313725
1 0.8382352941176471 0.45098039215686275 0.05 0.050980392156862744
1 0.9852941176470589 0.43137254901960786 0.061764705882352944 0.050980392156862744
1 0.9338235294117647 0.4725490196078431 0.03235294117647059 0.06666666666666667
1 0.725 0.049019607843137254 0.03823529411764706 0.0392156862745098
1 0.5323529411764706 0.4764705882352941 0.05 0.06274509803921569
1 0.8779411764705882 0.7725490196078432 0.05 0.043137254901960784
1 0.10735294117647058 0.6058823529411764 0.05 0.06274509803921569
1 0.6367647058823529 0.13529411764705881 0.05 0.06274509803921569
1 0.033823529411764704 0.6294117647058823 0.047058823529411764 0.07450980392156863
1 0.7132352941176471 0.3058823529411765 0.047058823529411764 0.058823529411764705
1 0.2911764705882353 0.8254901960784313 0.047058823529411764 0.0392156862745098
