1 0.10588235294117647 0.36666666666666664 0.05 0.03529411764705882
1 0.575 0.7411764705882353 0.07058823529411781 0.09803921568627451
1 0.09117647058823529 0.6823529411764706 0.05 0.09411764705882353
1 0.4970588235294118 0.7313725490196078 0.047058823529411764 0.06666666666666667
1 0.03235294117647059 0.31176470588235294 0.04705882352941178 0.03137254901960784
1 0.4470588235294118 0.7431372549019608 0.05588235294117647 0.07450980392156863
1 0.11470588235294117 0.8176470588235294 0.08235294117647059 0.09803921568627451
1 0.7897058823529411 0.9862745098039216 0.052941176470588235 0.043137254901960784
1 0.8397058823529412 0.3764705882352941 0.06470588235294118 0.07058823529411765
1 0.19558823529411765 0.9176470588235294 0.04411764705882353 0.08627450980392157
1 0.7823529411764706 0.8470588235294118 0.08235294117647059 0.09019607843137255
1 0.3514705882352941 0.19607843137254902 0.08823529411764715 0.08235294117647059
1 0.675 0.7686274509803922 0.09117647058823546 0.06274509803921569
1 0.22647058823529412 0.3411764705882353 0.05588235294117647 0.0784313725490196
1 0.49264705882352944 0.1411764705882353 0.061764705882352944 0.09019607843137255
1 0.058823529411764705 0.013725490196078431 0.07058823529411765 0.050980392156862744
1 0.5294117647058824 0.5529411764705883 0.041176470588235294 0.058823529411764705
1 0.913235294117647 0.23529411764705882 0.052941176470588235 0.0784313725490196
1 0.5073529411764706 0.37058823529411766 0.06470588235294118 0.07058823529411765
1 0.045588235294117645 0.5843137254901961 0.047058823529411764 0.09019607843137255
1 0.01911764705882353 0.7725490196078432 0.047058823529411764 0.0784313725490196
1 0.11029411764705882 0.5117647058823529 0.03235294117647059 0.07450980392156863
1 0.3573529411764706 0.9274509803921569 0.05 0.0784313725490196
1 0.3397058823529412 0.8156862745098039 0.06470588235294118 0.07058823529411765
1 0.18970588235294117 0.060784313725490195 0.08235294117647059 0.10588235294117647
1 0.42058823529411765 0.3352941176470588 0.061764705882352944 0.09411764705882353
