1 0.8911764705882353 0.38823529411764707 0.03529411764705882 0.047058823529411764
1 0.5514705882352942 0.049019607843137254 0.029411764705882353 0.050980392156862744
1 0.7867647058823529 0.4666666666666667 0.05588235294117647 0.07450980392156863
1 0.711764705882353 0.13137254901960785 0.058823529411764705 0.0392156862745098
1 0.9441176470588235 0.37058823529411766 0.029411764705882353 0.06274509803921569
1 0.5102941176470588 0.3352941176470588 0.052941176470588235 0.03137254901960784
1 0.6647058823529411 0.8333333333333334 0.05 0.058823529411764705
1 0.5823529411764706 0.8235294117647058 0.058823529411764705 0.07058823529411765
1 0.3720588235294118 0.9725490196078431 0.05588235294117647 0.08235294117647059
1 0.8691176470588236 0.6333333333333333 0.07058823529411765 0.0784313725490196
1 0.6220588235294118 0.01568627450980392 0.041176470588235294 0.043137254901960784
1 0.5897058823529412 0.056862745098039215 0.03529411764705882 0.047058823529411764
1 0.7720588235294118 0.056862745098039215 0.03823529411764706 0.047058823529411764
1 0.95 0.5470588235294118 0.06470588235294118 0.047058823529411764
1 0.7044117647058824 0.4215686274509804 0.0470588235294116 0.058823529411764705
1 0.6220588235294118 0.28823529411764703 0.03235294117647059 0.050980392156862744
1 0.7294117647058823 0.08627450980392157 0.03235294117647059 0.050980392156862744
1 0.5044117647058823 0.8647058823529412 0.061764705882352944 0.08627450980392157
1 0.8441176470588235 0.1980392156862745 0.029411764705882353 0.043137254901960784
1 0.014705882352941176 0.9607843137254902 0.058823529411764705 0.09411764705882353
1 0.26323529411764707 0.996078431372549 0.061764705882352944 0.023529411764705882
