1 0.6735294117647059 0.6568627450980392 0.05588235294117631 0.07058823529411765
1 0.7455882352941177 0.1843137254901961 0.05 0.050980392156862744
1 0.17352941176470588 0.888235294117647 0.05 0.054901960784313725
1 0.20441176470588235 0.6098039215686275 0.061764705882352944 0.054901960784313725
1 0.061764705882352944 0.42745098039215684 0.06764705882352941 0.06666666666666667
1 0.5044117647058823 0.18627450980392157 0.05 0.0392156862745098
1 0.38676470588235295 0.5607843137254902 0.05588235294117647 0.047058823529411764
1 0.7426470588235294 0.32745098039215687 0.041176470588235294 0.043137254901960784
1 0.8279411764705882 0.09607843137254903 0.047058823529411764 0.0392156862745098
1 0.9235294117647059 0.0196078431372549 0.08529411764705883 0.050980392156862744
1 0.3720588235294118 0.6882352941176471 0.061764705882352944 0.054901960784313725
1 0.6279411764705882 0.22156862745098038 0.026470588235294117 0.06274509803921569
1 0.3941176470588235 0.28823529411764703 0.047058823529411764 0.07058823529411765
1 0.2838235294117647 0.592156862745098 0.05588235294117647 0.06666666666666667
1 0.7323529411764705 0.503921568627451 0.05588235294117664 0.058823529411764705
1 0.275 0.707843137254902 0.044117647058823616 0.06274509803921569
1 0.49117647058823527 0.6882352941176471 0.06764705882352941 0.054901960784313725
1 0.47205882352941175 0.7941176470588235 0.04411764705882353 0.043137254901960784
1 0.6779411764705883 0.3941176470588235 0.03235294117647059 0.058823529411764705
