1 0.09264705882352942 0.6784313725490196 0.041176470588235294 0.0392156862745098
1 0.9352941176470588 0.6745098039215687 0.04411764705882353 0.058823529411764705
1 0.9426470588235294 0.8176470588235294 0.03529411764705882 0.054901960784313725
1 0.34852941176470587 0.9156862745098039 0.058823529411764705 0.050980392156862744
1 0.3602941176470588 0.711764705882353 0.052941176470588235 0.050980392156862744
1 0.45294117647058824 0.7294117647058823 0.047058823529411764 0.054901960784313725
1 0.19264705882352942 0.03137254901960784 0.07941176470588235 0.08627450980392157
1 0.03235294117647059 0.6137254901960785 0.04999999999999999 0.0392156862745098
1 0.6617647058823529 0.8117647058823529 0.052941176470588235 0.047058823529411764
1 0.2426470588235294 0.6764705882352942 0.05 0.050980392156862744
