1 0.7705882352941177 0.3156862745098039 0.05 0.054901960784313725
1 0.5411764705882353 0.34705882352941175 0.07058823529411765 0.0784313725490196
1 0.6691176470588235 0.5686274509803921 0.049999999999999836 0.047058823529411764
1 0.4073529411764706 0.5725490196078431 0.03823529411764706 0.043137254901960784
1 0.7264705882352941 0.15294117647058825 0.052941176470588235 0.08627450980392157
1 0.7764705882352941 0.37254901960784315 0.047058823529411764 0.054901960784313725
1 0.15735294117647058 0.27058823529411763 0.052941176470588235 0.054901960784313725
1 0.4838235294117647 0.17058823529411765 0.04411764705882353 0.0784313725490196
1 0.6058823529411764 0.9549019607843138 0.04117647058823513 0.07058823529411765
1 0.5308823529411765 0.4980392156862745 0.03529411764705882 0.058823529411764705
1 0.9264705882352942 0.8137254901960784 0.04411764705882353 0.06274509803921569
1 0.10735294117647058 0.8529411764705882 0.061764705882352944 0.0784313725490196
1 0.34852941176470587 0.2823529411764706 0.052941176470588235 0.07058823529411765
1 0.7426470588235294 0.5450980392156862 0.061764705882352944 0.03137254901960784
1 0.8132352941176471 0.5568627450980392 0.03529411764705882 0.06274509803921569
1 0.23970588235294119 0.11568627450980393 0.06470588235294118 0.07058823529411765
1 0.11323529411764706 0.7254901960784313 0.08235294117647059 0.10588235294117647
1 0.4838235294117647 0.7313725490196078 0.03529411764705882 0.06274509803921569
1 0.6867647058823529 0.2647058823529412 0.029411764705882353 0.058823529411764705
