1 0.6764705882352942 0.13529411764705881 0.029411764705882353 0.07450980392156863
1 0.5632352941176471 0.01764705882352941 0.06764705882352941 0.054901960784313725
1 0.788235294117647 0.9529411764705882 0.04411764705882353 0.07058823529411765
1 0.33088235294117646 0.20392156862745098 0.058823529411764705 0.10588235294117647
1 0.9147058823529411 0.6274509803921569 0.07352941176470588 0.047058823529411764
1 0.17058823529411765 0.27058823529411763 0.08235294117647059 0.09019607843137255
1 0.9661764705882353 0.7607843137254902 0.058823529411764705 0.050980392156862744
1 0.25441176470588234 0.06274509803921569 0.07058823529411765 0.058823529411764705
1 0.5044117647058823 0.11960784313725491 0.05588235294117647 0.08235294117647059
1 0.7558823529411764 0.1588235294117647 0.04411764705882353 0.027450980392156862
1 0.9882352941176471 0.6490196078431373 0.047058823529411764 0.054901960784313725
1 0.9352941176470588 0.7215686274509804 0.04411764705882353 0.058823529411764705
