1 0.5102941176470588 0.7686274509803922 0.058823529411764705 0.03529411764705882
1 0.0838235294117647 0.7274509803921568 0.04411764705882355 0.047058823529411764
1 0.3235294117647059 0.9627450980392157 0.04411764705882353 0.054901960784313725
1 0.3338235294117647 0.15294117647058825 0.026470588235294117 0.10196078431372549
1 0.2338235294117647 0.6098039215686275 0.041176470588235294 0.058823529411764705
1 0.1 0.01764705882352941 0.12058823529411765 0.06274509803921569
1 0.16029411764705884 0.12156862745098039 0.0617647058823529 0.050980392156862744
1 0.16911764705882354 0.1980392156862745 0.04411764705882353 0.07058823529411765
1 0.2161764705882353 0.2607843137254902 0.052941176470588235 0.050980392156862744
1 0.5970588235294118 0.7529411764705882 0.061764705882352944 0.058823529411764705
1 0.38676470588235295 0.396078431372549 0.058823529411764705 0.058823529411764705
1 0.5852941176470589 0.6490196078431373 0.09117647058823529 0.08235294117647059
1 0.6514705882352941 0.615686274509804 0.05 0.11764705882352941
1 0.6941176470588235 0.9058823529411765 0.03823529411764706 0.0392156862745098
1 0.060294117647058824 0.7 0.03529411764705882 0.050980392156862744
1 0.045588235294117645 0.38823529411764707 0.026470588235294117 0.058823529411764705
1 0.27794117647058825 0.5313725490196078 0.05588235294117647 0.058823529411764705
1 0.5838235294117647 0.9274509803921569 0.052941176470588235 0.03529411764705882
1 0.2823529411764706 0.7098039215686275 0.041176470588235294 0.054901960784313725
1 0.08529411764705883 0.5431372549019607 0.041176470588235294 0.047058823529411764
1 0.9897058823529412 0.7137254901960784 0.05588235294117647 0.09019607843137255
1 0.1426470588235294 0.692156862745098 0.026470588235294117 0.050980392156862744
1 0.36911764705882355 0.6039215686274509 0.07647058823529412 0.06666666666666667
1 0.23970588235294119 0.08431372549019608 0.04411764705882353 0.09019607843137255
1 0.21911764705882353 0.8509803921568627 0.04411764705882353 0.047058823529411764
1 0.5073529411764706 0.503921568627451 0.05 0.08627450980392157
1 0.7279411764705882 0.6196078431372549 0.09117647058823529 0.08235294117647059
1 0.25 0.3235294117647059 0.047058823529411764 0.07058823529411765
1 0.20294117647058824 0.8980392156862745 0.05 0.054901960784313725
1 0.711764705882353 0.696078431372549 0.08235294117647059 0.06666666666666667
1 0.49264705882352944 0.34705882352941175 0.05 0.047058823529411764
1 0.2852941176470588 0.39019607843137255 0.061764705882352944 0.050980392156862744
1 0.25735294117647056 0.7647058823529411 0.04705882352941185 0.043137254901960784
1 0.5852941176470589 0.9764705882352941 0.06470588235294118 0.03529411764705882
1 0.7941176470588235 0.7980392156862746 0.09705882352941177 0.08235294117647059
1 0.07205882352941176 0.7607843137254902 0.04411764705882355 0.047058823529411764
1 0.4073529411764706 0.5352941176470588 0.05588235294117647 0.07450980392156863
1 0.058823529411764705 0.4666666666666667 0.05 0.047058823529411764
1 0.27205882352941174 0.2823529411764706 0.032352941176470675 0.07450980392156863
1 0.5529411764705883 0.9117647058823529 0.061764705882352944 0.027450980392156862
1 0.4147058823529412 0.9294117647058824 0.047058823529411764 0.0392156862745098
1 0.016176470588235296 0.5686274509803921 0.03529411764705882 0.050980392156862744
1 0.10882352941176471 0.21176470588235294 0.07058823529411765 0.07450980392156863
1 0.5632352941176471 0.5196078431372549 0.061764705882352944 0.06666666666666667
1 0.36176470588235293 0.45294117647058824 0.04411764705882353 0.07450980392156863
1 0.20294117647058824 0.5549019607843138 0.04411764705882353 0.050980392156862744
