1 0.48970588235294116 0.9666666666666667 0.06764705882352941 0.07058823529411765
1 0.5044117647058823 0.296078431372549 0.052941176470588235 0.0784313725490196
1 0.65 0.13137254901960785 0.07352941176470588 0.08627450980392157
1 0.4808823529411765 0.6784313725490196 0.06764705882352941 0.047058823529411764
1 0.07647058823529412 0.796078431372549 0.0352941176470588 0.09411764705882353
1 0.6985294117647058 0.4294117647058823 0.05 0.16470588235294117
1 0.5411764705882353 0.8450980392156863 0.07941176470588235 0.054901960784313725
1 0.5588235294117647 0.1411764705882353 0.05 0.07058823529411765
1 0.008823529411764706 0.3862745098039216 0.05 0.043137254901960784
1 0.8073529411764706 0.08431372549019608 0.061764705882352944 0.07450980392156863
1 0.3382352941176471 0.8960784313725491 0.047058823529411764 0.08235294117647059
1 0.1161764705882353 0.17647058823529413 0.07352941176470588 0.07058823529411765
1 0.4294117647058823 0.24705882352941178 0.058823529411764705 0.058823529411764705
1 0.5102941176470588 0.10196078431372549 0.058823529411764705 0.06666666666666667
1 0.8426470588235294 0.025490196078431372 0.06470588235294118 0.047058823529411764
1 0.4838235294117647 0.6137254901960785 0.052941176470588235 0.0784313725490196
1 0.7779411764705882 0.20980392156862746 0.06764705882352941 0.0784313725490196
1 0.5735294117647058 0.711764705882353 0.07352941176470588 0.0784313725490196
1 0.12941176470588237 0.29215686274509806 0.03235294117647055 0.09019607843137255
