1 0.21470588235294116 0.9254901960784314 0.06470588235294118 0.050980392156862744
1 0.15 0.36666666666666664 0.06470588235294118 0.058823529411764705
1 0.625 0.5098039215686274 0.06764705882352941 0.03529411764705882
1 0.986764705882353 0.16666666666666666 0.03823529411764706 0.043137254901960784
1 0.46176470588235297 0.5823529411764706 0.04411764705882353 0.06274509803921569
1 0.5014705882352941 0.42745098039215684 0.052941176470588235 0.043137254901960784
1 0.7338235294117647 0.5823529411764706 0.04117647058823546 0.03137254901960784
1 0.6867647058823529 0.5882352941176471 0.041176470588235294 0.050980392156862744
1 0.3588235294117647 0.396078431372549 0.047058823529411764 0.043137254901960784
1 0.7602941176470588 0.5549019607843138 0.047058823529411764 0.03137254901960784
1 0.35 0.907843137254902 0.05882352941176479 0.058823529411764705
1 0.075 0.8803921568627451 0.052941176470588235 0.054901960784313725
1 0.014705882352941176 0.2411764705882353 0.05588235294117647 0.06274509803921569
1 0.4470588235294118 0.40980392156862744 0.047058823529411764 0.03137254901960784
1 0.5191176470588236 0.8901960784313725 0.0441176470588237 0.03137254901960784
1 0.4602941176470588 0.9411764705882353 0.04411764705882353 0.03529411764705882
1 0.7911764705882353 0.5882352941176471 0.03823529411764706 0.03137254901960784
1 0.49411764705882355 0.7725490196078432 0.06764705882352941 0.054901960784313725
1 0.4985294117647059 0.5137254901960784 0.07058823529411765 0.050980392156862744
1 0.4823529411764706 0.6686274509803921 0.07058823529411765 0.09019607843137255
1 0.9470588235294117 0.13137254901960785 0.05588235294117647 0.03137254901960784
