1 0.020588235294117647 0.492156862745098 0.05 0.10196078431372549
1 0.15294117647058825 0.6980392156862745 0.0705882352941176 0.09803921568627451
1 0.3352941176470588 0.26862745098039215 0.06764705882352932 0.03529411764705882
1 0.18529411764705883 0.17647058823529413 0.058823529411764705 0.0392156862745098
1 0.5338235294117647 0.3215686274509804 0.04411764705882353 0.06274509803921569
1 0.07941176470588235 0.4117647058823529 0.08529411764705883 0.07450980392156863
1 0.3073529411764706 0.7705882352941177 0.058823529411764705 0.09019607843137255
1 0.09705882352941177 0.16862745098039217 0.06470588235294118 0.058823529411764705
1 0.08823529411764706 0.06666666666666667 0.052941176470588214 0.058823529411764705
1 0.075 0.22156862745098038 0.058823529411764705 0.07058823529411765
1 0.2073529411764706 0.2196078431372549 0.052941176470588235 0.03137254901960784
