1 0.27647058823529413 0.050980392156862744 0.058823529411764705 0.08627450980392157
1 0.8779411764705882 0.5784313725490197 0.041176470588235294 0.06274509803921569
1 0.7073529411764706 0.07647058823529412 0.05588235294117647 0.058823529411764705
1 0.3411764705882353 0.5470588235294118 0.05 0.07450980392156863
1 0.9852941176470589 0.8901960784313725 0.047058823529411764 0.07058823529411765
1 0.9323529411764706 0.6784313725490196 0.058823529411764705 0.050980392156862744
1 0.09705882352941177 0.7745098039215687 0.08823529411764706 0.07058823529411765
1 0.4588235294117647 0.023529411764705882 0.06470588235294118 0.10980392156862745
1 0.29705882352941176 0.592156862745098 0.047058823529411764 0.08627450980392157
1 0.20147058823529412 0.6941176470588235 0.08235294117647059 0.06274509803921569
1 0.475 0.403921568627451 0.03823529411764706 0.058823529411764705
1 0.9588235294117647 0.7549019607843137 0.047058823529411764 0.0784313725490196
