1 0.3352941176470588 0.7784313725490196 0.044117647058823616 0.058823529411764705
1 0.525 0.5490196078431373 0.047058823529411764 0.03529411764705882
1 0.4102941176470588 0.7294117647058823 0.041176470588235294 0.054901960784313725
1 0.6308823529411764 0.7196078431372549 0.04411764705882353 0.06666666666666667
1 0.38823529411764707 0.907843137254902 0.06470588235294118 0.043137254901960784
1 0.5294117647058824 0.7156862745098039 0.052941176470588235 0.047058823529411764
1 0.8985294117647059 0.40980392156862744 0.04411764705882353 0.043137254901960784
1 0.6735294117647059 0.515686274509804 0.0470588235294116 0.027450980392156862
1 0.1676470588235294 0.6509803921568628 0.055882352941176515 0.043137254901960784
1 0.7294117647058823 0.6235294117647059 0.041176470588235294 0.06666666666666667
1 0.010294117647058823 0.9666666666666667 0.03529411764705882 0.06274509803921569
1 0.3323529411764706 0.9647058823529412 0.047058823529411764 0.054901960784313725
1 0.7411764705882353 0.5254901960784314 0.05588235294117647 0.0392156862745098
1 0.22058823529411764 0.6941176470588235 0.04411764705882353 0.047058823529411764
1 0.023529411764705882 0.8803921568627451 0.05 0.06274509803921569
1 0.5558823529411765 0.6470588235294118 0.03529411764705882 0.054901960784313725
1 0.5029411764705882 0.6470588235294118 0.047058823529411764 0.043137254901960784
1 0.45441176470588235 0.6549019607843137 0.05 0.043137254901960784
1 0.06323529411764706 0.984313725490196 0.047058823529411764 0.054901960784313725
1 0.5470588235294118 0.8058823529411765 0.07058823529411781 0.06666666666666667
1 0.6176470588235294 0.8333333333333334 0.06470588235294118 0.06666666666666667
1 0.07941176470588235 0.9235294117647059 0.06764705882352941 0.054901960784313725
1 0.20294117647058824 0.7529411764705882 0.041176470588235294 0.07058823529411765
1 0.17205882352941176 0.9588235294117647 0.06470588235294118 0.054901960784313725
1 0.4470588235294118 0.7862745098039216 0.03823529411764706 0.09019607843137255
1 0.9147058823529411 0.3431372549019608 0.026470588235294117 0.06274509803921569
1 0.9205882352941176 0.692156862745098 0.061764705882352944 0.06666666666666667
1 0.725 0.8666666666666667 0.06470588235294118 0.07450980392156863
1 0.17647058823529413 0.8960784313725491 0.05882352941176466 0.06274509803921569
1 0.2691176470588235 0.9294117647058824 0.058823529411764705 0.06274509803921569
1 0.8691176470588236 0.5607843137254902 0.047058823529411764 0.03529411764705882
1 0.7455882352941177 0.6725490196078432 0.05 0.054901960784313725
