1 0.9409282700421941 0.503731343283582 0.08438818565400844 0.13059701492537312
1 0.60056258790436 0.5578358208955224 0.1265822784810128 0.15671641791044777
1 0.749648382559775 0.018656716417910446 0.11251758087201125 0.13059701492537312
1 0.4120956399437412 0.8190298507462687 0.10689170182841069 0.11940298507462686
1 0.7623066104078763 0.8861940298507462 0.10407876230661041 0.13805970149253732
1 0.9943741209563994 0.4123134328358209 0.05063291139240506 0.08955223880597014
1 0.45850914205344584 0.4944029850746269 0.07032348804500703 0.10074626865671642
1 0.5850914205344585 0.7518656716417911 0.12376933895921238 0.13432835820895522
1 0.9310829817158931 0.8936567164179104 0.10126582278481013 0.1417910447761194
1 0.5907172995780591 0.13992537313432835 0.08157524613220815 0.11194029850746269
1 0.4880450070323488 0.4085820895522388 0.10126582278481013 0.1044776119402985
1 0.559774964838256 0.34888059701492535 0.10407876230661041 0.12313432835820895
1 0.3389592123769339 0.8078358208955224 0.04781997187060478 0.06716417910447761
