1 0.19117647058823528 0.5470588235294118 0.058823529411764705 0.14901960784313725
1 0.27058823529411763 0.08627450980392157 0.08823529411764706 0.10588235294117647
1 0.21911764705882353 0.9352941176470588 0.07941176470588235 0.10588235294117647
1 0.9514705882352941 0.29411764705882354 0.07647058823529412 0.07450980392156863
1 0.6441176470588236 0.5431372549019607 0.09999999999999984 0.10588235294117647
1 0.19852941176470587 0.15098039215686274 0.14411764705882352 0.1411764705882353
1 0.4338235294117647 0.021568627450980392 0.08823529411764706 0.08235294117647059
1 0.6088235294117647 0.01764705882352941 0.08235294117647075 0.050980392156862744
1 0.25735294117647056 0.7431372549019608 0.12058823529411773 0.1607843137254902
1 0.4426470588235294 0.692156862745098 0.07058823529411765 0.07058823529411765
1 0.17058823529411765 0.01568627450980392 0.1 0.047058823529411764
1 0.8647058823529412 0.5372549019607843 0.061764705882352944 0.06274509803921569
1 0.9676470588235294 0.6725490196078432 0.08823529411764706 0.0784313725490196
1 0.1323529411764706 0.4 0.06764705882352941 0.09803921568627451
1 0.24705882352941178 0.34901960784313724 0.1 0.11372549019607843
1 0.33088235294117646 0.44509803921568625 0.06470588235294118 0.13725490196078433
1 0.7161764705882353 0.8058823529411765 0.11764705882352941 0.14901960784313725
