1 0.8176470588235294 0.8588235294117647 0.07058823529411765 0.13725490196078433
1 0.5441176470588235 0.803921568627451 0.05000000000000017 0.06274509803921569
1 0.6441176470588236 0.07647058823529412 0.0470588235294116 0.06274509803921569
1 0.8117647058823529 0.3980392156862745 0.08235294117647059 0.11372549019607843
1 0.65 0.1607843137254902 0.04411764705882353 0.08627450980392157
1 0.6323529411764706 0.011764705882352941 0.07647058823529412 0.043137254901960784
1 0.7044117647058824 0.12156862745098039 0.02647058823529395 0.07058823529411765
1 0.29411764705882354 0.3392156862745098 0.058823529411764705 0.09411764705882353
1 0.5970588235294118 0.9823529411764705 0.07941176470588235 0.06274509803921569
1 0.4970588235294118 0.8666666666666667 0.061764705882352944 0.07450980392156863
