1 0.39943741209563993 0.7481343283582089 0.14627285513361463 0.17164179104477612
1 0.909985935302391 0.35074626865671643 0.13783403656821377 0.1828358208955224
1 0.939521800281294 0.8582089552238806 0.12658227848101267 0.15298507462686567
1 0.35443037974683544 0.029850746268656716 0.09845288326300984 0.12313432835820895
1 0.26582278481012656 0.31529850746268656 0.11251758087201118 0.1455223880597015
1 0.34177215189873417 0.2537313432835821 0.13783403656821377 0.16417910447761194
1 0.1490857946554149 0.8451492537313433 0.090014064697609 0.11940298507462686
1 0.810126582278481 0.9291044776119403 0.11814345991561181 0.15671641791044777
1 0.6033755274261603 0.9197761194029851 0.1265822784810128 0.15671641791044777
1 0.24613220815752462 0.44029850746268656 0.07313642756680731 0.11567164179104478
1 0.39943741209563993 0.5186567164179104 0.15471167369901548 0.19029850746268656
1 0.9817158931082982 0.5671641791044776 0.10126582278481013 0.12686567164179105
1 0.7890295358649789 0.4552238805970149 0.10407876230661041 0.20149253731343283
1 0.21659634317862167 0.8470149253731343 0.11814345991561181 0.14925373134328357
1 0.9789029535864979 0.13992537313432835 0.12658227848101267 0.208955223880597
