1 0.010294117647058823 0.9392156862745098 0.058823529411764705 0.07058823529411765
1 0.28088235294117647 0.7980392156862746 0.06764705882352941 0.047058823529411764
1 0.12352941176470589 0.3764705882352941 0.047058823529411764 0.06666666666666667
1 0.4573529411764706 0.803921568627451 0.07058823529411765 0.050980392156862744
1 0.026470588235294117 0.7 0.07058823529411765 0.06666666666666667
1 0.7029411764705882 0.8745098039215686 0.017647058823529578 0.08627450980392157
1 0.6514705882352941 0.8529411764705882 0.03235294117647059 0.08235294117647059
1 0.9382352941176471 0.7196078431372549 0.05 0.03529411764705882
1 0.3735294117647059 0.796078431372549 0.07647058823529412 0.03529411764705882
1 0.011764705882352941 0.12352941176470589 0.023529411764705882 0.10980392156862745
