1 0.47205882352941175 0.3862745098039216 0.11470588235294117 0.13333333333333333
1 0.9058823529411765 0.34509803921568627 0.08823529411764706 0.08627450980392157
1 0.26029411764705884 0.711764705882353 0.1264705882352941 0.1568627450980392
1 0.054411764705882354 0.36666666666666664 0.12941176470588237 0.1411764705882353
1 0.8279411764705882 0.30980392156862746 0.05588235294117647 0.09803921568627451
1 0.861764705882353 0.21568627450980393 0.052941176470588235 0.08627450980392157
1 0.9264705882352942 0.22941176470588234 0.061764705882352944 0.07450980392156863
1 0.5720588235294117 0.24509803921568626 0.07352941176470588 0.08235294117647059
1 0.4661764705882353 0.8274509803921568 0.13823529411764707 0.1568627450980392
1 0.14852941176470588 0.8666666666666667 0.15 0.15294117647058825
1 0.6191176470588236 0.2823529411764706 0.06764705882352941 0.047058823529411764
1 0.49264705882352944 0.18627450980392157 0.07647058823529412 0.08627450980392157
1 0.03529411764705882 0.7705882352941177 0.11470588235294117 0.1450980392156863
1 0.09411764705882353 0.14901960784313725 0.09411764705882353 0.10588235294117647
1 0.5573529411764706 0.33137254901960783 0.10882352941176471 0.06666666666666667
1 0.35294117647058826 0.15490196078431373 0.10294117647058831 0.06666666666666667
1 0.01764705882352941 0.041176470588235294 0.07647058823529412 0.09411764705882353
1 0.736764705882353 0.707843137254902 0.029411764705882186 0.06666666666666667
1 0.9161764705882353 0.7137254901960784 0.058823529411764705 0.10980392156862745
1 0.7029411764705882 0.4568627450980392 0.11764705882352958 0.12941176470588237
1 0.5911764705882353 0.1627450980392157 0.08529411764705883 0.09411764705882353
