0 0.38375350140056025 0.03171641791044776 0.08683473389355742 0.09701492537313433
0 0.25910364145658266 0.30970149253731344 0.05882352941176463 0.08208955223880597
0 0.7899159663865546 0.7369402985074627 0.06162464985994398 0.06716417910447761
0 0.7745098039215687 0.5652985074626866 0.03361344537815126 0.05223880597014925
0 0.5098039215686274 0.4664179104477612 0.04201680672268908 0.06343283582089553
0 0.8221288515406162 0.8003731343283582 0.0392156862745098 0.05970149253731343
0 0.7142857142857143 0.20708955223880596 0.04201680672268908 0.0708955223880597
0 0.5658263305322129 0.8917910447761194 0.047619047619047616 0.07835820895522388
0 0.6456582633053222 0.878731343283582 0.05322128851540616 0.08582089552238806
0 0.20168067226890757 0.4701492537313433 0.047619047619047616 0.08208955223880597
0 0.11904761904761904 0.5298507462686567 0.11204481792717087 0.12313432835820895
