1 0.5654545454545454 0.45575757575757575 0.07818181818181819 0.11878787878787879
1 0.7081818181818181 0.01818181818181818 0.07636363636363637 0.07515151515151515
1 0.17636363636363636 0.041212121212121214 0.08181818181818182 0.0703030303030303
1 0.19818181818181818 0.7672727272727272 0.06727272727272728 0.08484848484848485
1 0.19545454545454546 0.6545454545454545 0.07090909090909091 0.09212121212121212
1 0.23363636363636364 0.37575757575757573 0.056363636363636366 0.09212121212121212
1 0.9345454545454546 0.6387878787878788 0.07636363636363637 0.08
1 0.2963636363636364 0.08242424242424243 0.038181818181818185 0.0703030303030303
1 0.23727272727272727 0.27515151515151515 0.056363636363636366 0.08969696969696969
1 0.7954545454545454 0.9818181818181818 0.06727272727272728 0.09696969696969697
1 0.9763636363636363 0.5963636363636363 0.07272727272727272 0.08484848484848471
1 0.3881818181818182 0.8206060606060606 0.05090909090909091 0.10424242424242425
1 0.31545454545454543 0.17696969696969697 0.05454545454545454 0.08242424242424243
1 0.3809090909090909 0.24484848484848484 0.05818181818181818 0.0703030303030303
