1 0.15652792583534786 0.7624466571834992 0.051227321237993596 0.07207207218512024
1 0.8150124509153905 0.5941204361691753 0.05336179295624333 0.04267425320056899
1 0.8822483100402572 0.005215742001323239 0.064034151547492 0.031294452347083924
1 0.731768053903651 0.08202939776234743 0.064034151547492 0.07965860597439545
1 0.7701885448321462 0.43195827400701314 0.05549626467449306 0.07396870554765292
1 0.010316613135241138 0.6073968705547653 0.07043756670224119 0.1005215743188329
1 0.1138384914703532 0.36415362731152207 0.07043756670224119 0.07776197261186277
1 0.612237637681666 0.17306780459022794 0.06830309498399147 0.07681365576102418
1 0.26218427588870963 0.649596965329915 0.02561366061899686 0.05689900426742532
1 0.8577018852803853 0.06638217158880545 0.05549626467449306 0.039829302987197744
1 0.835289932238763 0.5400663821151213 0.0576307363927428 0.06258890469416785
1 0.9537531126016232 0.48458985295438156 0.051227321237993596 0.07396870554765292
1 0.531127712388176 0.16453295395011414 0.061899679829242264 0.07396870554765292
1 0.08395588741485693 0.647226173541963 0.06830309498399147 0.10336652453220416
1 0.37424404109682063 0.24845898524456647 0.042689434364994665 0.034139402560455195
1 0.9462824615877491 0.4262683735802706 0.061899679829242264 0.03698435277382646
1 0.7765919599868953 0.6737790421435708 0.051227321237993596 0.04836415362731152
1 0.8182141584927651 0.28971076333844986 0.05336179295624333 0.07112375533428172
1 0.009249377276116272 0.8933143669985776 0.05549626467449306 0.06922712197174898
1 0.3443614370413244 0.07491702222891926 0.0576307363927428 0.07396870554765292
1 0.14051938794847485 0.9957325746799431 0.032017075773746 0.02086296834443745
1 0.27392387033908316 0.9668089141208112 0.05336179295624333 0.07112375533428165
1 0.8171469226336403 0.18160265523034172 0.064034151547492 0.06827880512091035
1 0.21842760566459013 0.9634898055668067 0.03415154749199573 0.035087719241721535
1 0.40732835272969153 0.24703651013788086 0.03628601921024546 0.031294452347083924
1 0.04873710406373634 0.2119487908961593 0.10245464247598719 0.14319582751940188
1 0.15119174653972353 0.9089615931721194 0.03415154749199573 0.033191085709616604
1 0.3390252577457 0.2584163109913659 0.03628601921024546 0.034139402560455195
1 0.507648523487429 0.24419155992450958 0.042689434364994665 0.03698435277382646
1 0.7307008180445261 0.719298245557511 0.03628601921024546 0.05405405405405406
1 0.8310209888022636 0.676623992356942 0.05336179295624333 0.031294452347083924
1 0.2771255779164578 0.7306780464109961 0.032017075773746 0.05405405405405406
1 0.915332621673128 0.3978188714465579 0.06830309498399147 0.08250355618776671
1 0.31341159712670325 0.8259838785589335 0.04695837780149413 0.08534850640113797
1 0.06688011366885907 0.930298719772404 0.05336179295624333 0.04646752026477884
1 0.7851298468598943 0.38643907059307286 0.05336179295624333 0.06543385490753911
1 0.35183208805519844 0.1275486011762877 0.05976520811099253 0.08534850640113802
1 0.3059409461128292 0.18160265523034172 0.061899679829242264 0.07396870554765288
1 0.055140519218485534 0.8051209103840683 0.07257203842049093 0.07776197261186277
1 0.17573817129959546 0.01090564242806577 0.07897545357524013 0.01991465149359886
1 0.33048737087270114 0.022285443281550833 0.051227321237993596 0.034139402560455195
