1 0.9254545454545454 0.2739393939393939 0.08 0.08727272727272728
1 0.42818181818181816 0.3503030303030303 0.10909090909090909 0.06303030303030303
1 0.04727272727272727 0.5903030303030303 0.1 0.12121212121212122
1 0.6863636363636364 0.6993939393939393 0.10727272727272727 0.12606060606060607
1 0.4318181818181818 0.5321212121212121 0.09090909090909091 0.12363636363636364
1 0.8518181818181818 0.15878787878787878 0.08 0.11151515151515151
1 0.94 0.6460606060606061 0.08727272727272728 0.12848484848484848
1 0.37454545454545457 0.030303030303030304 0.06727272727272728 0.07272727272727272
1 0.7272727272727273 0.18424242424242424 0.06 0.09212121212121212
1 0.5290909090909091 0.6509090909090909 0.09818181818181818 0.13818181818181818
1 0.2809090909090909 0.05818181818181818 0.06909090909090909 0.06060606060606061
1 0.9236363636363636 0.1503030303030303 0.05272727272727273 0.048484848484848485
1 0.6081818181818182 0.07151515151515152 0.07272727272727272 0.07757575757575758
1 0.91 0.7503030303030302 0.04181818181818182 0.0703030303030303
1 0.8490909090909091 0.583030303030303 0.06545454545454546 0.10909090909090909
1 0.12545454545454546 0.23636363636363636 0.07090909090909091 0.08727272727272728
1 0.8454545454545455 0.3527272727272727 0.07636363636363637 0.08242424242424243
1 0.4445454545454545 0.6666666666666666 0.07454545454545454 0.10909090909090909
1 0.9772727272727273 0.88 0.08363636363636363 0.10666666666666667
1 0.6345454545454545 0.19151515151515153 0.07818181818181819 0.07757575757575758
1 0.7954545454545454 0.8303030303030303 0.10727272727272727 0.1406060606060606
1 0.6690909090909091 0.5006060606060606 0.10545454545454545 0.13333333333333333
