1 0.7721518987341772 0.36380597014925375 0.17440225035161744 0.19402985074626866
1 0.6947960618846695 0.09328358208955224 0.1659634317862166 0.22388059701492538
1 0.03656821378340366 0.20708955223880596 0.180028129395218 0.2537313432835821
1 0.31223628691983124 0.7593283582089553 0.15471167369901548 0.16791044776119382
1 0.06047819971870605 0.539179104477612 0.17158931082981715 0.1865671641791045
1 0.2011251758087201 0.9832089552238806 0.090014064697609 0.15298507462686567
1 0.70042194092827 0.7164179104477612 0.13220815752461323 0.17537313432835822
1 0.5274261603375527 0.19029850746268656 0.1350210970464135 0.23507462686567165
1 0.5766526019690577 0.9402985074626866 0.10407876230661041 0.1417910447761194
1 0.5555555555555556 0.789179104477612 0.1350210970464135 0.16791044776119404
