1 0.549929676511955 0.5223880597014925 0.13783403656821377 0.11194029850746269
1 0.7187060478199718 0.6772388059701493 0.19409282700421956 0.23134328358208955
1 0.6174402250351617 0.4085820895522388 0.07313642756680731 0.08955223880597014
1 0.9845288326300985 0.3824626865671642 0.13783403656821377 0.19402985074626866
1 0.5485232067510548 0.30970149253731344 0.10126582278481013 0.13059701492537312
1 0.5021097046413502 0.04291044776119403 0.08720112517580872 0.14925373134328357
1 0.189873417721519 0.7518656716417911 0.08157524613220815 0.0708955223880597
1 0.5428973277074542 0.42723880597014924 0.09001406469760916 0.12686567164179105
1 0.4149085794655415 0.6231343283582089 0.1518987341772152 0.15671641791044777
1 0.3361462728551336 0.09328358208955224 0.10970464135021098 0.19029850746268656
