1 0.8087201125175809 0.24067164179104478 0.13220815752461323 0.1791044776119403
1 0.540084388185654 0.4869402985074627 0.0843881856540086 0.11567164179104478
1 0.5625879043600562 0.7369402985074627 0.08157524613220815 0.10820895522388059
1 0.4711673699015471 0.24253731343283583 0.10126582278481013 0.15298507462686567
1 0.3909985935302391 0.9589552238805971 0.06751054852320675 0.09328358208955224
1 0.6230661040787623 0.9272388059701493 0.08438818565400844 0.16417910447761194
1 0.14345991561181434 0.47761194029850745 0.08157524613220815 0.06343283582089553
1 0.5007032348804501 0.333955223880597 0.09282700421940929 0.1044776119402985
1 0.3530239099859353 0.8302238805970149 0.05625879043600562 0.1044776119402985
1 0.559774964838256 0.5615671641791045 0.07313642756680731 0.10074626865671642
1 0.5428973277074542 0.8041044776119403 0.07594936708860775 0.10820895522388059
