1 0.5652968036529681 0.6315151515151515 0.09680365296803653 0.11393939393939394
1 0.3232876712328767 0.4727272727272727 0.08584474885844749 0.10909090909090909
1 0.5333333333333333 0.0496969696969697 0.06757990867579909 0.10909090909090909
1 0.410958904109589 0.5248484848484849 0.034703196347031964 0.048484848484848346
1 0.6547945205479452 0.7963636363636364 0.1095890410958904 0.13818181818181818
1 0.4547945205479452 0.4012121212121212 0.091324200913242 0.1478787878787879
1 0.23470319634703196 0.4921212121212121 0.091324200913242 0.11151515151515151
1 0.6410958904109589 0.20727272727272728 0.1223744292237443 0.12121212121212122
1 0.5114155251141552 0.19272727272727272 0.06940639269406393 0.09454545454545454
1 0.41278538812785387 0.263030303030303 0.09315068493150686 0.1721212121212122
1 0.4365296803652968 0.4812121212121212 0.06027397260273973 0.07272727272727272
1 0.3424657534246575 0.6836363636363636 0.06940639269406393 0.08969696969696969
