1 0.4318181818181818 0.4072727272727273 0.06 0.10181818181818182
1 0.39181818181818184 0.08484848484848485 0.08181818181818182 0.0993939393939394
1 0.20636363636363636 0.7442424242424243 0.04363636363636364 0.08727272727272728
1 0.8581818181818182 0.96 0.10727272727272727 0.11151515151515151
1 0.84 0.7539393939393939 0.08 0.11878787878787879
1 0.3845454545454545 0.3527272727272727 0.06 0.06787878787878789
1 0.019090909090909092 0.6521212121212121 0.08727272727272728 0.15272727272727274
1 0.9381818181818182 0.4484848484848485 0.06727272727272728 0.08242424242424243
1 0.3109090909090909 0.703030303030303 0.11090909090909092 0.1406060606060606
1 0.6190909090909091 0.8 0.08181818181818182 0.07757575757575758
