1 0.3324200913242009 0.3709090909090909 0.049315068493150684 0.08
1 0.1954337899543379 0.72 0.07671232876712329 0.11878787878787879
1 0.43561643835616437 0.5515151515151515 0.09863013698630137 0.14545454545454545
1 0.43561643835616437 0.9842424242424243 0.05662100456621005 0.08
1 0.13789954337899543 0.9466666666666667 0.09863013698630137 0.13090909090909092
1 0.3954337899543379 0.7381818181818182 0.03287671232876712 0.08
1 0.4091324200913242 0.8618181818181818 0.047488584474885846 0.08969696969696969
1 0.336986301369863 0.7236363636363636 0.0821917808219178 0.13090909090909092
1 0.3689497716894977 0.5721212121212121 0.047488584474885846 0.09696969696969697
1 0.354337899543379 0.45212121212121215 0.043835616438356165 0.07515151515151515
