1 0.30228310502283107 0.39636363636363636 0.0730593607305936 0.09454545454545454
1 0.54337899543379 0.4703030303030303 0.0547945205479452 0.06545454545454546
1 0.4438356164383562 0.2884848484848485 0.07671232876712329 0.11151515151515144
1 0.782648401826484 0.21212121212121213 0.043835616438356165 0.08727272727272728
1 0.7625570776255708 0.5527272727272727 0.07671232876712329 0.10666666666666667
1 0.9315068493150684 0.0993939393939394 0.07853881278538813 0.11878787878787879
1 0.7159817351598173 0.6351515151515151 0.07488584474885844 0.09696969696969697
1 0.38904109589041097 0.45212121212121215 0.08036529680365297 0.08727272727272728
1 0.6684931506849315 0.4921212121212121 0.08036529680365297 0.05818181818181818
1 0.5232876712328767 0.5527272727272727 0.07853881278538813 0.09212121212121212
1 0.8438356164383561 0.6533333333333333 0.034703196347031964 0.06787878787878789
1 0.4712328767123288 0.6315151515151515 0.06940639269406393 0.11393939393939394
1 0.30776255707762556 0.06909090909090909 0.058447488584474884 0.09696969696969697
