1 0.6292237442922375 0.05454545454545454 0.15159817351598173 0.2084848484848485
1 0.1863013698630137 0.7187878787878788 0.14794520547945206 0.1987878787878788
1 0.26301369863013696 0.8303030303030303 0.14063926940639268 0.17696969696969697
1 0.2730593607305936 0.5818181818181818 0.13333333333333333 0.16727272727272727
1 0.217351598173516 0.9757575757575757 0.1643835616438356 0.13818181818181818
1 0.3059360730593607 0.1406060606060606 0.11141552511415526 0.11878787878787882
1 0.3050228310502283 0.22545454545454546 0.10228310502283106 0.11878787878787879
1 0.2867579908675799 0.03515151515151515 0.09680365296803653 0.0993939393939394
1 0.0319634703196347 0.7696969696969697 0.16621004566210046 0.21818181818181817
1 0.36621004566210047 0.008484848484848486 0.08401826484018265 0.06787878787878789
