1 0.4978902953586498 0.5970149253731343 0.07876230661040788 0.10074626865671642
1 0.23066104078762306 0.5541044776119403 0.07876230661040788 0.12313432835820895
1 0.35161744022503516 0.10261194029850747 0.05907172995780591 0.08582089552238806
1 0.16455696202531644 0.1417910447761194 0.0646976090014065 0.11194029850746269
1 0.5893108298171589 0.8507462686567164 0.0703234880450072 0.08955223880597014
1 0.45288326300984527 0.5130597014925373 0.04781997187060478 0.08582089552238806
1 0.5218002812939522 0.835820895522388 0.07313642756680731 0.08955223880597014
1 0.21518987341772153 0.39925373134328357 0.090014064697609 0.15671641791044777
1 0.38677918424753865 0.5914179104477612 0.08720112517580872 0.09701492537313433
1 0.7524613220815752 0.8488805970149254 0.07876230661040788 0.10820895522388059
1 0.4050632911392405 0.09701492537313433 0.07313642756680731 0.11940298507462686
1 0.4711673699015471 0.3302238805970149 0.08157524613220815 0.15298507462686567
