1 0.10703363914373089 0.584573748308525 0.04892966360856269 0.06224627875507442
1 0.4923547400611621 0.4438430311231394 0.09785932721712538 0.11096075778078485
1 0.14169215086646278 0.7523680649526387 0.07339449541284404 0.07577807848443843
1 0.4016309887869521 0.5940460081190798 0.07747196738022426 0.11907983761840325
1 0.31396534148827726 0.510148849797023 0.0509683995922528 0.07848443843031123
1 0.9429153924566769 0.9905277401894452 0.0652395514780836 0.07036535859269283
1 0.381243628950051 0.4181326116373478 0.046890927624872576 0.06495263870094722
1 0.2650356778797146 0.39377537212449254 0.0672782874617737 0.08119079837618404
1 0.7186544342507645 0.2408660351826793 0.07135575942915393 0.12178619756427606
1 0.2640163098878695 0.8592692828146143 0.0856269113149847 0.10825439783491204
1 0.9938837920489296 0.29905277401894453 0.04281345565749235 0.10554803788903924
1 0.41284403669724773 0.05953991880920163 0.07543323139653414 0.10284167794316644
1 0.4240570846075433 0.2422192151556157 0.059123343527013254 0.08389715832205684
1 0.32313965341488277 0.7117726657645467 0.07339449541284404 0.08930987821380243
