1 0.40365296803652967 0.24606060606060606 0.06757990867579909 0.08969696969696969
1 0.28036529680365296 0.5806060606060606 0.07123287671232877 0.09939393939393953
1 0.3872146118721461 0.5648484848484848 0.045662100456621 0.06303030303030303
1 0.13150684931506848 0.7696969696969697 0.0639269406392694 0.08727272727272728
1 0.41735159817351597 0.7830303030303031 0.08584474885844749 0.13575757575757577
1 0.7370030581039755 0.02165087956698241 0.05708460754332314 0.05142083897158322
1 0.3461187214611872 0.9151515151515152 0.07853881278538813 0.10666666666666667
1 0.6876712328767123 0.10909090909090909 0.049315068493150684 0.08242424242424243
1 0.42100456621004567 0.4109090909090909 0.052968036529680365 0.08969696969696969
1 0.3242009132420091 0.6775757575757576 0.049315068493150684 0.07272727272727272
1 0.5132420091324201 0.07151515151515152 0.05662100456621005 0.07272727272727272
1 0.7068493150684931 0.4218181818181818 0.07488584474885844 0.0993939393939394
1 0.4995433789954338 0.6290909090909091 0.09680365296803653 0.10666666666666667
1 0.9881278538812786 0.46060606060606063 0.091324200913242 0.12363636363636364
