1 0.1325178389398573 0.530446549391069 0.07135575942915393 0.10013531799729379
1 0.436289500509684 0.02165087956698241 0.06320081549439348 0.06224627875507442
1 0.09683995922528033 0.3342354533152909 0.059123343527013254 0.07036535859269283
1 0.3985728848114169 0.3423545331529093 0.09174311926605505 0.12449255751014893
1 0.14271151885830785 0.8768606224627875 0.10397553516819572 0.14884979702300405
1 0.25178389398572887 0.591339648173207 0.10601427115188577 0.13531799729364005
1 0.07237512742099898 0.8687415426251691 0.08970438328236494 0.11096075778078485
1 0.2701325178389399 0.14479025710419485 0.06116207951070336 0.08119079837618404
1 0.3109072375127421 0.46414073071718537 0.08154943934760449 0.10013531799729364
1 0.9347604485219164 0.7780784844384303 0.08766564729867482 0.12449255751014884
1 0.5005096839959225 0.1975642760487145 0.09174311926605505 0.12178619756427606
