1 0.4484018264840183 0.47878787878787876 0.045662100456621 0.055757575757575756
1 0.6547945205479452 0.816969696969697 0.049315068493150684 0.06060606060606061
1 0.39360730593607307 0.3781818181818182 0.045662100456621 0.06060606060606061
1 0.5945205479452055 0.7818181818181819 0.06757990867579909 0.06787878787878789
1 0.7735159817351598 0.0048484848484848485 0.06575342465753424 0.04363636363636364
1 0.3414882772680938 0.21515561569688768 0.05504587155963303 0.06495263870094722
1 0.7223744292237443 0.7793939393939394 0.043835616438356165 0.05333333333333334
1 0.045662100456621 0.03515151515151515 0.08584474885844749 0.09696969696969697
1 0.6748858447488585 0.7781818181818182 0.05114155251141553 0.0703030303030303
1 0.9698630136986301 0.5527272727272727 0.0730593607305936 0.07515151515151515
1 0.19817351598173516 0.013333333333333334 0.07671232876712329 0.05818181818181818
1 0.3470319634703196 0.31393939393939396 0.047488584474885846 0.05333333333333334
1 0.9616438356164384 0.610909090909091 0.06757990867579909 0.06545454545454532
