1 0.39926289926289926 0.3295269168026101 0.13267813267813267 0.17944535073409462
1 0.8316953316953317 0.7406199021207178 0.08845208845208845 0.13376835236541598
1 0.714987714987715 0.9771615008156607 0.10073710073710074 0.07504078303425775
1 0.9754299754299754 0.6623164763458401 0.11793611793611794 0.12398042414355628
1 0.6732186732186732 0.33931484502446985 0.1375921375921376 0.1598694942903751
1 0.7457002457002457 0.7487765089722676 0.08845208845208845 0.18270799347471453
1 0.6461916461916462 0.7112561174551386 0.12776412776412777 0.1598694942903754
1 0.6584766584766585 0.01957585644371941 0.08108108108108109 0.13376835236541598
1 0.6928746928746928 0.8646003262642741 0.11056511056511056 0.14355628058727568
1 0.8783783783783784 0.8923327895595432 0.09828009828009827 0.07177814029363784
1 0.961916461916462 0.8156606851549756 0.10565110565110565 0.14681892332789542
1 0.7948402948402948 0.965742251223491 0.06633906633906633 0.08156606851549755
1 0.6216216216216216 0.19249592169657423 0.11302211302211303 0.12398042414355628
1 0.6977886977886978 0.5497553017944535 0.12776412776412777 0.1402936378466558
1 0.8808353808353808 0.5758564437194127 0.11302211302211303 0.11745513866231648
1 0.628992628992629 0.44861337683523655 0.085995085995086 0.13376835236541598
