1 0.6769041769041769 0.13539967373572595 0.051597051597051594 0.07504078303425771
1 0.3783783783783784 0.4469820554649266 0.056511056511056514 0.05872756933115824
1 0.9041769041769042 0.45840130505709625 0.14250614250614252 0.19249592169657423
1 0.6511056511056511 0.9396411092985318 0.09090909090909091 0.10440456769983687
1 0.8255528255528255 0.6851549755301795 0.10810810810810811 0.13050570962479607
1 0.7641277641277642 0.7520391517128875 0.10810810810810811 0.14029363784665597
1 0.20270270270270271 0.835236541598695 0.056511056511056514 0.08482871125611746
1 0.2665847665847666 0.800978792822186 0.051597051597051594 0.07177814029363784
1 0.8488943488943489 0.5872756933115824 0.11547911547911548 0.1207177814029362
1 0.6965601965601965 0.8499184339314845 0.085995085995086 0.12071778140293637
