0 0.41456582633053224 0.13432835820895522 0.05042016806722689 0.06716417910447761
0 0.484593837535014 0.4701492537313433 0.04481792717086835 0.05970149253731343
0 0.40896358543417366 0.5541044776119403 0.036414565826330535 0.048507462686567165
0 0.3431372549019608 0.40671641791044777 0.036414565826330535 0.055970149253731345
0 0.4327731092436975 0.09888059701492537 0.036414565826330535 0.03731343283582089
0 0.3473389355742297 0.585820895522388 0.028011204481792718 0.04477611940298507
0 0.26750700280112044 0.7406716417910447 0.04481792717086835 0.07835820895522409
0 0.46078431372549017 0.4291044776119403 0.04201680672268908 0.04477611940298507
0 0.5532212885154062 0.048507462686567165 0.022408963585434174 0.048507462686567165
0 0.3431372549019608 0.2873134328358209 0.036414565826330535 0.05970149253731343
0 0.3081232492997199 0.29850746268656714 0.036414565826330535 0.05970149253731343
0 0.4327731092436975 0.1828358208955224 0.04481792717086835 0.055970149253731345
0 0.4425770308123249 0.5764925373134329 0.05322128851540616 0.0708955223880597
0 0.469187675070028 0.06716417910447761 0.047619047619047616 0.048507462686567165
0 0.511204481792717 0.03171641791044776 0.03081232492997199 0.041044776119402986
0 0.37254901960784315 0.13805970149253732 0.05042016806722689 0.05970149253731343
0 0.4565826330532213 0.13619402985074627 0.05322128851540616 0.06343283582089553
0 0.469187675070028 0.009328358208955223 0.0392156862745098 0.029850746268656716
0 0.3431372549019608 0.35634328358208955 0.03361344537815126 0.06343283582089553
0 0.3711484593837535 0.2835820895522388 0.036414565826330535 0.04477611940298507
0 0.40896358543417366 0.27798507462686567 0.056022408963585436 0.06716417910447761
0 0.42016806722689076 0.4048507462686567 0.05322128851540616 0.06716417910447761
0 0.5196078431372549 0.16791044776119404 0.0336134453781511 0.041044776119402986
0 0.5014005602240896 0.1828358208955224 0.036414565826330535 0.05970149253731343
0 0.48739495798319327 0.03917910447761194 0.03361344537815126 0.03731343283582089
0 0.3165266106442577 0.6902985074626866 0.03081232492997199 0.06343283582089553
0 0.32633053221288516 0.24067164179104478 0.05042016806722689 0.05970149253731343
0 0.3333333333333333 0.4533582089552239 0.05042016806722689 0.048507462686567165
0 0.4327731092436975 0.4533582089552239 0.047619047619047616 0.05970149253731343
0 0.623249299719888 0.22014925373134328 0.04201680672268908 0.06716417910447761
0 0.47198879551820727 0.3712686567164179 0.05042016806722689 0.0708955223880597
0 0.38235294117647056 0.34328358208955223 0.05042016806722689 0.06716417910447761
0 0.42997198879551823 0.5130597014925373 0.058823529411764705 0.06343283582089553
0 0.5840336134453782 0.2537313432835821 0.04481792717086835 0.06343283582089553
0 0.41876750700280113 0.06529850746268656 0.05322128851540616 0.055970149253731345
0 0.3641456582633053 0.6194029850746269 0.0392156862745098 0.05223880597014925
0 0.4173669467787115 0.3619402985074627 0.04481792717086835 0.06343283582089553
0 0.34173669467787116 0.5018656716417911 0.047619047619047616 0.0708955223880597
0 0.3627450980392157 0.5634328358208955 0.03081232492997199 0.041044776119402986
0 0.7030812324929971 0.3208955223880597 0.04201680672268923 0.05970149253731343
0 0.4061624649859944 0.22014925373134328 0.05042016806722689 0.06716417910447761
0 0.36554621848739494 0.24253731343283583 0.04201680672268908 0.055970149253731345
0 0.6190476190476191 0.5447761194029851 0.03361344537815126 0.055970149253731345
0 0.38375350140056025 0.08768656716417911 0.03361344537815126 0.04477611940298507
0 0.3291316526610644 0.5597014925373134 0.03081232492997199 0.055970149253731345
