1 0.24558823529411763 0.17254901960784313 0.047058823529411764 0.06666666666666667
1 0.22058823529411764 0.4764705882352941 0.05588235294117647 0.07058823529411765
1 0.8043400923241418 0.5860597439544808 0.042689434364994665 0.05689900426742532
1 0.49264705882352944 0.4980392156862745 0.05588235294117647 0.08235294117647059
1 0.5911764705882353 0.8705882352941177 0.01764705882352941 0.07058823529411765
1 0.25588235294117645 0.792156862745098 0.05588235294117647 0.09019607843137255
1 0.3426470588235294 0.23529411764705882 0.03529411764705882 0.050980392156862744
1 0.5794117647058824 0.6705882352941176 0.023529411764705715 0.09411764705882353
1 0.2485294117647059 0.9058823529411765 0.03823529411764706 0.09411764705882353
1 0.21176470588235294 0.3588235294117647 0.05 0.07450980392156863
1 0.85 0.44901960784313727 0.03823529411764706 0.050980392156862744
