0 0.2759103641456583 0.9253731343283582 0.04201680672268908 0.05223880597014925
0 0.19327731092436976 0.664179104477612 0.047619047619047616 0.06343283582089553
0 0.30532212885154064 0.9888059701492538 0.03361344537815118 0.055970149253731345
0 0.3403361344537815 0.6847014925373134 0.04201680672268908 0.0708955223880597
0 0.046218487394957986 0.9589552238805971 0.047619047619047616 0.06343283582089553
0 0.7843137254901961 0.43656716417910446 0.047619047619047616 0.05223880597014925
0 0.2605042016806723 0.9682835820895522 0.05322128851540616 0.05970149253731343
0 0.8361344537815126 0.376865671641791 0.058823529411764705 0.04477611940298507
0 0.02661064425770308 0.7126865671641791 0.03361344537815126 0.04477611940298507
0 0.5518207282913166 0.7089552238805971 0.03361344537815126 0.04477611940298507
0 0.14145658263305322 0.7630597014925373 0.04201680672268908 0.04477611940298507
0 0.7633053221288515 0.39738805970149255 0.04481792717086835 0.04477611940298507
0 0.7296918767507002 0.3712686567164179 0.04201680672268908 0.048507462686567165
0 0.8011204481792717 0.34701492537313433 0.05042016806722689 0.04477611940298507
0 0.8823529411764706 0.4216417910447761 0.0392156862745098 0.05223880597014925
0 0.2661064425770308 0.7966417910447762 0.0392156862745098 0.055970149253731345
0 0.634453781512605 0.9235074626865671 0.05322128851540616 0.04477611940298507
0 0.8641456582633054 0.7686567164179104 0.05322128851540616 0.07462686567164178
0 0.7254901960784313 0.9235074626865671 0.05042016806722689 0.07835820895522388
0 0.623249299719888 0.9626865671641791 0.04201680672268908 0.048507462686567165
0 0.08683473389355742 0.7947761194029851 0.04201680672268908 0.055970149253731345
0 0.1330532212885154 0.8171641791044776 0.036414565826330535 0.048507462686567165
0 0.01680672268907563 0.5839552238805971 0.03361344537815126 0.05970149253731343
0 0.0546218487394958 0.7276119402985075 0.036414565826330535 0.055970149253731345
0 0.19467787114845939 0.8899253731343284 0.047619047619047616 0.0708955223880597
0 0.23949579831932774 0.6921641791044776 0.04481792717086835 0.06716417910447761
0 0.08683473389355742 0.4085820895522388 0.0392156862745098 0.048507462686567165
0 0.16526610644257703 0.38619402985074625 0.036414565826330535 0.03731343283582089
0 0.058823529411764705 0.5298507462686567 0.03081232492997199 0.03731343283582089
