1 0.8326300984528833 0.8619402985074627 0.06751054852320675 0.09328358208955224
1 0.4289732770745429 0.8619402985074627 0.07313642756680731 0.08208955223880597
1 0.9648382559774965 0.014925373134328358 0.08720112517580872 0.13805970149253732
1 0.5471167369901547 0.47761194029850745 0.0759493670886076 0.1044776119402985
1 0.3558368495077356 0.7873134328358209 0.07032348804500703 0.06716417910447761
1 0.5161744022503516 0.5727611940298507 0.08438818565400844 0.08955223880597014
1 0.6779184247538678 0.4832089552238806 0.09845288326300984 0.11940298507462686
1 0.43319268635724334 0.041044776119402986 0.12376933895921238 0.1455223880597015
1 0.770745428973277 0.8544776119402985 0.07313642756680731 0.07462686567164178
1 0.10126582278481013 0.6548507462686567 0.08438818565400844 0.08582089552238806
1 0.34177215189873417 0.20149253731343283 0.10689170182841069 0.16044776119402984
1 0.8157524613220816 0.26865671641791045 0.09282700421940929 0.12686567164179105
1 0.7144866385372715 0.17350746268656717 0.09563994374120956 0.11194029850746269
