1 0.7116736990154712 0.5876865671641791 0.0759493670886076 0.09701492537313433
1 0.9029535864978903 0.7518656716417911 0.1350210970464135 0.1791044776119403
1 0.4810126582278481 0.46455223880597013 0.06751054852320675 0.10820895522388059
1 0.41631504922644164 0.39552238805970147 0.09282700421940929 0.11940298507462686
1 0.5836849507735584 0.9216417910447762 0.11814345991561165 0.1455223880597015
1 0.38115330520393814 0.6865671641791045 0.10407876230661041 0.16417910447761194
1 0.6104078762306611 0.7294776119402985 0.07313642756680731 0.08955223880597014
1 0.5541490857946554 0.7779850746268657 0.08157524613220815 0.12313432835820895
1 0.43037974683544306 0.33955223880597013 0.08157524613220815 0.10820895522388059
1 0.2545710267229255 0.13246268656716417 0.09845288326300984 0.1417910447761194
1 0.5260196905766527 0.6175373134328358 0.09282700421940912 0.12313432835820895
