1 0.24357405140758873 0.5367047308319739 0.0416156670746634 0.07177814029363784
1 0.6634026927784578 0.8580750407830342 0.02447980416156671 0.07830342577487764
1 0.1762545899632803 0.44045676998368677 0.044063647490820076 0.052202283849918436
1 0.27539779681762544 0.2903752039151713 0.02447980416156664 0.08156606851549755
1 0.7319461444308446 0.9168026101141925 0.06119951040391677 0.01957585644371941
1 0.5165238678090576 0.5024469820554649 0.04406364749081994 0.052202283849918436
1 0.10893512851897184 0.03262642740619902 0.07833537331701346 0.08482871125611746
1 0.19706242350061198 0.7112561174551386 0.05385556915544676 0.05872756933115842
1 0.5826193390452876 0.9771615008156607 0.051407588739290085 0.03588907014681892
1 0.20685434516523868 0.4061990212071778 0.03671970624235006 0.04567699836867863
1 0.29253365973072215 0.0864600326264274 0.04895960832313342 0.07504078303425775
