1 0.12517580872011252 0.40671641791044777 0.15471167369901548 0.19029850746268656
1 0.8059071729957806 0.5466417910447762 0.17721518987341772 0.22014925373134328
1 0.2911392405063291 0.9589552238805971 0.12939521800281295 0.208955223880597
1 0.41068917018284107 0.7779850746268657 0.14345991561181434 0.17164179104477612
1 0.3291139240506329 0.24440298507462688 0.09001406469760909 0.13432835820895522
1 0.4149085794655415 0.498134328358209 0.09845288326300984 0.12686567164179105
1 0.630098452883263 0.417910447761194 0.08720112517580872 0.10820895522388059
1 0.5752461322081576 0.9458955223880597 0.18002812939521784 0.20149253731343283
1 0.21378340365682139 0.1455223880597015 0.09282700421940929 0.13805970149253732
1 0.42053445850914206 0.6138059701492538 0.09845288326300984 0.1417910447761194
1 0.25738396624472576 0.08395522388059702 0.09001406469760892 0.1455223880597015
1 0.49929676511954996 0.5597014925373134 0.07032348804500703 0.09701492537313433
