1 0.9353023909985936 0.9365671641791045 0.10126582278481013 0.12313432835820895
1 0.36427566807313644 0.9328358208955224 0.06188466947960619 0.09328358208955224
1 0.45288326300984527 0.8507462686567164 0.07032348804500703 0.10820895522388059
1 0.7791842475386779 0.9253731343283582 0.10407876230661041 0.12313432835820895
1 0.5414908579465542 0.47947761194029853 0.10407876230661041 0.11194029850746269
1 0.6216596343178622 0.789179104477612 0.09845288326300984 0.13059701492537312
1 0.8002812939521801 0.13805970149253732 0.11251758087201125 0.14925373134328357
1 0.5035161744022504 0.5541044776119403 0.06751054852320675 0.09328358208955224
1 0.3853727144866385 0.8339552238805971 0.04781997187060478 0.08955223880597014
1 0.6427566807313643 0.621268656716418 0.10689170182841069 0.1417910447761194
1 0.6160337552742616 0.43097014925373134 0.09563994374120956 0.12313432835820895
1 0.960618846694796 0.5764925373134329 0.08157524613220815 0.13805970149253732
1 0.6413502109704642 0.23694029850746268 0.0703234880450072 0.11940298507462686
