1 0.3353733170134639 0.6574225122349103 0.019583843329253364 0.08809135399673754
1 0.7111383108935129 0.4453507340946166 0.02937576499388005 0.04567699836867863
1 0.45165238678090575 0.5057096247960848 0.046511627906976744 0.05546492659053834
1 0.43084455324357407 0.9575856443719413 0.06119951040391677 0.026101141924959218
1 0.7025703794369645 0.11256117455138662 0.044063647490820076 0.07177814029363784
1 0.5997552019583844 0.367047308319739 0.02937576499387991 0.06851549755301795
1 0.7490820073439413 0.8254486133768353 0.046511627906976744 0.03915171288743882
1 0.9204406364749081 0.7765089722675367 0.019583843329253364 0.06525285481239804
1 0.7086903304773562 0.19249592169657423 0.07833537331701346 0.052202283849918436
1 0.7490820073439413 0.8792822185970636 0.03182374541003672 0.052202283849918436
1 0.5348837209302325 0.4371941272430669 0.03916768665850659 0.05872756933115824
