1 0.170182841068917 0.11753731343283583 0.1350210970464135 0.1865671641791045
1 0.8860759493670886 0.029850746268656716 0.180028129395218 0.1828358208955224
1 0.04360056258790436 0.8097014925373134 0.12939521800281295 0.16791044776119404
1 0.459915611814346 0.8955223880597015 0.12939521800281295 0.16791044776119404
1 0.24050632911392406 0.6921641791044776 0.15752461322081576 0.16417910447761194
1 0.23066104078762306 0.4197761194029851 0.16877637130801687 0.20522388059701493
1 0.6624472573839663 0.3712686567164179 0.13220815752461323 0.21641791044776118
1 0.07032348804500703 0.19402985074626866 0.11814345991561181 0.17164179104477612
1 0.8888888888888888 0.5111940298507462 0.16033755274261605 0.20149253731343283
1 0.8227848101265823 0.832089552238806 0.12939521800281295 0.16791044776119404
1 0.8059071729957806 0.26865671641791045 0.14345991561181434 0.20149253731343283
1 0.6891701828410689 0.9029850746268657 0.12658227848101267 0.17537313432835822
