0 0.5717339668591063 0.5727848101265823 0.05938242280285022 0.07594936708860742
0 0.16318289797549576 0.5712025316455697 0.0498812351543943 0.08227848101265804
0 0.47553444191848865 0.36550632911392406 0.047505938242280284 0.08860759493670886
0 0.29026128277359553 0.26582278481012656 0.07838479809976247 0.09493670886075958
0 0.3947743469066122 0.9414556962025317 0.0831353919239905 0.11075949367088607
0 0.6845605701845219 0.4541139240506329 0.0855106888361045 0.0981012658227848
0 0.16199524951943875 0.28639240506329117 0.0665083135391924 0.060126582278480924
0 0.16555819488760978 0.24525316455696203 0.05463182897862233 0.08227848101265822
0 0.9589073635336905 0.6693037974683544 0.04275534441805225 0.04430379746835443
0 0.6857482186405789 0.37183544303797467 0.0665083135391924 0.08544303797468354
0 0.39714964381872614 0.6756329113924051 0.0665083135391924 0.09810126582278463
0 0.17980997636029386 0.30854430379746833 0.07125890736342043 0.0759493670886076
