1 0.49507735583684953 0.36007462686567165 0.05907172995780591 0.13059701492537312
1 0.3980309423347398 0.24067164179104478 0.10126582278481013 0.09701492537313433
1 0.4767932489451477 0.2537313432835821 0.05907172995780591 0.09701492537313433
1 0.38396624472573837 0.7742537313432836 0.06469760900140648 0.10074626865671642
1 0.5147679324894515 0.05223880597014925 0.06188466947960603 0.09328358208955224
1 0.15752461322081576 0.29850746268656714 0.13783403656821377 0.1455223880597015
1 0.0970464135021097 0.05970149253731343 0.11533052039381153 0.1417910447761194
1 0.6540084388185654 0.3003731343283582 0.16033755274261605 0.1791044776119403
1 0.45147679324894513 0.5373134328358209 0.08720112517580872 0.16044776119402984
1 0.44022503516174405 0.3208955223880597 0.08438818565400844 0.1044776119402985
1 0.2180028129395218 0.11194029850746269 0.08720112517580872 0.10820895522388059
