1 0.29253365973072215 0.0734094616639478 0.056303549571603426 0.07504078303425775
1 0.6352509179926561 0.7928221859706363 0.03427172582619339 0.06851549755301795
1 0.29008567931456547 0.14518760195758565 0.046511627906976744 0.07177814029363784
1 0.806609547123623 0.6704730831973899 0.017135862913096694 0.07504078303425775
1 0.7356181150550796 0.9738988580750407 0.03671970624235006 0.05546492659053834
1 0.8824969400244798 0.9836867862969005 0.03671970624235006 0.05546492659053834
1 0.21542227662178703 0.1598694942903752 0.056303549571603426 0.07830342577487764
1 0.6376988984088128 0.8711256117455138 0.02937576499388005 0.07504078303425775
1 0.4638922888616891 0.9771615008156607 0.03916768665850673 0.07177814029363784
1 0.598531211750306 0.9298531810766721 0.0587515299877601 0.05872756933115824
1 0.2350061199510404 0.6818923327895595 0.06609547123623011 0.08482871125611746
1 0.24724602203182375 0.3833605220228385 0.06609547123623011 0.11419249592169657
