1 0.1490857946554149 0.5634328358208955 0.09845288326300984 0.13805970149253732
1 0.49226441631504925 0.5335820895522388 0.08157524613220815 0.1417910447761194
1 0.38677918424753865 0.9832089552238806 0.08157524613220815 0.05970149253731343
1 0.35724331926863573 0.8563432835820896 0.11814345991561181 0.16044776119402984
1 0.014064697609001406 0.5485074626865671 0.09282700421940929 0.08955223880597014
1 0.32208157524613223 0.746268656716418 0.10407876230661033 0.1455223880597015
1 0.6497890295358649 0.621268656716418 0.1744022503516176 0.21641791044776118
1 0.008438818565400843 0.9104477611940298 0.10407876230661041 0.1417910447761194
1 0.4177215189873418 0.746268656716418 0.0759493670886076 0.13059701492537312
1 0.030942334739803096 0.458955223880597 0.10970464135021098 0.13432835820895522
1 0.9774964838255977 0.3358208955223881 0.10689170182841069 0.12686567164179105
