1 0.9045287637698899 0.7308319738988581 0.017135862913096694 0.048939641109298715
1 0.9730722154222766 0.6476345840130505 0.019583843329253364 0.06199021207177833
1 0.3818849449204406 0.46492659053833607 0.05385556915544676 0.05872756933115824
1 0.7184822521419829 0.7259380097879282 0.019583843329253364 0.07177814029363784
1 0.3525091799265606 0.8515497553017944 0.02937576499388005 0.05546492659053834
1 0.4039167686658507 0.7911908646003263 0.044063647490820076 0.05872756933115824
1 0.24112607099143207 0.27732463295269166 0.0587515299877601 0.06851549755301795
1 0.26193390452876375 0.768352365415987 0.03182374541003679 0.052202283849918436
1 0.5813953488372093 0.9135399673735726 0.03427172582619339 0.06525285481239804
1 0.4981640146878825 0.7732463295269169 0.04895960832313342 0.04567699836867881
1 0.7123623011015912 0.6052202283849919 0.02937576499388005 0.06525285481239786
