1 0.6666666666666666 0.3376865671641791 0.1659634317862166 0.2126865671641791
1 0.4388185654008439 0.8022388059701493 0.1209563994374121 0.19029850746268656
1 0.4472573839662447 0.5652985074626866 0.07313642756680731 0.12313432835820895
1 0.3656821378340366 0.5746268656716418 0.10970464135021098 0.13059701492537312
1 0.07172995780590717 0.7182835820895522 0.15471167369901548 0.20522388059701493
1 0.04219409282700422 0.42350746268656714 0.11533052039381153 0.11940298507462686
1 0.6230661040787623 0.8376865671641791 0.17440225035161744 0.25
1 0.9578059071729957 0.03917910447761194 0.10407876230661041 0.07835820895522388
1 0.4022503516174402 0.664179104477612 0.10689170182841069 0.13432835820895522
1 0.17580872011251758 0.4216417910447761 0.10126582278481013 0.14925373134328357
1 0.0450070323488045 0.333955223880597 0.11814345991561181 0.11194029850746269
1 0.4936708860759494 0.35074626865671643 0.07876230661040788 0.12686567164179105
1 0.4022503516174402 0.9832089552238806 0.10126582278481013 0.06343283582089553
