1 0.736764705882353 0.4019607843137255 0.029411764705882186 0.050980392156862744
1 0.6926470588235294 0.44901960784313727 0.03823529411764706 0.03529411764705882
1 0.7294117647058823 0.33725490196078434 0.03235294117647059 0.0392156862745098
1 0.20441176470588235 0.2803921568627451 0.047058823529411764 0.050980392156862744
1 0.3779411764705882 0.3764705882352941 0.03823529411764706 0.047058823529411764
1 0.08529411764705883 0.12745098039215685 0.03529411764705882 0.058823529411764705
1 0.48676470588235293 0.45294117647058824 0.026470588235294117 0.047058823529411764
1 0.23970588235294119 0.43529411764705883 0.026470588235294117 0.047058823529411764
1 0.41911764705882354 0.7666666666666667 0.05 0.06666666666666667
1 0.8926470588235295 0.3607843137254902 0.03529411764705882 0.03529411764705882
1 0.04411764705882353 0.2 0.03823529411764707 0.0392156862745098
1 0.75 0.6607843137254902 0.029411764705882353 0.043137254901960784
1 0.9602941176470589 0.23921568627450981 0.03235294117647059 0.043137254901960784
1 0.4308823529411765 0.6588235294117647 0.05588235294117647 0.06274509803921569
1 0.18088235294117647 0.21568627450980393 0.041176470588235294 0.047058823529411764
1 0.9191176470588235 0.3627450980392157 0.03529411764705882 0.050980392156862744
1 0.9485294117647058 0.34705882352941175 0.029411764705882353 0.047058823529411764
1 0.045588235294117645 0.043137254901960784 0.029411764705882353 0.06274509803921569
1 0.34411764705882353 0.33137254901960783 0.03823529411764706 0.043137254901960784
1 0.07205882352941176 0.3137254901960784 0.052941176470588255 0.03137254901960784
1 0.6485294117647059 0.611764705882353 0.03529411764705882 0.0392156862745098
1 0.5426470588235294 0.4627450980392157 0.04411764705882353 0.047058823529411764
1 0.7838235294117647 0.14313725490196078 0.020588235294117647 0.06666666666666667
1 0.6058823529411764 0.39019607843137255 0.03235294117647076 0.047058823529411764
1 0.75 0.7901960784313725 0.023529411764705882 0.058823529411764705
1 0.7691176470588236 0.2803921568627451 0.041176470588235294 0.07450980392156863
1 0.8897058823529411 0.3196078431372549 0.041176470588235294 0.03137254901960784
1 0.7897058823529411 0.6784313725490196 0.029411764705882353 0.0392156862745098
1 0.48823529411764705 0.903921568627451 0.058823529411764705 0.047058823529411764
1 0.6176470588235294 0.5294117647058824 0.029411764705882353 0.0392156862745098
1 0.2985294117647059 0.3686274509803922 0.03529411764705882 0.050980392156862744
1 0.46911764705882353 0.5372549019607843 0.03529411764705882 0.043137254901960784
1 0.8441176470588235 0.3333333333333333 0.023529411764705882 0.050980392156862744
1 0.6808823529411765 0.3588235294117647 0.020588235294117647 0.058823529411764705
1 0.9529411764705882 0.1 0.07352941176470588 0.03137254901960784
1 0.45441176470588235 0.39215686274509803 0.04411764705882353 0.054901960784313725
1 0.9397058823529412 0.27647058823529413 0.029411764705882353 0.043137254901960784
1 0.9926470588235294 0.32941176470588235 0.03529411764705882 0.06666666666666667
