0 0.8949579831932774 0.2574626865671642 0.10364145658263306 0.13432835820895522
0 0.49719887955182074 0.746268656716418 0.047619047619047616 0.06716417910447761
0 0.5280112044817927 0.4832089552238806 0.05042016806722689 0.08582089552238806
0 0.8445378151260504 0.8638059701492538 0.04481792717086835 0.06716417910447761
0 0.29831932773109243 0.22014925373134328 0.058823529411764705 0.08208955223880597
0 0.5504201680672269 0.3451492537313433 0.03081232492997183 0.07835820895522388
0 0.2507002801120448 0.8470149253731343 0.056022408963585436 0.0708955223880597
0 0.7899159663865546 0.6417910447761194 0.06722689075630252 0.08955223880597014
0 0.7436974789915967 0.8395522388059702 0.06162464985994398 0.08208955223880597
0 0.17647058823529413 0.8339552238805971 0.056022408963585395 0.09328358208955224
0 0.6596638655462185 0.6902985074626866 0.05322128851540616 0.08208955223880597
0 0.06022408963585434 0.7985074626865671 0.06162464985994398 0.08955223880597014
0 0.22408963585434175 0.39738805970149255 0.058823529411764705 0.07462686567164178
0 0.14985994397759103 0.4458955223880597 0.05042016806722689 0.05970149253731343
0 0.6932773109243697 0.9048507462686567 0.05042016806722689 0.05970149253731343
