1 0.6483825597749648 0.08955223880597014 0.12658227848101267 0.17537313432835822
1 0.7637130801687764 0.6082089552238806 0.12376933895921238 0.1791044776119403
1 0.360056258790436 0.5149253731343284 0.12376933895921238 0.1455223880597015
1 0.02250351617440225 0.3675373134328358 0.16033755274261605 0.30223880597014924
1 0.5035161744022504 0.3358208955223881 0.11533052039381153 0.16417910447761194
1 0.4078762306610408 0.333955223880597 0.09563994374120956 0.13805970149253732
1 0.26441631504922647 0.6623134328358209 0.09563994374120949 0.15671641791044777
1 0.4964838255977497 0.20335820895522388 0.14345991561181434 0.15298507462686567
1 0.35724331926863573 0.8675373134328358 0.13783403656821377 0.17537313432835822
1 0.4430379746835443 0.44216417910447764 0.12939521800281295 0.16044776119402973
1 0.3459915611814346 0.621268656716418 0.14064697609001406 0.16044776119402984
1 0.29254571026722925 0.5261194029850746 0.08438818565400844 0.12686567164179105
1 0.8424753867791842 0.6623134328358209 0.08157524613220815 0.10074626865671642
1 0.15049226441631505 0.9496268656716418 0.13783403656821377 0.09701492537313433
