1 0.6338235294117647 0.17647058823529413 0.041176470588235294 0.047058823529411764
1 0.46911764705882353 0.4588235294117647 0.03235294117647059 0.047058823529411764
1 0.06323529411764706 0.8274509803921568 0.052941176470588235 0.0392156862745098
1 0.2426470588235294 0.6372549019607843 0.026470588235294117 0.047058823529411764
1 0.0661764705882353 0.5784313725490197 0.03529411764705882 0.050980392156862744
1 0.5338235294117647 0.9490196078431372 0.03529411764705882 0.047058823529411764
1 0.9529411764705882 0.9392156862745098 0.026470588235294117 0.054901960784313725
1 0.6455882352941177 0.707843137254902 0.041176470588235294 0.043137254901960784
1 0.8147058823529412 0.9313725490196079 0.026470588235294117 0.047058823529411764
1 0.2867647058823529 0.6019607843137255 0.04411764705882353 0.054901960784313725
1 0.9117647058823529 0.21372549019607842 0.020588235294117647 0.07058823529411765
1 0.8720588235294118 0.2568627450980392 0.041176470588235294 0.043137254901960784
1 0.7720588235294118 0.4803921568627451 0.026470588235294117 0.050980392156862744
1 0.027941176470588237 0.4980392156862745 0.03529411764705882 0.07058823529411765
1 0.7808823529411765 0.5470588235294118 0.03823529411764706 0.047058823529411764
