1 0.7763713080168776 0.539179104477612 0.06469760900140648 0.08582089552238806
1 0.26441631504922647 0.15485074626865672 0.11814345991561173 0.16417910447761194
1 0.11673699015471167 0.5802238805970149 0.12376933895921238 0.16044776119402984
1 0.18846694796061886 0.12313432835820895 0.10970464135021098 0.16044776119402984
1 0.01969057665260197 0.6511194029850746 0.07313642756680731 0.11567164179104478
1 0.3037974683544304 0.013059701492537313 0.08720112517580872 0.0708955223880597
1 0.6736990154711674 0.21828358208955223 0.10970464135021098 0.1828358208955224
1 0.17862165963431786 0.2537313432835821 0.11814345991561181 0.17537313432835822
1 0.9254571026722925 0.375 0.09563994374120956 0.13805970149253732
1 0.9817158931082982 0.28171641791044777 0.04781997187060478 0.10074626865671642
1 0.2841068917018284 0.7201492537313433 0.1350210970464135 0.16417910447761194
1 0.39662447257383965 0.018656716417910446 0.06188466947960619 0.04477611940298507
1 0.7510548523206751 0.2966417910447761 0.06188466947960619 0.08208955223880597
1 0.30239099859353025 0.4962686567164179 0.12939521800281295 0.16791044776119404
1 0.3530239099859353 0.08395522388059702 0.10970464135021098 0.1791044776119403
1 0.2714486638537271 0.26492537313432835 0.12095639943741218 0.1791044776119403
