1 0.4808823529411765 0.10196078431372549 0.029411764705882353 0.08235294117647059
1 0.6088235294117647 0.6333333333333333 0.03529411764705899 0.050980392156862744
1 0.9161764705882353 0.39019607843137255 0.029411764705882353 0.0392156862745098
1 0.3588235294117647 0.7803921568627451 0.052941176470588235 0.03529411764705882
1 0.8838235294117647 0.2411764705882353 0.03529411764705882 0.0392156862745098
1 0.5720588235294117 0.5078431372549019 0.026470588235294117 0.06274509803921569
1 0.7794117647058824 0.1568627450980392 0.020588235294117647 0.06274509803921569
1 0.31470588235294117 0.296078431372549 0.023529411764705882 0.06666666666666667
1 0.045588235294117645 0.7333333333333333 0.047058823529411764 0.047058823529411764
1 0.9926470588235294 0.6294117647058823 0.04411764705882353 0.03529411764705882
1 0.4147058823529412 0.03137254901960784 0.12058823529411765 0.12156862745098039
1 0.21764705882352942 0.4176470588235294 0.03529411764705882 0.047058823529411764
1 0.711764705882353 0.6470588235294118 0.03823529411764706 0.054901960784313725
1 0.6647058823529411 0.6588235294117647 0.03529411764705882 0.043137254901960784
1 0.9852941176470589 0.6980392156862745 0.020588235294117647 0.058823529411764705
1 0.7338235294117647 0.7 0.02941176470588252 0.050980392156862744
1 0.7073529411764706 0.045098039215686274 0.04411764705882353 0.03137254901960784
1 0.9397058823529412 0.13529411764705881 0.03823529411764706 0.047058823529411764
1 0.5426470588235294 0.8568627450980392 0.029411764705882353 0.050980392156862744
1 0.625 0.7450980392156863 0.03235294117647059 0.054901960784313725
1 0.8191176470588235 0.40980392156862744 0.04411764705882353 0.03137254901960784
1 0.5558823529411765 0.6431372549019608 0.03529411764705882 0.050980392156862744
1 0.5632352941176471 0.8058823529411765 0.029411764705882353 0.043137254901960784
1 0.3779411764705882 0.38823529411764707 0.04411764705882353 0.047058823529411764
1 0.9191176470588235 0.35294117647058826 0.029411764705882353 0.0392156862745098
1 0.03823529411764706 0.1843137254901961 0.06764705882352941 0.06274509803921569
1 0.4161764705882353 0.9137254901960784 0.041176470588235294 0.03137254901960784
