1 0.49411764705882355 0.8392156862745098 0.04411764705882353 0.0392156862745098
1 0.8279411764705882 0.12156862745098039 0.026470588235294117 0.06274509803921569
1 0.4852941176470588 0.44901960784313727 0.04411764705882353 0.06274509803921569
1 0.2661764705882353 0.021568627450980392 0.058823529411764705 0.047058823529411764
1 0.9338235294117647 0.7176470588235294 0.026470588235294117 0.050980392156862744
1 0.4676470588235294 0.25098039215686274 0.047058823529411764 0.07058823529411765
1 0.18970588235294117 0.6058823529411764 0.03529411764705882 0.043137254901960784
1 0.41911764705882354 0.5705882352941176 0.05 0.054901960784313725
1 0.37941176470588234 0.9313725490196079 0.06470588235294118 0.0784313725490196
1 0.28088235294117647 0.19215686274509805 0.052941176470588235 0.058823529411764705
1 0.9897058823529412 0.09803921568627451 0.047058823529411764 0.09411764705882353
1 0.9794117647058823 0.6980392156862745 0.03529411764705882 0.054901960784313725
