0 0.8781512605042017 0.7388059701492538 0.05322128851540616 0.055970149253731345
0 0.6022408963585434 0.375 0.056022408963585436 0.0708955223880597
0 0.6666666666666666 0.7369402985074627 0.036414565826330535 0.05970149253731343
0 0.6498599439775911 0.6417910447761194 0.036414565826330535 0.05223880597014925
0 0.9047619047619048 0.6473880597014925 0.05042016806722689 0.05223880597014925
0 0.5630252100840336 0.30597014925373134 0.06162464985994398 0.08582089552238806
0 0.5966386554621849 0.44402985074626866 0.056022408963585436 0.07462686567164178
0 0.47759103641456585 0.4253731343283582 0.056022408963585436 0.07462686567164178
0 0.5210084033613446 0.5223880597014925 0.06442577030812324 0.08208955223880597
0 0.30952380952380953 0.24067164179104478 0.06722689075630252 0.09701492537313433
0 0.27310924369747897 0.9738805970149254 0.03921568627450989 0.05970149253731343
0 0.7843137254901961 0.43470149253731344 0.036414565826330535 0.06343283582089553
0 0.6484593837535014 0.4533582089552239 0.05042016806722689 0.07462686567164178
0 0.05322128851540616 0.013059701492537313 0.058823529411764705 0.05223880597014925
0 0.7212885154061625 0.8171641791044776 0.03361344537815126 0.06343283582089553
0 0.6666666666666666 0.6809701492537313 0.03361344537815126 0.03731343283582089
0 0.8291316526610645 0.5167910447761194 0.0392156862745098 0.048507462686567165
0 0.022408963585434174 0.9029850746268657 0.04481792717086835 0.0708955223880597
0 0.7254901960784313 0.6660447761194029 0.04201680672268908 0.055970149253731345
0 0.19887955182072828 0.6511194029850746 0.06722689075630252 0.08208955223880597
