1 0.35724331926863573 0.36007462686567165 0.06469760900140648 0.08208955223880597
1 0.639943741209564 0.8526119402985075 0.04219409282700422 0.06716417910447761
1 0.2841068917018284 0.4496268656716418 0.06751054852320675 0.08955223880597014
1 0.1518987341772152 0.6100746268656716 0.06751054852320675 0.09701492537313433
1 0.6160337552742616 0.5634328358208955 0.04219409282700422 0.06716417910447761
1 0.6272855133614628 0.6511194029850746 0.05063291139240506 0.08208955223880597
1 0.6497890295358649 0.9347014925373134 0.05907172995780607 0.10074626865671642
1 0.60056258790436 0.4496268656716418 0.06188466947960635 0.07835820895522388
1 0.9760900140646976 0.9216417910447762 0.04219409282700422 0.07835820895522388
1 0.25738396624472576 0.4906716417910448 0.059071729957805824 0.07462686567164178
1 0.1111111111111111 0.6716417910447762 0.07313642756680731 0.08582089552238806
1 0.3881856540084388 0.2630597014925373 0.05625879043600562 0.07835820895522388
1 0.70042194092827 0.8731343283582089 0.05907172995780591 0.08955223880597014
1 0.6779184247538678 0.6585820895522388 0.06751054852320675 0.08955223880597014
1 0.5035161744022504 0.3805970149253731 0.05907172995780591 0.07462686567164178
1 0.8959212376933896 0.8619402985074627 0.05625879043600562 0.09328358208955224
1 0.43741209563994377 0.47761194029850745 0.06188466947960619 0.07462686567164178
1 0.36427566807313644 0.17350746268656717 0.05625879043600562 0.07462686567164178
1 0.3909985935302391 0.13059701492537312 0.04219409282700422 0.07462686567164178
1 0.9746835443037974 0.8395522388059702 0.03938115330520394 0.08208955223880597
1 0.6483825597749648 0.7238805970149254 0.06469760900140648 0.08582089552238806
1 0.11673699015471167 0.539179104477612 0.10970464135021098 0.12686567164179105
1 0.36146272855133615 0.46455223880597013 0.05625879043600562 0.07462686567164178
1 0.7819971870604782 0.6511194029850746 0.05625879043600562 0.07835820895522388
