1 0.18424753867791843 0.5298507462686567 0.08157524613220815 0.1455223880597015
1 0.3459915611814346 0.23880597014925373 0.07313642756680731 0.12686567164179105
1 0.4472573839662447 0.7182835820895522 0.06751054852320675 0.09701492537313433
1 0.34739803094233473 0.13059701492537312 0.09845288326300984 0.1417910447761194
1 0.4613220815752461 0.9626865671641791 0.08720112517580872 0.1044776119402985
1 0.44163150492264414 0.5298507462686567 0.09282700421940929 0.16417910447761194
1 0.18424753867791843 0.6585820895522388 0.08438818565400844 0.08582089552238806
1 0.3389592123769339 0.7145522388059702 0.08157524613220815 0.09701492537313433
1 0.15330520393811534 0.26865671641791045 0.06188466947960619 0.10074626865671642
1 0.39662447257383965 0.30223880597014924 0.08720112517580872 0.16044776119402984
