0 0.17507002801120447 0.7854477611940298 0.03641456582633057 0.03731343283582089
0 0.22549019607843138 0.31343283582089554 0.04481792717086835 0.05970149253731343
0 0.5490196078431373 0.1455223880597015 0.05042016806722673 0.08208955223880597
0 0.2507002801120448 0.6548507462686567 0.036414565826330535 0.048507462686567165
0 0.6190476190476191 0.8451492537313433 0.05042016806722689 0.06716417910447761
0 0.711484593837535 0.9048507462686567 0.05322128851540616 0.08208955223880597
0 0.23109243697478993 0.6044776119402985 0.04201680672268908 0.04477611940298507
0 0.20168067226890757 0.7164179104477612 0.03081232492997199 0.04477611940298507
0 0.8291316526610645 0.628731343283582 0.04481792717086835 0.05223880597014925
0 0.5630252100840336 0.6735074626865671 0.056022408963585436 0.09328358208955224
0 0.35714285714285715 0.539179104477612 0.025210084033613446 0.05223880597014925
0 0.27450980392156865 0.621268656716418 0.03361344537815118 0.041044776119402986
0 0.27310924369747897 0.5597014925373134 0.042016806722689155 0.05223880597014925
0 0.603641456582633 0.5466417910447762 0.06442577030812324 0.08208955223880597
0 0.16246498599439776 0.376865671641791 0.0392156862745098 0.048507462686567165
0 0.4425770308123249 0.6473880597014925 0.058823529411764705 0.06343283582089553
0 0.3949579831932773 0.31716417910447764 0.0392156862745098 0.055970149253731234
