1 0.7623066104078763 0.4048507462686567 0.06751054852320675 0.10074626865671642
1 0.9873417721518988 0.10074626865671642 0.05907172995780591 0.12313432835820895
1 0.20956399437412096 0.2798507462686567 0.14345991561181434 0.1828358208955224
1 0.9324894514767933 0.21082089552238806 0.10407876230661041 0.15298507462686567
1 0.16877637130801687 0.018656716417910446 0.14627285513361463 0.16417910447761194
1 0.057665260196905765 0.0037313432835820895 0.08157524613220815 0.11567164179104478
1 0.6315049226441631 0.014925373134328358 0.07876230661040788 0.09328358208955224
1 0.19127988748241911 0.539179104477612 0.14345991561181434 0.19402985074626866
1 0.7215189873417721 0.06716417910447761 0.08720112517580872 0.14925373134328357
1 0.8945147679324894 0.6417910447761194 0.06469760900140648 0.09701492537313433
