1 0.6335823548641633 0.1448262731516853 0.064034151547492 0.10810810810810811
1 0.8897189610541312 0.27142655764670665 0.06616862326574173 0.09957325746799431
1 0.7189612235941526 0.8645986771346156 0.05549626467449306 0.08250355618776671
1 0.612237637681666 0.3909144666082998 0.0576307363927428 0.07112375533428165
1 0.6058342225269167 0.9556370839624961 0.04695837780149413 0.04551920341394026
1 0.6047669866677918 0.7820951209468489 0.042689434364994665 0.07396870554765292
1 0.8555674135621355 0.10499697016448757 0.06830309498399147 0.08819345661450925
1 0.3411597294639498 0.7863625462669058 0.025613660618996798 0.059743954480796585
1 0.5055140517691792 0.18465557613888303 0.049092849519743985 0.07396870554765292
1 0.9089292065183788 0.4748404979027522 0.04695837780149413 0.07112375533428165
