1 0.7235872235872236 0.734094616639478 0.08353808353808354 0.1468189233278956
1 0.6339066339066339 0.9722675367047309 0.09336609336609336 0.05546492659053834
1 0.7174447174447175 0.5040783034257749 0.06388206388206388 0.14355628058727568
1 0.7641277641277642 0.06035889070146819 0.10319410319410319 0.16639477977161501
1 0.47911547911547914 0.768352365415987 0.09336609336609336 0.09461663947797716
1 0.4004914004914005 0.9477977161500816 0.03194103194103194 0.08482871125611746
1 0.6855036855036855 0.39477977161500816 0.05896805896805897 0.13050570962479607
1 0.28869778869778867 0.5432300163132137 0.03439803439803447 0.03588907014681892
1 0.4987714987714988 0.17944535073409462 0.085995085995086 0.13376835236541598
1 0.31695331695331697 0.41435562805872755 0.09828009828009827 0.07830342577487764
