1 0.5101102941176471 0.17401960784313725 0.01838235294117647 0.024509803921568627
1 0.04411764705882353 0.5012254901960784 0.04044117647058824 0.058823529411764705
1 0.5505514705882353 0.7732843137254902 0.051470588235294115 0.03676470588235294
1 0.18198529411764705 0.9889705882352942 0.04779411764705882 0.0392156862745098
1 0.4724264705882353 0.23651960784313725 0.04044117647058824 0.03676470588235294
1 0.7996323529411765 0.8382352941176471 0.014705882352941176 0.0392156862745098
1 0.14705882352941177 0.28308823529411764 0.04779411764705882 0.029411764705882353
1 0.9227941176470589 0.5649509803921569 0.04595588235294118 0.07107843137254902
1 0.8777573529411765 0.36887254901960786 0.06066176470588235 0.04656862745098039
1 0.7068014705882353 0.4019607843137255 0.05330882352941176 0.049019607843137254
1 0.7610294117647058 0.803921568627451 0.034926470588235295 0.051470588235294115
