1 0.30818181818181817 0.3284848484848485 0.08363636363636363 0.10666666666666667
1 0.5509090909090909 0.3054545454545455 0.05818181818181818 0.10909090909090902
1 0.519090909090909 0.48 0.06363636363636363 0.08727272727272728
1 0.7672727272727272 0.11272727272727273 0.08181818181818161 0.09454545454545454
1 0.6063636363636363 0.9648484848484848 0.045454545454545456 0.11393939393939394
1 0.7563636363636363 0.18303030303030304 0.05454545454545454 0.08484848484848485
1 0.3618181818181818 0.38545454545454544 0.10363636363636364 0.0703030303030303
1 0.6954545454545454 0.3321212121212121 0.05090909090909091 0.10666666666666667
1 0.6809090909090909 0.18303030303030304 0.07090909090909091 0.09212121212121212
1 0.48545454545454547 0.7624242424242424 0.08545454545454545 0.12363636363636364
1 0.42454545454545456 0.6509090909090909 0.05454545454545454 0.10424242424242425
1 0.5945454545454546 0.18787878787878787 0.06363636363636344 0.07272727272727272
1 0.31727272727272726 0.10424242424242425 0.1 0.12363636363636364
1 0.7490909090909091 0.26666666666666666 0.05818181818181818 0.07272727272727272
1 0.2390909090909091 0.1406060606060606 0.08 0.13333333333333336
