1 0.6181818181818182 0.34545454545454546 0.06181818181818182 0.05090909090909091
1 0.6872727272727273 0.059393939393939395 0.08 0.07272727272727272
1 0.42272727272727273 0.8278787878787879 0.03272727272727273 0.08727272727272728
1 0.12272727272727273 0.6133333333333333 0.09636363636363636 0.08242424242424257
1 0.9572727272727273 0.16484848484848486 0.06727272727272728 0.08969696969696969
1 0.2590909090909091 0.9515151515151515 0.08545454545454545 0.09212121212121212
1 0.30454545454545456 0.3903030303030303 0.09454545454545454 0.11393939393939394
1 0.3990909090909091 0.6642424242424242 0.06 0.06545454545454546
1 0.4918181818181818 0.9672727272727273 0.06909090909090909 0.05333333333333334
1 0.7218181818181818 0.3793939393939394 0.06181818181818182 0.08727272727272728
1 0.610909090909091 0.7672727272727272 0.06545454545454546 0.08969696969696969
