0 0.5168067226890757 0.36380597014925375 0.03081232492997183 0.041044776119402986
0 0.5238095238095238 0.6082089552238806 0.03081232492997199 0.04477611940298507
0 0.38935574229691877 0.07835820895522388 0.03081232492997199 0.041044776119402986
0 0.5336134453781513 0.25 0.036414565826330535 0.04477611940298507
0 0.3739495798319328 0.19029850746268656 0.0392156862745098 0.04477611940298507
0 0.5322128851540616 0.19962686567164178 0.036414565826330535 0.048507462686567165
0 0.40336134453781514 0.6958955223880597 0.03081232492997199 0.055970149253731345
0 0.5 0.5783582089552238 0.036414565826330535 0.048507462686567165
0 0.3389355742296919 0.9160447761194029 0.047619047619047616 0.07462686567164178
0 0.4103641456582633 0.7705223880597015 0.036414565826330535 0.05970149253731343
0 0.5280112044817927 0.47574626865671643 0.036414565826330535 0.04477611940298507
0 0.47198879551820727 0.5074626865671642 0.03361344537815126 0.04477611940298507
0 0.5518207282913166 0.03731343283582089 0.03361344537815126 0.048507462686567165
0 0.5490196078431373 0.09701492537313433 0.03081232492997183 0.041044776119402986
0 0.4565826330532213 0.7126865671641791 0.0392156862745098 0.05223880597014925
0 0.453781512605042 0.8208955223880597 0.03361344537815126 0.05970149253731343
0 0.5868347338935574 0.31156716417910446 0.0392156862745098 0.041044776119402986
0 0.6778711484593838 0.22388059701492538 0.03361344537815126 0.04477611940298507
