1 0.6 0.6266666666666667 0.05454545454545454 0.08
1 0.7936363636363636 0.7236363636363636 0.04545454545454525 0.06787878787878789
1 0.07454545454545454 0.5151515151515151 0.08181818181818182 0.07515151515151515
1 0.7063636363636364 0.7236363636363636 0.06363636363636344 0.08242424242424243
1 0.6409090909090909 0.656969696969697 0.06909090909090909 0.06787878787878789
1 0.6881818181818182 0.36727272727272725 0.07272727272727272 0.06787878787878789
1 0.46454545454545454 0.49454545454545457 0.06727272727272728 0.09454545454545454
1 0.25 0.9490909090909091 0.04181818181818182 0.07757575757575758
1 0.5427272727272727 0.49818181818181817 0.05090909090909091 0.08242424242424243
1 0.8436363636363636 0.7563636363636363 0.03272727272727273 0.055757575757575756
1 0.6563636363636364 0.2545454545454545 0.07454545454545454 0.0824242424242425
1 0.4018181818181818 0.68 0.09272727272727273 0.08969696969696969
1 0.5654545454545454 0.32484848484848483 0.05818181818181818 0.11393939393939394
1 0.08272727272727273 0.41333333333333333 0.07090909090909091 0.11151515151515151
1 0.8718181818181818 0.703030303030303 0.038181818181818185 0.06787878787878789
1 0.55 0.05333333333333334 0.06181818181818182 0.08969696969696969
