1 0.49454545454545457 0.2896969696969697 0.06363636363636363 0.09212121212121219
1 0.42818181818181816 0.22666666666666666 0.06 0.08
1 0.4590909090909091 0.37212121212121213 0.09636363636363636 0.08969696969696969
1 0.7763636363636364 0.4351515151515152 0.14545454545454545 0.14303030303030304
1 0.5509090909090909 0.09575757575757576 0.06545454545454546 0.07757575757575758
1 0.06 0.6181818181818182 0.08181818181818182 0.09212121212121212
1 0.5454545454545454 0.2315151515151515 0.06363636363636363 0.07272727272727272
1 0.2827272727272727 0.5224242424242425 0.04363636363636364 0.05090909090909091
1 0.17909090909090908 0.5139393939393939 0.06363636363636363 0.08727272727272728
1 0.33090909090909093 0.8896969696969697 0.05818181818181818 0.10424242424242425
1 0.8736363636363637 0.9442424242424242 0.10545454545454545 0.12606060606060607
1 0.2590909090909091 0.5624242424242424 0.05818181818181818 0.060606060606060747
1 0.11545454545454545 0.5551515151515152 0.07818181818181819 0.08242424242424243
1 0.1809090909090909 0.20606060606060606 0.10363636363636364 0.13090909090909092
