0 0.7983193277310925 0.8824626865671642 0.04201680672268908 0.06343283582089553
0 0.43557422969187676 0.5802238805970149 0.06722689075630252 0.09328358208955224
0 0.7128851540616247 0.47947761194029853 0.036414565826330535 0.05223880597014925
0 0.8011204481792717 0.7705223880597015 0.0392156862745098 0.07462686567164178
0 0.24089635854341737 0.7201492537313433 0.05042016806722689 0.055970149253731345
0 0.7759103641456583 0.6828358208955224 0.04481792717086835 0.06343283582089553
0 0.1134453781512605 0.7052238805970149 0.05042016806722689 0.06716417910447761
0 0.5280112044817927 0.9533582089552238 0.05322128851540616 0.08208955223880597
0 0.7296918767507002 0.5708955223880597 0.056022408963585436 0.07835820895522388
0 0.6512605042016807 0.3712686567164179 0.04201680672268908 0.06343283582089553
