1 0.7279411764705882 0.8392156862745098 0.03529411764705882 0.054901960784313725
1 0.42058823529411765 0.8137254901960784 0.047058823529411764 0.06666666666666667
1 0.6926470588235294 0.788235294117647 0.05 0.06274509803921569
1 0.4573529411764706 0.5098039215686274 0.03529411764705882 0.06666666666666667
1 0.38235294117647056 0.4 0.11176470588235295 0.06666666666666667
1 0.8205882352941176 0.9705882352941176 0.03235294117647059 0.07450980392156863
1 0.16323529411764706 0.8901960784313725 0.061764705882352944 0.023529411764705882
1 0.3735294117647059 0.8098039215686275 0.029411764705882353 0.050980392156862744
1 0.2897058823529412 0.3627450980392157 0.05294117647058815 0.054901960784313725
1 0.4470588235294118 0.7215686274509804 0.03529411764705882 0.054901960784313725
1 0.26176470588235295 0.8705882352941177 0.06470588235294118 0.050980392156862744
1 0.5514705882352942 0.25098039215686274 0.052941176470588235 0.0392156862745098
1 0.8823529411764706 0.592156862745098 0.03529411764705882 0.054901960784313725
1 0.5911764705882353 0.27058823529411763 0.03235294117647059 0.043137254901960784
1 0.586764705882353 0.7313725490196078 0.052941176470588235 0.06666666666666667
