1 0.6264705882352941 0.6745098039215687 0.07941176470588235 0.10588235294117647
1 0.075 0.996078431372549 0.06470588235294118 0.054901960784313725
1 0.19852941176470587 0.4215686274509804 0.10882352941176471 0.13333333333333333
1 0.7676470588235295 0.029411764705882353 0.047058823529411764 0.09019607843137255
1 0.7852941176470588 0.7980392156862746 0.09705882352941177 0.1803921568627451
1 0.5970588235294118 0.5549019607843138 0.07058823529411765 0.1411764705882353
1 0.9705882352941176 0.22745098039215686 0.08823529411764706 0.13333333333333333
1 0.3573529411764706 0.31176470588235294 0.08529411764705883 0.08627450980392157
1 0.9911764705882353 0.5176470588235295 0.020588235294117647 0.1411764705882353
1 0.6985294117647058 0.22941176470588234 0.06470588235294118 0.08235294117647059
1 0.12794117647058822 0.31176470588235294 0.08529411764705883 0.13725490196078433
