0 0.6750700280112045 0.35261194029850745 0.04761904761904746 0.05223880597014925
0 0.9285714285714286 0.43843283582089554 0.04481792717086835 0.055970149253731345
0 0.8291316526610645 0.33955223880597013 0.036414565826330535 0.04477611940298507
0 0.12044817927170869 0.6660447761194029 0.08403361344537816 0.11194029850746269
0 0.42857142857142855 0.3880597014925373 0.0392156862745098 0.048507462686567165
0 0.803921568627451 0.09888059701492537 0.04481792717086835 0.05970149253731343
0 0.4943977591036415 0.4123134328358209 0.04481792717086835 0.06716417910447761
0 0.48739495798319327 0.7779850746268657 0.04481792717086835 0.06343283582089553
0 0.5700280112044818 0.22388059701492538 0.04201680672268908 0.055970149253731345
0 0.6708683473389355 0.30223880597014924 0.04481792717086851 0.05223880597014925
0 0.8613445378151261 0.40298507462686567 0.05042016806722689 0.05223880597014925
0 0.23809523809523808 0.582089552238806 0.058823529411764705 0.09328358208955224
0 0.38935574229691877 0.3582089552238806 0.04201680672268908 0.06343283582089553
0 0.47058823529411764 0.5727611940298507 0.036414565826330535 0.0708955223880597
0 0.7366946778711485 0.9347014925373134 0.047619047619047616 0.07835820895522388
0 0.8585434173669467 0.9496268656716418 0.04201680672268908 0.055970149253731345
