1 0.1175030599755202 0.5693311582381729 0.09057527539779682 0.05546492659053834
1 0.8164014687882497 0.800978792822186 0.07833537331701346 0.04567699836867863
1 0.5275397796817626 0.5138662316476346 0.06364749082007344 0.09787928221859707
1 0.0832313341493268 0.30179445350734097 0.0832313341493268 0.03588907014681892
1 0.6609547123623011 0.4437194127243067 0.07099143206854346 0.048939641109298535
1 0.6340269277845777 0.6867862969004894 0.04895960832313342 0.09787928221859707
1 0.2974296205630355 0.34910277324632955 0.07343941248470012 0.04567699836867863
1 0.6927784577723378 0.30179445350734097 0.022031823745410038 0.06851549755301795
1 0.9718482252141983 0.8858075040783034 0.06609547123623011 0.05872756933115824
1 0.2802937576499388 0.7373572593800979 0.056303549571603426 0.11092985318107668
