1 0.027941176470588237 0.7568627450980392 0.06764705882352941 0.08235294117647059
1 0.43970588235294117 0.6019607843137255 0.052941176470588235 0.08627450980392157
1 0.47058823529411764 0.20392156862745098 0.052941176470588235 0.058823529411764705
1 0.47352941176470587 0.2803921568627451 0.04411764705882353 0.054901960784313725
1 0.43823529411764706 0.5078431372549019 0.04411764705882353 0.054901960784313725
1 0.47794117647058826 0.027450980392156862 0.058823529411764705 0.06666666666666667
1 0.07941176470588235 0.6823529411764706 0.058823529411764705 0.06274509803921569
1 0.42205882352941176 0.8705882352941177 0.06470588235294118 0.0784313725490196
1 0.33676470588235297 0.9411764705882353 0.04411764705882345 0.050980392156862744
1 0.4411764705882353 0.4392156862745098 0.041176470588235294 0.0784313725490196
1 0.4411764705882353 0.24901960784313726 0.041176470588235294 0.06666666666666667
1 0.023529411764705882 0.9862745098039216 0.052941176470588235 0.050980392156862744
1 0.13823529411764707 0.4117647058823529 0.07352941176470588 0.0784313725490196
1 0.1161764705882353 0.5078431372549019 0.07058823529411765 0.08627450980392157
1 0.3764705882352941 0.5196078431372549 0.04411764705882353 0.07450980392156863
1 0.4411764705882353 0.9450980392156862 0.05 0.050980392156862744
1 0.41323529411764703 0.788235294117647 0.058823529411764705 0.0784313725490196
1 0.47941176470588237 0.4137254901960784 0.04411764705882353 0.047058823529411764
1 0.09411764705882353 0.5843137254901961 0.07058823529411765 0.08235294117647059
1 0.4294117647058823 0.7156862745098039 0.03823529411764706 0.08627450980392157
1 0.16029411764705884 0.6509803921568628 0.05882352941176475 0.09411764705882353
1 0.4602941176470588 0.35490196078431374 0.058823529411764705 0.07450980392156863
1 0.023529411764705882 0.8745098039215686 0.052941176470588235 0.09411764705882353
1 0.40147058823529413 0.3784313725490196 0.03235294117647059 0.054901960784313725
