1 0.9094247246022031 0.19086460032626426 0.0832313341493268 0.0783034257748777
1 0.16523867809057527 0.4110929853181077 0.03427172582619339 0.05546492659053834
1 0.379436964504284 0.9624796084828712 0.06854345165238677 0.09787928221859707
1 0.24357405140758873 0.40456769983686786 0.0416156670746634 0.052202283849918436
1 0.9767441860465116 0.46818923327895595 0.046511627906976744 0.10766721044045677
1 0.1591187270501836 0.31484502446982054 0.02937576499388005 0.08482871125611746
1 0.9620563035495716 0.3605220228384992 0.08812729498164015 0.061990212071778045
1 0.7858017135862914 0.0734094616639478 0.06854345165238677 0.08809135399673738
1 0.16401468788249693 0.021207177814029365 0.03182374541003672 0.045676998368678626
1 0.3268053855569155 0.7846655791190864 0.06119951040391677 0.11092985318107686
1 0.20563035495716034 0.052202283849918436 0.03182374541003672 0.048939641109298535
1 0.3659730722154223 0.732463295269168 0.03671970624235006 0.07830342577487764
1 0.9314565483476133 0.25774877650897227 0.044063647490820076 0.06525285481239804
1 0.2582619339045288 0.49592169657422513 0.04651162790697681 0.07830342577487764
1 0.19461444308445533 0.47471451876019577 0.03916768665850673 0.06851549755301795
1 0.12607099143206854 0.06199021207177814 0.03182374541003672 0.06525285481239804
1 0.3108935128518972 0.8988580750407831 0.07343941248470005 0.10114192495921696
1 0.030599755201958383 0.03425774877650897 0.06364749082007344 0.04567699836867863
1 0.32313341493268055 0.6933115823817292 0.02937576499388005 0.06525285481239804
1 0.5569155446756426 0.04404567699836868 0.04406364749081994 0.07504078303425775
1 0.5030599755201959 0.026101141924959218 0.056303549571603564 0.08809135399673736
1 0.2692778457772338 0.636215334420881 0.06119951040391677 0.05546492659053815
1 0.21542227662178703 0.3376835236541599 0.03671970624235006 0.04241435562805873
1 0.2998776009791922 0.5628058727569332 0.046511627906976674 0.11745513866231629
1 0.1701346389228886 0.18433931484502447 0.022031823745410038 0.07177814029363784
1 0.3659730722154223 0.8531810766721044 0.02692778457772338 0.08156606851549755
