1 0.175 0.37450980392156863 0.041176470588235335 0.043137254901960784
1 0.07205882352941176 0.3686274509803922 0.052941176470588255 0.03529411764705882
1 0.43823529411764706 0.42745098039215684 0.03823529411764706 0.047058823529411764
1 0.17058823529411765 0.3156862745098039 0.047058823529411764 0.027450980392156862
1 0.25588235294117645 0.3431372549019608 0.05 0.023529411764705882
1 0.11911764705882352 0.3156862745098039 0.04411764705882353 0.03529411764705882
1 0.42205882352941176 0.49607843137254903 0.026470588235294117 0.054901960784313725
1 0.4426470588235294 0.5686274509803921 0.03823529411764706 0.0392156862745098
1 0.9220588235294118 0.4980392156862745 0.047058823529411764 0.027450980392156862
1 0.35294117647058826 0.4176470588235294 0.03235294117647051 0.058823529411764705
1 0.9705882352941176 0.5254901960784314 0.03823529411764706 0.047058823529411764
1 0.22205882352941175 0.40588235294117647 0.03823529411764706 0.047058823529411764
1 0.10882352941176471 0.23333333333333334 0.041176470588235294 0.043137254901960784
1 0.5058823529411764 0.4294117647058823 0.04411764705882353 0.03529411764705882
