1 0.200734394124847 0.22838499184339314 0.06609547123623011 0.06199021207177814
1 0.30599755201958384 0.21207177814029363 0.08078335373317014 0.10766721044045677
1 0.6829865361077111 0.802610114192496 0.07588739290085679 0.1272430668841762
1 0.21542227662178703 0.9755301794453507 0.0587515299877601 0.10440456769983687
1 0.1346389228886169 0.23817292006525284 0.06854345165238677 0.10440456769983687
1 0.6915544675642595 0.3637846655791191 0.07343941248470012 0.07830342577487764
1 0.8531211750305998 0.7210440456769984 0.07099143206854346 0.10114192495921678
1 0.05997552019583843 0.5220228384991843 0.08812729498164015 0.1402936378466558
1 0.01346389228886169 0.2642740619902121 0.04895960832313342 0.09787928221859707
1 0.21052631578947367 0.8417618270799347 0.046511627906976744 0.05872756933115824
1 0.9228886168910648 0.9249592169657422 0.03427172582619339 0.06851549755301795
1 0.11995104039167687 0.66721044045677 0.0587515299877601 0.10114192495921696
1 0.11872705018359853 0.7846655791190864 0.0832313341493268 0.06525285481239823
1 0.773561811505508 0.5008156606851549 0.06364749082007344 0.08482871125611764
1 0.6144430844553244 0.21859706362153344 0.07099143206854346 0.10114192495921696
1 0.12851897184822522 0.45840130505709625 0.06609547123623011 0.09135399673735727
1 0.030599755201958383 0.3866231647634584 0.06364749082007344 0.09787928221859697
