1 0.4455882352941177 0.2823529411764706 0.09411764705882353 0.0784313725490196
1 0.638235294117647 0.7901960784313725 0.09705882352941193 0.13725490196078433
1 0.5220588235294118 0.29411764705882354 0.058823529411764705 0.06274509803921569
1 0.3161764705882353 0.3411764705882353 0.05 0.03137254901960784
1 0.7220588235294118 0.39215686274509803 0.10294117647058823 0.09019607843137255
1 0.5602941176470588 0.9588235294117647 0.041176470588235294 0.09019607843137255
1 0.7705882352941177 0.8666666666666667 0.058823529411764705 0.15294117647058825
1 0.17205882352941176 0.6568627450980392 0.11470588235294117 0.1411764705882353
1 0.8147058823529412 0.43137254901960786 0.08235294117647059 0.09803921568627451
1 0.6455882352941177 0.5313725490196078 0.11764705882352941 0.11372549019607843
1 0.925 0.44313725490196076 0.08823529411764706 0.06666666666666667
