1 0.1799265605875153 0.6769983686786297 0.10771113831089352 0.14355628058727568
1 0.06976744186046512 0.4910277324632953 0.08567931456548347 0.10766721044045677
1 0.7160342717258262 0.466557911908646 0.09302325581395349 0.11419249592169657
1 0.08445532435740515 0.23817292006525284 0.09302325581395349 0.13376835236541598
1 0.8151774785801713 0.8466557911908646 0.051407588739290085 0.09135399673735727
1 0.9571603427172583 0.9445350734094616 0.09302325581395349 0.08809135399673736
1 0.23745410036719705 0.21533442088091354 0.1175030599755202 0.11745513866231648
1 0.8200734394124847 0.28548123980424145 0.06609547123623011 0.08809135399673736
1 0.5740514075887393 0.20554649265905384 0.046511627906976744 0.10440456769983687
1 0.1346389228886169 0.564437194127243 0.0587515299877601 0.08156606851549755
1 0.11015911872705018 0.3915171288743883 0.05385556915544676 0.10440456769983687
1 0.7197062423500612 0.3278955954323002 0.06609547123623011 0.10114192495921696
1 0.028151774785801713 0.11092985318107668 0.056303549571603426 0.08809135399673736
