1 0.47941176470588237 0.30980392156862746 0.023529411764705882 0.0784313725490196
1 0.7205882352941176 0.24705882352941178 0.03235294117647059 0.054901960784313725
1 0.5529411764705883 0.3254901960784314 0.05588235294117647 0.0392156862745098
1 0.8235294117647058 0.8803921568627451 0.052941176470588235 0.043137254901960784
1 0.8191176470588235 0.1411764705882353 0.05 0.043137254901960784
1 0.7602941176470588 0.46862745098039216 0.052941176470588235 0.043137254901960784
1 0.6426470588235295 0.15294117647058825 0.04117647058823546 0.054901960784313725
1 0.09411764705882353 0.6019607843137255 0.041176470588235294 0.043137254901960784
1 0.6676470588235294 0.08431372549019608 0.041176470588235294 0.047058823529411764
1 0.6088235294117647 0.07058823529411765 0.05000000000000017 0.054901960784313725
1 0.8397058823529412 0.9862745098039216 0.052941176470588235 0.058823529411764705
1 0.5455882352941176 0.39019607843137255 0.04705882352941193 0.03529411764705882
