1 0.48225214198286415 0.2903752039151713 0.03427172582619339 0.07177814029363784
1 0.6793145654834761 0.5791190864600326 0.014687882496940025 0.08156606851549755
1 0.5226438188494492 0.44045676998368677 0.03427172582619339 0.04241435562805873
1 0.2350061199510404 0.1272430668841762 0.03671970624235006 0.08156606851549755
1 0.4785801713586291 0.3637846655791191 0.044063647490820076 0.04567699836867863
1 0.5299877600979193 0.4796084828711256 0.026927784577723518 0.03262642740619902
1 0.14075887392900857 0.2169657422512235 0.056303549571603426 0.06199021207177814
1 0.08812729498164015 0.21044045676998369 0.044063647490820076 0.08482871125611746
1 0.4981640146878825 0.4061990212071778 0.03916768665850673 0.04567699836867863
1 0.44920440636474906 0.2495921696574225 0.044063647490820076 0.048939641109298535
1 0.02937576499388005 0.20228384991843393 0.0587515299877601 0.048939641109298535
