1 0.17870257037943696 0.3458401305057096 0.07833537331701346 0.07830342577487764
1 0.1554467564259486 0.9445350734094616 0.03671970624235003 0.06851549755301795
1 0.11627906976744186 0.10603588907014681 0.04895960832313342 0.05546492659053834
1 0.0795593635250918 0.36867862969004894 0.0832313341493268 0.06525285481239804
1 0.16523867809057527 0.601957585644372 0.0416156670746634 0.07830342577487764
1 0.17503059975520197 0.14192495921696574 0.07343941248470012 0.07504078303425775
1 0.2386780905752754 0.5497553017944535 0.05385556915544676 0.05872756933115824
1 0.1211750305997552 0.7275693311582382 0.06119951040391677 0.048939641109298535
1 0.04528763769889841 0.2463295269168026 0.07588739290085679 0.06199021207177814
1 0.009791921664626682 0.03915171288743882 0.03916768665850673 0.07177814029363785
1 0.23745410036719705 0.01794453507340946 0.07833537331701346 0.04241435562805873
