1 0.642594859241126 0.7781402936378466 0.022031823745410038 0.052202283849918436
1 0.12239902080783353 0.399673735725938 0.07588739290085679 0.06851549755301795
1 0.9351285189718482 0.09951060358890701 0.0587515299877601 0.03915171288743882
1 0.33659730722154224 0.2463295269168026 0.06609547123623011 0.06851549755301795
1 0.4149326805385557 0.3817292006525285 0.06854345165238677 0.06199021207177823
1 0.9057527539779682 0.16639477977161501 0.03671970624235006 0.05872756933115824
1 0.40514075887392903 0.24306688417618272 0.06119951040391677 0.06199021207177814
1 0.48959608323133413 0.1859706362153344 0.0587515299877601 0.05872756933115824
1 0.7001223990208079 0.5872756933115824 0.03427172582619339 0.03915171288743882
1 0.7980416156670747 0.7487765089722676 0.044063647490820076 0.04241435562805873
