1 0.204406364749082 0.8743882544861338 0.044063647490820076 0.052202283849918436
1 0.41370869033047736 0.25122349102773245 0.0587515299877601 0.026101141924959218
1 0.25091799265605874 0.08972267536704731 0.051407588739290085 0.05546492659053834
1 0.4847001223990208 0.8221859706362153 0.06119951040391677 0.048939641109298535
1 0.022031823745410038 0.0734094616639478 0.08567931456548347 0.03915171288743882
1 0.26438188494492043 0.8841761827079935 0.0587515299877601 0.03915171288743882
1 0.46511627906976744 0.1631321370309951 0.0416156670746634 0.05546492659053834
1 0.5091799265605875 0.0636215334420881 0.051407588739290085 0.03588907014681892
1 0.1664626682986536 0.08319738988580751 0.0416156670746634 0.06199021207177814
1 0.9363525091799265 0.2936378466557912 0.056303549571603426 0.03915171288743882
1 0.605875152998776 0.07504078303425775 0.03182374541003672 0.048939641109298535
1 0.609547123623011 0.9102773246329527 0.02937576499388005 0.05546492659053834
1 0.37209302325581395 0.052202283849918436 0.0587515299877601 0.026101141924959218
1 0.7968176254589964 0.04730831973898858 0.0587515299877601 0.052202283849918436
1 0.5556915544675642 0.8303425774877651 0.05385556915544676 0.06199021207177814
1 0.2558139534883721 0.47797716150081565 0.056303549571603426 0.02936378466557912
1 0.7123623011015912 0.5889070146818923 0.02692778457772338 0.06851549755301795
1 0.42962056303549573 0.3605220228384992 0.06119951040391677 0.05546492659053824
1 0.7209302325581395 0.49592169657422513 0.03916768665850673 0.05546492659053834
1 0.12239902080783353 0.8613376835236541 0.0416156670746634 0.05872756933115824
1 0.5605875152998776 0.08319738988580751 0.044063647490820076 0.06525285481239804
1 0.43818849449204406 0.057096247960848286 0.07099143206854346 0.048939641109298535
1 0.3023255813953488 0.04567699836867863 0.056303549571603495 0.02610114192495923
1 0.6070991432068543 0.7879282218597063 0.0416156670746634 0.04567699836867863
1 0.6548347613219094 0.8401305057096248 0.04895960832313342 0.06851549755301795
1 0.6964504283965728 0.07830342577487764 0.06364749082007344 0.03588907014681895
1 0.1664626682986536 0.8384991843393148 0.0416156670746634 0.052202283849918436
