1 0.49571603427172584 0.17455138662316477 0.046511627906976744 0.04241435562805873
1 0.2178702570379437 0.021207177814029365 0.0416156670746634 0.05872756933115824
1 0.43084455324357407 0.19902120717781402 0.03427172582619339 0.06851549755301795
1 0.44920440636474906 0.9102773246329527 0.03916768665850673 0.052202283849918436
1 0.627906976744186 0.9820554649265906 0.03916768665850673 0.06199021207177814
1 0.3635250917992656 0.964110929853181 0.0416156670746634 0.05546492659053834
1 0.9130966952264382 0.6851549755301795 0.051407588739290085 0.04241435562805873
1 0.7148102815177478 0.8515497553017944 0.07343941248470012 0.08156606851549755
1 0.12484700122399021 0.03425774877650897 0.07343941248470012 0.048939641109298535
1 0.605875152998776 0.44045676998368677 0.056303549571603426 0.052202283849918436
1 0.056303549571603426 0.0636215334420881 0.03916768665850673 0.05872756933115824
1 0.3598531211750306 0.4763458401305057 0.03427172582619339 0.06851549755301795
1 0.31946144430844553 0.5970636215334421 0.03427172582619339 0.05546492659053834
1 0.7906976744186046 0.43066884176182707 0.03427172582619339 0.06525285481239804
1 0.11995104039167687 0.5595432300163132 0.051407588739290085 0.05872756933115824
1 0.2937576499388005 0.8531810766721044 0.019583843329253364 0.05872756933115824
1 0.6401468788249693 0.8907014681892332 0.05385556915544676 0.06851549755301795
1 0.5177478580171359 0.23817292006525284 0.03671970624235006 0.07177814029363784
1 0.4173806609547124 0.3719412724306688 0.044063647490820076 0.03915171288743882
1 0.02937576499388005 0.5367047308319739 0.06364749082007344 0.04567699836867863
1 0.3268053855569155 0.1402936378466558 0.03182374541003672 0.05872756933115824
1 0.8102815177478581 0.7895595432300163 0.046511627906976744 0.03262642740619902
1 0.4589963280293758 0.29853181076672103 0.03671970624235006 0.048939641109298535
1 0.1909424724602203 0.5562805872756933 0.0416156670746634 0.03588907014681892
1 0.6083231334149327 0.1468189233278956 0.056303549571603426 0.022838499184339316
1 0.8408812729498164 0.6704730831973899 0.0587515299877601 0.07177814029363784
1 0.8261933904528764 0.13539967373572595 0.051407588739290085 0.06851549755301799
1 0.7001223990208079 0.1402936378466558 0.07833537331701346 0.07177814029363784
1 0.23990208078335373 0.08482871125611746 0.06609547123623011 0.05546492659053834
