1 0.35862913096695226 0.009787928221859706 0.05385556915544676 0.03588907014681892
1 0.8592411260709915 0.5367047308319739 0.02447980416156671 0.07504078303425775
1 0.591187270501836 0.21044045676998369 0.05140758873929022 0.08809135399673736
1 0.4430844553243574 0.24796084828711257 0.0587515299877601 0.03915171288743882
1 0.9155446756425949 0.6133768352365416 0.05385556915544676 0.01957585644371941
1 0.412484700122399 0.17781402936378465 0.03916768665850673 0.0815660685154976
1 0.9547123623011016 0.45840130505709625 0.017135862913096694 0.05872756933115824
1 0.4614443084455324 0.4469820554649266 0.056303549571603426 0.048939641109298535
1 0.40758873929008566 0.4257748776508972 0.056303549571603426 0.03915171288743882
1 0.6744186046511628 0.3132137030995106 0.03916768665850673 0.06851549755301804
