1 0.4542867305311856 0.8079658605974396 0.064034151547492 0.06827880512091039
1 0.3464959087595741 0.19630156472261737 0.04909284951974386 0.04551920341394026
1 0.7808609034233949 0.829302987197724 0.061899679829242264 0.06258890469416785
1 0.15012451068059865 0.748221906116643 0.07470651013874066 0.09103840682788052
1 0.19815012434121765 0.5248933143669986 0.07043756670224119 0.07965860597439545
1 0.4927072214596808 0.35704125177809387 0.051227321237993596 0.04267425320056899
1 0.40305940929319206 0.6287339971550497 0.06616862326574173 0.09103840682788035
1 0.8769121307446328 0.39544807965860596 0.0192102454642476 0.03982930298719772
1 0.010316613135241138 0.7937411095305832 0.0576307363927428 0.08534850640113797
1 0.6933475629751558 0.8364153627311522 0.0768409818569904 0.08534850640113797
1 0.3208822481405773 0.5874822190611664 0.061899679829242264 0.07112375533428149
1 0.843827819111762 0.6827880512091038 0.029882604055496264 0.06543385490753928
1 0.7456421200722743 0.6386913229018493 0.064034151547492 0.05405405405405389
1 0.4137317678844407 0.25889046941678523 0.05976520811099253 0.0654338549075392
1 0.8961223762088805 0.6344238975817923 0.04695837780149413 0.04836415362731152
1 0.8641053004351344 0.8762446657183499 0.061899679829242264 0.06258890469416785
1 0.3923870507019434 0.9331436699857752 0.0768409818569904 0.10241820768136557
1 0.020988971726489804 0.5106685633001422 0.061899679829242264 0.07965860597439545
1 0.3721095693785709 0.5177809388335705 0.05336179295624333 0.07396870554765307
1 0.0658128778097342 0.08534850640113797 0.05549626467449306 0.06258890469416784
1 0.5610103164436723 0.6059743954480796 0.07257203842049093 0.05689900426742532
1 0.9420135181512497 0.8847795163584637 0.05549626467449306 0.06258890469416785
1 0.571682675034921 0.7951635846372689 0.07257203842049093 0.08534850640113797
1 0.1298470293572262 0.4950213371266003 0.06830309498399147 0.07965860597439545
1 0.9324083954191259 0.6827880512091038 0.044823906083244394 0.05120910384068263
1 0.8918534327723809 0.5746799431009957 0.042689434364994665 0.05120910384068263
