1 0.013235294117647059 0.5411764705882353 0.06470588235294118 0.12549019607843137
1 0.013235294117647059 0.6803921568627451 0.041176470588235294 0.0784313725490196
1 0.2647058823529412 0.9588235294117647 0.058823529411764705 0.07058823529411765
1 0.2 0.6313725490196078 0.06470588235294118 0.058823529411764705
1 0.21176470588235294 0.8686274509803922 0.06764705882352941 0.07450980392156863
1 0.6220588235294118 0.19019607843137254 0.03235294117647059 0.054901960784313725
1 0.6882352941176471 0.2803921568627451 0.047058823529411764 0.07058823529411765
1 0.9220588235294118 0.7666666666666667 0.06470588235294118 0.09019607843137255
1 0.5441176470588235 0.043137254901960784 0.07352941176470605 0.07450980392156863
1 0.7014705882352941 0.49411764705882355 0.04117647058823546 0.06666666666666667
1 0.8911764705882353 0.8568627450980392 0.03235294117647059 0.09803921568627451
1 0.7602941176470588 0.46078431372549017 0.061764705882352944 0.08235294117647059
1 0.10441176470588236 0.7823529411764706 0.06764705882352941 0.08235294117647059
1 0.6647058823529411 0.39215686274509803 0.061764705882352944 0.0784313725490196
1 0.8294117647058824 0.6647058823529411 0.061764705882352944 0.0784313725490196
