0 0.5154061624649859 0.30597014925373134 0.036414565826330694 0.05970149253731343
0 0.5966386554621849 0.13992537313432835 0.03081232492997199 0.055970149253731345
0 0.7507002801120448 0.27052238805970147 0.04201680672268908 0.05970149253731343
0 0.8627450980392157 0.5615671641791045 0.04481792717086835 0.06716417910447761
0 0.44537815126050423 0.07835820895522388 0.03081232492997199 0.055970149253731345
0 0.8263305322128851 0.5 0.058823529411764705 0.08582089552238806
0 0.22829131652661064 0.8171641791044776 0.03081232492997199 0.055970149253731345
0 0.25910364145658266 0.7947761194029851 0.042016806722688996 0.055970149253731345
0 0.38375350140056025 0.04664179104477612 0.03081232492997199 0.048507462686567165
0 0.9019607843137255 0.6082089552238806 0.03081232492997199 0.03731343283582089
