1 0.7529411764705882 0.8725490196078431 0.029411764705882353 0.054901960784313725
1 0.04411764705882353 0.7196078431372549 0.06764705882352941 0.0392156862745098
1 0.6441176470588236 0.054901960784313725 0.04411764705882336 0.054901960784313725
1 0.5823529411764706 0.19411764705882353 0.04411764705882353 0.050980392156862744
1 0.09264705882352942 0.5882352941176471 0.05588235294117647 0.054901960784313725
1 0.1426470588235294 0.7294117647058823 0.03529411764705882 0.043137254901960784
1 0.9485294117647058 0.13529411764705881 0.029411764705882353 0.050980392156862744
1 0.5838235294117647 0.6745098039215687 0.03235294117647059 0.0392156862745098
1 0.06764705882352941 0.9431372549019608 0.05588235294117647 0.043137254901960784
1 0.6367647058823529 0.6294117647058823 0.041176470588235294 0.058823529411764705
1 0.9691176470588235 0.0196078431372549 0.03823529411764706 0.054901960784313725
1 0.9838235294117647 0.20980392156862746 0.041176470588235294 0.054901960784313725
1 0.8558823529411764 0.7313725490196078 0.03529411764705882 0.047058823529411764
1 0.7779411764705882 0.7843137254901961 0.020588235294117647 0.058823529411764705
1 0.4088235294117647 0.5176470588235295 0.03823529411764706 0.047058823529411764
1 0.9338235294117647 0.0803921568627451 0.041176470588235294 0.050980392156862744
1 0.3926470588235294 0.615686274509804 0.047058823529411764 0.047058823529411764
1 0.12794117647058822 0.4019607843137255 0.041176470588235294 0.043137254901960784
1 0.9088235294117647 0.3764705882352941 0.03235294117647059 0.043137254901960784
1 0.9352941176470588 0.8823529411764706 0.041176470588235294 0.050980392156862744
1 0.28823529411764703 0.796078431372549 0.038235294117647145 0.050980392156862744
1 0.7941176470588235 0.7294117647058823 0.052941176470588235 0.043137254901960784
1 0.1411764705882353 0.08235294117647059 0.05 0.058823529411764705
1 0.9632352941176471 0.43333333333333335 0.026470588235294117 0.047058823529411764
