1 0.23970588235294119 0.9235294117647059 0.04411764705882353 0.054901960784313725
1 0.5735294117647058 0.19411764705882353 0.04411764705882353 0.07058823529411765
1 0.8470588235294118 0.9745098039215686 0.03823529411764706 0.0392156862745098
1 0.2514705882352941 0.5745098039215686 0.05 0.058823529411764705
1 0.24558823529411763 0.025490196078431372 0.05588235294117647 0.054901960784313725
1 0.5970588235294118 0.36470588235294116 0.04411764705882353 0.06274509803921569
1 0.15588235294117647 0.5058823529411764 0.047058823529411764 0.054901960784313725
1 0.75 0.7588235294117647 0.03823529411764706 0.050980392156862744
1 0.10294117647058823 0.5078431372549019 0.04411764705882353 0.050980392156862744
1 0.008823529411764706 0.6568627450980392 0.04411764705882353 0.058823529411764705
1 0.8794117647058823 0.692156862745098 0.03529411764705882 0.043137254901960784
1 0.8073529411764706 0.9 0.029411764705882353 0.050980392156862744
1 0.7529411764705882 0.403921568627451 0.03823529411764706 0.054901960784313725
1 0.010294117647058823 0.17254901960784313 0.026470588235294117 0.07450980392156863
1 0.6573529411764706 0.043137254901960784 0.029411764705882353 0.08235294117647059
1 0.6308823529411764 0.17647058823529413 0.03529411764705882 0.06274509803921569
1 0.8779411764705882 0.8862745098039215 0.03529411764705882 0.047058823529411764
1 0.9205882352941176 0.1392156862745098 0.04411764705882353 0.06274509803921569
1 0.6088235294117647 0.5627450980392157 0.04705882352941193 0.06666666666666667
1 0.8382352941176471 0.8313725490196079 0.026470588235294117 0.050980392156862744
