1 0.7299492385786802 0.6359945872801083 0.03451776649746193 0.09201623815967523
1 0.4964467005076142 0.2124492557510149 0.06294416243654823 0.09201623815967523
1 0.6923857868020304 0.7253044654939107 0.06700507614213198 0.09472259810554803
1 0.6243654822335025 0.9499323410013532 0.04060913705583756 0.10284167794316644
1 0.8284263959390863 0.35859269282814615 0.07106598984771574 0.07307171853856563
1 0.6 0.11231393775372124 0.08527918781725888 0.09742895805142084
1 0.18071065989847715 0.9756427604871448 0.05888324873096447 0.056833558863328824
1 0.38578680203045684 0.4817320703653586 0.07918781725888324 0.04330175913396482
1 0.24467005076142131 0.9715832205683356 0.048730964467005075 0.09472259810554803
1 0.14720812182741116 0.5805142083897158 0.0649746192893401 0.08389715832205669
1 0.9482233502538071 0.2395128552097429 0.0649746192893401 0.07577807848443843
1 0.5248730964467005 0.34506089309878213 0.05685279187817259 0.09742895805142084
