1 0.8163636363636364 0.576969696969697 0.0890909090909091 0.05818181818181832
1 0.5681818181818182 0.8157575757575758 0.04909090909090909 0.10181818181818182
1 0.5445454545454546 0.012121212121212121 0.05454545454545454 0.08
1 0.9645454545454546 0.4024242424242424 0.08545454545454545 0.05818181818181818
1 0.14454545454545453 0.8484848484848485 0.08181818181818182 0.09454545454545454
1 0.8527272727272728 0.1781818181818182 0.06 0.06787878787878789
1 0.19272727272727272 0.9187878787878788 0.08363636363636363 0.03878787878787879
1 0.5827272727272728 0.044848484848484846 0.05454545454545454 0.04606060606060606
1 0.9681818181818181 0.6181818181818182 0.06545454545454546 0.08969696969696969
1 0.7518181818181818 0.6751515151515152 0.1 0.11878787878787879
