1 0.20294117647058824 0.8803921568627451 0.08235294117647059 0.09803921568627451
1 0.7485294117647059 0.2411764705882353 0.03823529411764706 0.054901960784313725
1 0.5705882352941176 0.8470588235294118 0.026470588235294117 0.06274509803921569
1 0.7132352941176471 0.06666666666666667 0.052941176470588235 0.09019607843137255
1 0.6926470588235294 0.40588235294117647 0.052941176470588235 0.07450980392156863
1 0.625 0.703921568627451 0.052941176470588235 0.050980392156862744
1 0.3985294117647059 0.2235294117647059 0.061764705882352944 0.09411764705882353
1 0.0029411764705882353 0.7450980392156863 0.029411764705882353 0.11372549019607843
1 0.2867647058823529 0.307843137254902 0.08529411764705883 0.10980392156862745
1 0.6088235294117647 0.8627450980392157 0.026470588235294284 0.06666666666666667
1 0.6 0.9490196078431372 0.03529411764705882 0.058823529411764705
1 0.6411764705882353 0.03529411764705882 0.0470588235294116 0.07058823529411765
1 0.9632352941176471 0.7901960784313725 0.03823529411764706 0.07058823529411765
1 0.6823529411764706 0.6392156862745098 0.052941176470588235 0.06274509803921569
1 0.4279411764705882 0.6980392156862745 0.06470588235294118 0.050980392156862744
1 0.09264705882352942 0.01764705882352941 0.08235294117647059 0.047058823529411764
1 0.5661764705882353 0.21764705882352942 0.029411764705882353 0.047058823529411764
1 0.5558823529411765 0.7313725490196078 0.03529411764705882 0.058823529411764705
1 0.3764705882352941 0.4764705882352941 0.058823529411764705 0.09019607843137255
1 0.5941176470588235 0.09803921568627451 0.03823529411764706 0.058823529411764705
1 0.5397058823529411 0.12352941176470589 0.047058823529411764 0.08235294117647059
