1 0.17272727272727273 0.2206060606060606 0.06 0.0993939393939394
1 0.37727272727272726 0.012121212121212121 0.07090909090909091 0.07757575757575758
1 0.22 0.5006060606060606 0.06363636363636363 0.0703030303030303
1 0.038181818181818185 0.2678787878787879 0.045454545454545456 0.055757575757575756
1 0.5218181818181818 0.7539393939393939 0.06363636363636363 0.06303030303030303
1 0.12818181818181817 0.14545454545454545 0.04181818181818182 0.07515151515151515
1 0.3527272727272727 0.8884848484848484 0.04727272727272727 0.07272727272727272
1 0.18636363636363637 0.576969696969697 0.056363636363636366 0.06787878787878775
1 0.06636363636363636 0.14303030303030304 0.04181818181818182 0.07757575757575758
1 0.29363636363636364 0.926060606060606 0.04909090909090909 0.05090909090909091
