1 0.6730700816517833 0.4793741109530583 0.04909284951974386 0.06827880512091039
1 0.8011383847467672 0.6415362731152204 0.05549626467449306 0.06258890469416785
1 0.435076485066938 0.7226173541963016 0.04695837780149413 0.06258890469416785
1 0.25578086073396045 0.5917496443812233 0.04695837780149413 0.06827880512091039
1 0.45962290982681 0.9758179231863442 0.03628601921024546 0.05689900426742532
1 0.3208822481405773 0.6685633001422475 0.05336179295624333 0.06258890469416785
1 0.6303806472867887 0.604551920341394 0.04909284951974386 0.059743954480796585
1 0.4745642118545581 0.8321479374110953 0.04909284951974386 0.059743954480796585
1 0.4361437209260629 0.9473684210526315 0.05976520811099253 0.08250355618776671
1 0.5055140517691792 0.7027027027027027 0.046958377801494006 0.06258890469416785
1 0.17680540715872034 0.6002844950213371 0.029882604055496264 0.0625889046941677
1 0.45001778709468615 0.8463726884779517 0.051227321237993596 0.07112375533428165
1 0.8641053004351344 0.44096728307254623 0.05976520811099253 0.06258890469416785
1 0.9516186408833734 0.5177809388335705 0.0576307363927428 0.05689900426742548
1 0.42440412647568937 0.8477951635846372 0.05976520811099253 0.07681365576102418
1 0.5183208820786777 0.5362731152204836 0.0384204909284952 0.04836415362731136
1 0.28886517236683135 0.8947368421052632 0.061899679829242264 0.07681365576102418
1 0.9516186408833734 0.5860597439544808 0.07897545357524013 0.07112375533428165
1 0.01885450000824007 0.7738264580369844 0.03628601921024546 0.059743954480796585
1 0.5503379578524237 0.6657183499288762 0.05549626467449306 0.06827880512091039
1 0.8918534327723809 0.5263157894736842 0.04695837780149413 0.03982930298719772
1 0.22909996425583878 0.46088193456614507 0.044823906083244394 0.05689900426742532
1 0.5204553537969274 0.8193456614509246 0.04695837780149425 0.059743954480796585
1 0.23657061526971285 0.5334281650071123 0.044823906083244394 0.059743954480796425
1 0.20241906777771712 0.65149359886202 0.05549626467449306 0.05689900426742548
1 0.24083955870621232 0.829302987197724 0.05336179295624333 0.06258890469416785
