0 0.7521008403361344 0.7406716417910447 0.06722689075630252 0.08582089552238827
0 0.8823529411764706 0.4253731343283582 0.03081232492997199 0.04477611940298507
0 0.32212885154061627 0.43843283582089554 0.03641456582633045 0.048507462686567165
0 0.2647058823529412 0.8097014925373134 0.05042016806722689 0.05970149253731343
0 0.7016806722689075 0.9869402985074627 0.036414565826330694 0.048507462686567165
0 0.7787114845938375 0.957089552238806 0.0392156862745098 0.04477611940298507
0 0.2815126050420168 0.7350746268656716 0.04481792717086835 0.06343283582089553
0 0.8529411764705882 0.22201492537313433 0.04481792717086835 0.05223880597014925
0 0.5784313725490197 0.4533582089552239 0.04201680672268892 0.04477611940298507
0 0.6400560224089635 0.6828358208955224 0.058823529411764865 0.07835820895522388
0 0.5700280112044818 0.8861940298507462 0.04481792717086835 0.06716417910447761
0 0.7675070028011205 0.08208955223880597 0.04201680672268908 0.04477611940298507
0 0.40476190476190477 0.36007462686567165 0.0392156862745098 0.05970149253731343
0 0.8711484593837535 0.5690298507462687 0.05042016806722689 0.05970149253731343
0 0.6708683473389355 0.417910447761194 0.03361344537815142 0.055970149253731345
0 0.8305322128851541 0.667910447761194 0.036414565826330535 0.05223880597014925
0 0.9103641456582633 0.30223880597014924 0.0392156862745098 0.05223880597014925
0 0.8025210084033614 0.625 0.04201680672268908 0.048507462686567165
0 0.8291316526610645 0.8694029850746269 0.0392156862745098 0.048507462686567165
0 0.5826330532212886 0.3283582089552239 0.03361344537815126 0.048507462686567165
0 0.6708683473389355 0.14365671641791045 0.047619047619047776 0.05970149253731343
0 0.24649859943977592 0.47761194029850745 0.047619047619047616 0.06343283582089553
