0 0.7072829131652661 0.47201492537313433 0.036414565826330375 0.05223880597014925
0 0.9495798319327731 0.36380597014925375 0.056022408963585436 0.06716417910447761
0 0.4215686274509804 0.9552238805970149 0.047619047619047616 0.048507462686567165
0 0.5798319327731093 0.05783582089552239 0.06162464985994382 0.08582089552238806
0 0.9509803921568627 0.48134328358208955 0.05042016806722689 0.05970149253731343
0 0.9565826330532213 0.6809701492537313 0.056022408963585436 0.05970149253731343
0 0.7366946778711485 0.6902985074626866 0.047619047619047616 0.07835820895522388
0 0.803921568627451 0.5205223880597015 0.05042016806722689 0.07835820895522388
0 0.623249299719888 0.24440298507462688 0.05322128851540616 0.08955223880597014
0 0.8795518207282913 0.27238805970149255 0.056022408963585436 0.07462686567164178
0 0.5756302521008403 0.917910447761194 0.036414565826330694 0.05223880597014925
0 0.6456582633053222 0.7518656716417911 0.04201680672268908 0.041044776119402986
0 0.6582633053221288 0.6996268656716418 0.04481792717086835 0.05970149253731343
