1 0.513235294117647 0.7784313725490196 0.08529411764705899 0.06666666666666667
1 0.6985294117647058 0.9509803921568627 0.061764705882352944 0.054901960784313725
1 0.07647058823529412 0.12941176470588237 0.0852941176470588 0.03137254901960784
1 0.7588235294117647 0.26666666666666666 0.04411764705882353 0.08627450980392157
1 0.6808823529411765 0.34901960784313724 0.07941176470588235 0.09019607843137255
1 0.3235294117647059 0.2784313725490196 0.052941176470588235 0.058823529411764705
1 0.5308823529411765 0.5980392156862745 0.03235294117647059 0.07450980392156863
1 0.5926470588235294 0.30196078431372547 0.041176470588235294 0.07058823529411765
1 0.04264705882352941 0.7058823529411765 0.061764705882352944 0.054901960784313725
1 0.7705882352941177 0.49607843137254903 0.06764705882352941 0.06274509803921569
1 0.6294117647058823 0.19019607843137254 0.05588235294117647 0.06666666666666667
1 0.6264705882352941 0.7666666666666667 0.06764705882352941 0.06274509803921569
1 0.7897058823529411 0.8490196078431372 0.06470588235294118 0.06666666666666667
1 0.22794117647058823 0.19215686274509805 0.061764705882352944 0.043137254901960784
1 0.37941176470588234 0.18627450980392157 0.04411764705882353 0.0784313725490196
1 0.5970588235294118 0.5803921568627451 0.08235294117647059 0.054901960784313725
1 0.65 0.6823529411764706 0.04411764705882353 0.050980392156862744
1 0.41911764705882354 0.9568627450980393 0.047058823529411764 0.043137254901960784
1 0.2852941176470588 0.21176470588235294 0.061764705882352944 0.03529411764705882
1 0.375 0.3607843137254902 0.05 0.050980392156862744
1 0.4470588235294118 0.7254901960784313 0.05 0.03529411764705882
1 0.5470588235294118 0.14313725490196078 0.03823529411764689 0.047058823529411764
1 0.8764705882352941 0.48823529411764705 0.07352941176470588 0.058823529411764705
1 0.736764705882353 0.5823529411764706 0.035294117647058657 0.050980392156862744
1 0.4411764705882353 0.8549019607843137 0.03529411764705882 0.050980392156862744
