1 0.3426470588235294 0.9098039215686274 0.047058823529411764 0.03529411764705882
1 0.4632352941176471 0.8470588235294118 0.052941176470588235 0.0392156862745098
1 0.24705882352941178 0.503921568627451 0.052941176470588235 0.0784313725490196
1 0.11911764705882352 0.28627450980392155 0.03235294117647059 0.06666666666666667
1 0.10294117647058823 0.4823529411764706 0.026470588235294117 0.058823529411764705
1 0.5279411764705882 0.515686274509804 0.05588235294117647 0.06666666666666667
1 0.38235294117647056 0.9490196078431372 0.03823529411764706 0.0392156862745098
1 0.3426470588235294 0.5941176470588235 0.05588235294117647 0.06666666666666667
1 0.7529411764705882 0.9764705882352941 0.06470588235294118 0.03529411764705882
1 0.4161764705882353 0.9921568627450981 0.03823529411764706 0.050980392156862744
1 0.9220588235294118 0.011764705882352941 0.05588235294117647 0.03137254901960784
1 0.18382352941176472 0.9607843137254902 0.05294117647058819 0.03529411764705882
1 0.9 0.20392156862745098 0.020588235294117647 0.09411764705882353
1 0.35 0.8647058823529412 0.05882352941176479 0.0392156862745098
1 0.16470588235294117 0.3862745098039216 0.06470588235294118 0.07450980392156863
1 0.06323529411764706 0.6176470588235294 0.041176470588235294 0.07058823529411765
1 0.6 0.596078431372549 0.04411764705882353 0.07450980392156863
1 0.1323529411764706 0.8803921568627451 0.058823529411764705 0.054901960784313725
1 0.060294117647058824 0.09019607843137255 0.07647058823529412 0.08627450980392157
1 0.3426470588235294 0.7529411764705882 0.061764705882352944 0.07058823529411765
1 0.06323529411764706 0.8431372549019608 0.04411764705882353 0.03137254901960784
1 0.016176470588235296 0.503921568627451 0.03823529411764706 0.09019607843137255
1 0.011764705882352941 0.8137254901960784 0.047058823529411764 0.06666666666666667
1 0.4294117647058823 0.30196078431372547 0.03823529411764706 0.0784313725490196
1 0.11764705882352941 0.8 0.041176470588235294 0.058823529411764705
1 0.8911764705882353 0.788235294117647 0.023529411764705882 0.06666666666666667
1 0.40441176470588236 0.21372549019607842 0.058823529411764705 0.08627450980392157
1 0.6088235294117647 0.6725490196078432 0.03823529411764723 0.08627450980392157
1 0.8602941176470589 0.6254901960784314 0.03529411764705882 0.050980392156862744
1 0.6647058823529411 0.6764705882352942 0.058823529411764705 0.027450980392156862
1 0.40588235294117647 0.5745098039215686 0.05 0.06274509803921569
1 0.31470588235294117 0.8 0.041176470588235294 0.043137254901960784
1 0.8852941176470588 0.5098039215686274 0.03235294117647059 0.10980392156862745
1 0.4455882352941177 0.7019607843137254 0.061764705882352944 0.06666666666666667
1 0.9058823529411765 0.7274509803921568 0.061764705882352944 0.03529411764705882
1 0.08823529411764706 0.40980392156862744 0.03823529411764704 0.07058823529411765
1 0.4264705882352941 0.503921568627451 0.047058823529411764 0.054901960784313725
1 0.4970588235294118 0.8941176470588236 0.052941176470588235 0.03137254901960784
1 0.061764705882352944 0.492156862745098 0.04411764705882353 0.058823529411764705
1 0.3058823529411765 0.3607843137254902 0.06176470588235286 0.08235294117647059
1 0.7529411764705882 0.7568627450980392 0.047058823529411764 0.058823529411764705
1 0.961764705882353 0.8627450980392157 0.047058823529411764 0.0392156862745098
1 0.9220588235294118 0.6549019607843137 0.052941176470588235 0.054901960784313725
1 0.6294117647058823 0.9666666666666667 0.052941176470588235 0.023529411764705882
