1 0.34411764705882353 0.4176470588235294 0.06764705882352941 0.06666666666666667
1 0.4088235294117647 0.9627450980392157 0.047058823529411764 0.0392156862745098
1 0.875 0.9882352941176471 0.029411764705882353 0.07058823529411765
1 0.16323529411764706 0.11372549019607843 0.05 0.07450980392156863
1 0.19411764705882353 0.4235294117647059 0.03235294117647059 0.09019607843137255
1 0.2485294117647059 0.7196078431372549 0.041176470588235294 0.07058823529411765
1 0.3191176470588235 0.9784313725490196 0.05588235294117656 0.03137254901960784
1 0.7352941176470589 0.8058823529411765 0.0470588235294116 0.027450980392156862
1 0.19117647058823528 0.5666666666666667 0.041176470588235294 0.047058823529411764
1 0.13529411764705881 0.6411764705882353 0.047058823529411764 0.054901960784313725
1 0.5911764705882353 0.25098039215686274 0.029411764705882353 0.058823529411764705
1 0.8176470588235294 0.46078431372549017 0.04411764705882353 0.03137254901960784
1 0.5558823529411765 0.023529411764705882 0.07058823529411765 0.047058823529411764
1 0.033823529411764704 0.47843137254901963 0.061764705882352944 0.058823529411764705
1 0.1264705882352941 0.707843137254902 0.03823529411764706 0.058823529411764705
1 0.07647058823529412 0.5568627450980392 0.04117647058823527 0.06274509803921569
1 0.35 0.1450980392156863 0.032352941176470675 0.07058823529411765
1 0.2514705882352941 0.2 0.05588235294117647 0.06666666666666667
1 0.6161764705882353 0.8725490196078431 0.029411764705882353 0.0784313725490196
1 0.2661764705882353 0.5470588235294118 0.03529411764705882 0.0784313725490196
