1 0.13823529411764707 0.4843137254901961 0.06470588235294118 0.0784313725490196
1 0.07941176470588235 0.6666666666666666 0.04411764705882353 0.050980392156862744
1 0.975 0.5411764705882353 0.047058823529411764 0.0392156862745098
1 0.9573529411764706 0.6941176470588235 0.023529411764705882 0.054901960784313725
1 0.5808823529411765 0.9392156862745098 0.0441176470588237 0.043137254901960784
1 0.09852941176470588 0.7098039215686275 0.058823529411764705 0.06666666666666667
1 0.48823529411764705 0.9764705882352941 0.061764705882352944 0.043137254901960784
1 0.1338235294117647 0.396078431372549 0.06470588235294118 0.054901960784313725
1 0.014705882352941176 0.8235294117647058 0.04411764705882353 0.07058823529411765
1 0.6044117647058823 0.9921568627450981 0.04411764705882353 0.027450980392156862
1 0.6338235294117647 0.9352941176470588 0.047058823529411764 0.027450980392156862
1 0.09117647058823529 0.5980392156862745 0.07647058823529412 0.043137254901960784
