0 0.5084033613445378 0.09328358208955224 0.0392156862745098 0.055970149253731345
0 0.11764705882352941 0.6268656716417911 0.03361344537815126 0.055970149253731345
0 0.16946778711484595 0.30223880597014924 0.0392156862745098 0.048507462686567165
0 0.8319327731092437 0.4123134328358209 0.04201680672268908 0.05970149253731343
0 0.27310924369747897 0.7182835820895522 0.03641456582633061 0.04477611940298507
0 0.7899159663865546 0.6511194029850746 0.04481792717086835 0.055970149253731345
0 0.8375350140056023 0.7742537313432836 0.0392156862745098 0.055970149253731345
0 0.24509803921568626 0.7947761194029851 0.047619047619047616 0.06716417910447761
0 0.592436974789916 0.9477611940298507 0.04201680672268908 0.06343283582089553
0 0.16666666666666666 0.11940298507462686 0.036414565826330535 0.041044776119402986
0 0.896358543417367 0.5130597014925373 0.0392156862745098 0.05223880597014925
0 0.21568627450980393 0.710820895522388 0.0392156862745098 0.04477611940298507
0 0.7464985994397759 0.33955223880597013 0.0392156862745098 0.06343283582089553
0 0.6176470588235294 0.19402985074626866 0.06722689075630252 0.08582089552238806
0 0.4635854341736695 0.08768656716417911 0.04481792717086835 0.055970149253731345
0 0.5532212885154062 0.19962686567164178 0.056022408963585436 0.06716417910447761
