1 0.2485294117647059 0.5803921568627451 0.047058823529411764 0.0392156862745098
1 0.4852941176470588 0.00980392156862745 0.047058823529411764 0.027450980392156862
1 0.5264705882352941 0.3431372549019608 0.04411764705882353 0.050980392156862744
1 0.7147058823529412 0.6098039215686275 0.041176470588235294 0.06274509803921569
1 0.7411764705882353 0.5274509803921569 0.052941176470588235 0.054901960784313725
1 0.3088235294117647 0.6588235294117647 0.047058823529411764 0.06274509803921569
1 0.5764705882352941 0.8313725490196079 0.05588235294117664 0.050980392156862744
1 0.4117647058823529 0.32745098039215687 0.029411764705882353 0.043137254901960784
1 0.6367647058823529 0.6019607843137255 0.047058823529411764 0.058823529411764705
1 0.5676470588235294 0.5333333333333333 0.03529411764705882 0.047058823529411764
1 0.8588235294117647 0.043137254901960784 0.026470588235294117 0.047058823529411764
1 0.3 0.45098039215686275 0.03823529411764706 0.0392156862745098
1 0.2661764705882353 0.20784313725490197 0.03529411764705882 0.050980392156862744
1 0.4485294117647059 0.4470588235294118 0.047058823529411764 0.047058823529411764
1 0.7088235294117647 0.07647058823529412 0.047058823529411764 0.09019607843137255
1 0.6470588235294118 0.888235294117647 0.05 0.047058823529411764
1 0.6588235294117647 0.22156862745098038 0.05 0.07450980392156863
1 0.9014705882352941 0.03137254901960784 0.061764705882352944 0.058823529411764705
1 0.7132352941176471 0.9549019607843138 0.05 0.047058823529411764
1 0.525 0.23137254901960785 0.047058823529411764 0.07450980392156863
1 0.7705882352941177 0.8568627450980392 0.03235294117647059 0.06274509803921569
1 0.8970588235294118 0.10784313725490197 0.058823529411764705 0.06666666666666667
1 0.875 0.9333333333333333 0.03823529411764706 0.043137254901960784
1 0.9676470588235294 0.18235294117647058 0.05588235294117647 0.054901960784313725
1 0.7823529411764706 0.6019607843137255 0.03823529411764706 0.054901960784313725
1 0.34705882352941175 0.027450980392156862 0.020588235294117647 0.06274509803921569
1 0.41911764705882354 0.19607843137254902 0.03529411764705882 0.054901960784313725
1 0.3397058823529412 0.2725490196078431 0.041176470588235294 0.054901960784313725
1 0.9411764705882353 0.22745098039215686 0.04411764705882353 0.047058823529411764
1 0.7411764705882353 0.4 0.05588235294117647 0.06274509803921569
1 0.7352941176470589 0.16862745098039217 0.049999999999999836 0.0784313725490196
1 0.7397058823529412 0.8019607843137255 0.041176470588235294 0.0392156862745098
1 0.2088235294117647 0.10784313725490197 0.058823529411764705 0.054901960784313725
1 0.3382352941176471 0.5196078431372549 0.03529411764705882 0.047058823529411764
1 0.5808823529411765 0.7823529411764706 0.05000000000000017 0.0392156862745098
1 0.4823529411764706 0.5254901960784314 0.041176470588235294 0.06274509803921569
1 0.5632352941176471 0.42745098039215684 0.04411764705882353 0.054901960784313725
1 0.6544117647058824 0.6980392156862745 0.08529411764705883 0.06274509803921569
1 0.5235294117647059 0.10784313725490197 0.047058823529411764 0.054901960784313725
1 0.6485294117647059 0.34901960784313724 0.05 0.06274509803921569
1 0.5676470588235294 0.7098039215686275 0.03235294117647059 0.06666666666666667
1 0.825 0.11568627450980393 0.05588235294117647 0.0784313725490196
1 0.4470588235294118 0.14901960784313725 0.03529411764705882 0.06666666666666667
1 0.55 0.6254901960784314 0.03235294117647042 0.050980392156862744
1 0.11470588235294117 0.025490196078431372 0.026470588235294117 0.058823529411764705
1 0.9911764705882353 0.2784313725490196 0.023529411764705882 0.06666666666666667
1 0.9573529411764706 0.7980392156862746 0.03235294117647059 0.054901960784313725
1 0.5691176470588235 0.18235294117647058 0.04411764705882353 0.06274509803921569
1 0.6411764705882353 0.4176470588235294 0.04411764705882336 0.0392156862745098
1 0.8485294117647059 0.6627450980392157 0.05 0.043137254901960784
1 0.16911764705882354 0.5705882352941176 0.029411764705882353 0.054901960784313725
1 0.8647058823529412 0.9862745098039216 0.058823529411764705 0.023529411764705882
1 0.36470588235294116 0.14705882352941177 0.052941176470588235 0.043137254901960784
