0 0.10644257703081232 0.4701492537313433 0.0392156862745098 0.05970149253731343
0 0.7086834733893558 0.4085820895522388 0.056022408963585436 0.06716417910447761
0 0.3011204481792717 0.9253731343283582 0.036414565826330535 0.04477611940298507
0 0.9397759103641457 0.4962686567164179 0.047619047619047616 0.055970149253731345
0 0.907563025210084 0.20335820895522388 0.0392156862745098 0.048507462686567165
0 0.12885154061624648 0.5690298507462687 0.04481792717086839 0.06716417910447761
0 0.8137254901960784 0.11194029850746269 0.05042016806722689 0.041044776119402986
0 0.05322128851540616 0.6865671641791045 0.04201680672268908 0.05223880597014925
0 0.9607843137254902 0.22201492537313433 0.04481792717086835 0.055970149253731345
0 0.21988795518207283 0.08582089552238806 0.04201680672268908 0.06716417910447761
0 0.484593837535014 0.9626865671641791 0.04481792717086835 0.05970149253731343
0 0.24789915966386555 0.24067164179104478 0.03081232492997199 0.05223880597014925
0 0.35294117647058826 0.9365671641791045 0.042016806722688996 0.05970149253731343
0 0.8095238095238095 0.06343283582089553 0.04481792717086835 0.055970149253731345
