1 0.2985294117647059 0.5705882352941176 0.08235294117647059 0.10196078431372549
1 0.6602941176470588 0.9313725490196079 0.05588235294117647 0.12941176470588237
1 0.38382352941176473 0.5313725490196078 0.07058823529411765 0.08627450980392157
1 0.4588235294117647 0.9647058823529412 0.07647058823529412 0.10588235294117647
1 0.033823529411764704 0.4470588235294118 0.12352941176470589 0.13333333333333333
1 0.7102941176470589 0.19411764705882353 0.09411764705882353 0.12549019607843137
1 0.7720588235294118 0.5686274509803921 0.09411764705882353 0.047058823529411764
1 0.10441176470588236 0.8921568627450981 0.08529411764705883 0.047058823529411764
1 0.2161764705882353 0.37450980392156863 0.12352941176470589 0.09411764705882353
1 0.675 0.5352941176470588 0.0882352941176469 0.09803921568627451
