1 0.4636363636363636 0.1406060606060606 0.10909090909090909 0.16000000000000003
1 0.4727272727272727 0.8012121212121213 0.07454545454545454 0.12848484848484848
1 0.889090909090909 0.8096969696969697 0.1618181818181818 0.11878787878787879
1 0.2927272727272727 0.9587878787878787 0.06545454545454546 0.09212121212121212
1 0.08636363636363636 0.4290909090909091 0.08727272727272728 0.10909090909090909
1 0.6845454545454546 0.7454545454545455 0.07454545454545454 0.08484848484848485
1 0.9309090909090909 0.673939393939394 0.10545454545454545 0.13818181818181818
1 0.18181818181818182 0.9890909090909091 0.08181818181818182 0.03151515151515152
1 0.3472727272727273 0.23636363636363636 0.13454545454545455 0.12363636363636364
1 0.850909090909091 0.10545454545454545 0.04363636363636364 0.10181818181818182
1 0.6018181818181818 0.7793939393939394 0.07272727272727272 0.0703030303030303
1 0.43 0.8690909090909091 0.09090909090909091 0.13333333333333333
1 0.8318181818181818 0.6424242424242425 0.1 0.12121212121212122
1 0.3372727272727273 0.9418181818181818 0.1 0.06787878787878789
1 0.26 0.3393939393939394 0.10363636363636364 0.16
1 0.6545454545454545 0.17575757575757575 0.14727272727272728 0.13090909090909092
1 0.5009090909090909 0.8387878787878787 0.07454545454545454 0.055757575757575756
1 0.5318181818181819 0.7369696969696969 0.08545454545454545 0.09212121212121212
