1 0.8961223762088805 0.9895685158277813 0.05976520811099253 0.051209103840682786
1 0.3539665597734482 0.06922712180217673 0.08964781216648879 0.10810810810810813
1 0.8470295266891366 0.7178757704508254 0.029882604055496264 0.05405405405405406
1 0.6090359301042912 0.04931247030857786 0.051227321237993596 0.11379800853485064
1 0.6848096761021568 0.9696538643341824 0.07470651013874066 0.10810810810810811
1 0.9494841691651238 0.5272641061549506 0.08110992529348986 0.09957325746799431
1 0.7339025256219007 0.7847321004650502 0.0768409818569904 0.11379800853485064
1 0.8150124509153905 0.31247036504542 0.051227321237993596 0.09957325746799431
1 0.851298470125636 0.38359412037970164 0.05976520811099253 0.07965860597439545
1 0.8726431873081334 0.5898530108491185 0.06616862326574173 0.07681365576102435
1 0.8256848095066393 0.8572783309060175 0.05976520811099253 0.07396870554765292
1 0.7605834221000224 0.955429113267326 0.07897545357524013 0.14509246088193456
1 0.7168267518759028 0.5429113323284925 0.07897545357524013 0.08819345661450925
1 0.8993240837862551 0.43764817443375564 0.07470651013874066 0.09103840682788052
1 0.7242974028897768 0.6737790421435708 0.064034151547492 0.10526315789473684
1 0.9900391318118686 0.3096254148320487 0.04695837780149413 0.08250355618776671
1 0.9228032726870021 0.3622569937794171 0.04695837780149413 0.059743954480796585
