1 0.4618181818181818 0.38666666666666666 0.13090909090909092 0.1478787878787879
1 0.9827272727272728 0.48848484848484847 0.06727272727272728 0.10181818181818182
1 0.2381818181818182 0.9490909090909091 0.14181818181818182 0.13090909090909092
1 0.3781818181818182 0.17454545454545456 0.15272727272727274 0.1987878787878788
1 0.7927272727272727 0.020606060606060607 0.1709090909090909 0.17212121212121212
1 0.17545454545454545 0.02666666666666667 0.13090909090909092 0.17696969696969697
1 0.6418181818181818 0.7127272727272728 0.12545454545454546 0.12606060606060607
1 0.9127272727272727 0.5757575757575758 0.07272727272727272 0.07757575757575744
1 0.2809090909090909 0.006060606060606061 0.11454545454545455 0.09696969696969697
1 0.6981818181818182 0.6509090909090909 0.11636363636363616 0.06303030303030303
1 0.2009090909090909 0.33575757575757575 0.13090909090909092 0.16484848484848486
