1 0.4485294117647059 0.7843137254901961 0.058823529411764705 0.054901960784313725
1 0.25 0.13529411764705881 0.06764705882352941 0.11372549019607843
1 0.22205882352941175 0.5745098039215686 0.08235294117647059 0.0784313725490196
1 0.27647058823529413 0.36470588235294116 0.06764705882352941 0.09411764705882353
1 0.3735294117647059 0.47058823529411764 0.08235294117647059 0.0784313725490196
1 0.12352941176470589 0.4980392156862745 0.06470588235294118 0.058823529411764705
1 0.5073529411764706 0.6372549019607843 0.07352941176470588 0.10588235294117647
1 0.2676470588235294 0.7098039215686275 0.061764705882352944 0.07450980392156863
1 0.513235294117647 0.7313725490196078 0.06764705882352924 0.08235294117647059
1 0.3 0.25098039215686274 0.058823529411764705 0.08627450980392157
