1 0.4338235294117647 0.8705882352941177 0.06764705882352941 0.08235294117647059
1 0.9117647058823529 0.9058823529411765 0.06470588235294118 0.07058823529411765
1 0.5102941176470588 0.8686274509803922 0.061764705882352944 0.058823529411764705
1 0.47941176470588237 0.9882352941176471 0.041176470588235294 0.10196078431372549
1 0.5529411764705883 0.8019607843137255 0.026470588235294117 0.0784313725490196
1 0.4411764705882353 0.5352941176470588 0.058823529411764705 0.07450980392156863
1 0.07794117647058824 0.1450980392156863 0.20294117647058824 0.19607843137254902
1 0.5970588235294118 0.37058823529411766 0.052941176470588235 0.11372549019607843
1 0.5823529411764706 0.907843137254902 0.03235294117647059 0.054901960784313725
1 0.34558823529411764 0.7745098039215687 0.09411764705882353 0.11764705882352941
1 0.9 0.5607843137254902 0.06764705882352941 0.08235294117647059
1 0.34852941176470587 0.19215686274509805 0.07058823529411765 0.10980392156862745
1 0.007352941176470588 0.7098039215686275 0.01764705882352941 0.11764705882352941
1 0.5029411764705882 0.6901960784313725 0.052941176470588235 0.08235294117647059
