0 0.5742296918767507 0.9067164179104478 0.03921568627450996 0.05223880597014925
0 0.711484593837535 0.7555970149253731 0.047619047619047616 0.06343283582089553
0 0.1330532212885154 0.3619402985074627 0.0392156862745098 0.05970149253731343
0 0.2801120448179272 0.22761194029850745 0.05322128851540616 0.05970149253731343
0 0.9747899159663865 0.7145522388059702 0.05322128851540616 0.06716417910447761
0 0.4271708683473389 0.05223880597014925 0.04481792717086835 0.04477611940298507
0 0.7549019607843137 0.5876865671641791 0.047619047619047616 0.055970149253731345
0 0.5378151260504201 0.03917910447761194 0.05322128851540616 0.06343283582089553
0 0.9817927170868347 0.30223880597014924 0.05042016806722689 0.06716417910447761
0 0.9775910364145658 0.5093283582089553 0.0700280112044818 0.09328358208955202
