1 0.4690909090909091 0.7612121212121212 0.08181818181818182 0.11878787878787879
1 0.06545454545454546 0.46060606060606063 0.06 0.0993939393939394
1 0.1009090909090909 0.8533333333333334 0.04909090909090909 0.07757575757575758
1 0.1409090909090909 0.503030303030303 0.03636363636363636 0.08
1 0.8045454545454546 0.04363636363636364 0.06 0.07515151515151515
1 0.41454545454545455 0.3842424242424242 0.07636363636363637 0.10424242424242425
1 0.14636363636363636 0.3793939393939394 0.05818181818181818 0.07757575757575758
1 0.9181818181818182 0.025454545454545455 0.06 0.06545454545454546
1 0.8418181818181818 0.14424242424242426 0.04909090909090909 0.0533333333333333
1 0.16090909090909092 0.3115151515151515 0.06545454545454546 0.06303030303030303
1 0.14 0.05333333333333334 0.05818181818181813 0.08969696969696969
1 0.5681818181818182 0.2096969696969697 0.1 0.10666666666666667
1 0.04818181818181818 0.3987878787878788 0.06363636363636363 0.08
1 0.13363636363636364 0.44606060606060605 0.05090909090909091 0.06787878787878789
1 0.14545454545454545 0.23030303030303031 0.056363636363636366 0.07757575757575758
1 0.5209090909090909 0.6 0.07818181818181819 0.0993939393939394
