1 0.21323529411764705 0.08431372549019608 0.05588235294117647 0.058823529411764705
1 0.3029411764705882 0.5294117647058824 0.05294117647058815 0.06666666666666667
1 0.31323529411764706 0.08823529411764706 0.04411764705882353 0.050980392156862744
1 0.3176470588235294 0.3392156862745098 0.07058823529411765 0.058823529411764705
1 0.6014705882352941 0.403921568627451 0.041176470588235294 0.08627450980392157
1 0.35441176470588237 0.16666666666666666 0.052941176470588235 0.054901960784313725
1 0.6235294117647059 0.07058823529411765 0.06764705882352941 0.09019607843137255
1 0.39705882352941174 0.5725490196078431 0.052941176470588235 0.09411764705882353
1 0.5220588235294118 0.08235294117647059 0.061764705882352944 0.08627450980392157
1 0.4323529411764706 0.14313725490196078 0.05 0.09411764705882353
1 0.725 0.45294117647058824 0.06470588235294118 0.07450980392156863
