1 0.175 0.14901960784313725 0.044117647058823574 0.06274509803921569
1 0.5235294117647059 0.7647058823529411 0.10588235294117647 0.12549019607843137
1 0.5544117647058824 0.907843137254902 0.08823529411764706 0.08627450980392157
1 0.6 0.08627450980392157 0.07352941176470588 0.08235294117647059
1 0.6735294117647059 0.03333333333333333 0.03823529411764723 0.050980392156862744
1 0.9441176470588235 0.9823529411764705 0.03529411764705882 0.07058823529411765
1 0.1161764705882353 0.9607843137254902 0.11470588235294117 0.12156862745098039
1 0.5426470588235294 0.396078431372549 0.05588235294117647 0.11764705882352941
1 0.38235294117647056 0.3686274509803922 0.06764705882352941 0.08235294117647059
1 0.6852941176470588 0.9431372549019608 0.08235294117647059 0.10588235294117647
1 0.43823529411764706 0.09803921568627451 0.07941176470588235 0.09411764705882353
1 0.5852941176470589 0.6313725490196078 0.11764705882352941 0.12549019607843137
1 0.9691176470588235 0.8607843137254902 0.10588235294117647 0.12941176470588237
