0 0.8851540616246498 0.31902985074626866 0.04481792717086835 0.055970149253731345
0 0.7913165266106442 0.09701492537313433 0.07563025210084033 0.10074626865671642
0 0.9747899159663865 0.16044776119402984 0.047619047619047616 0.06716417910447761
0 0.28711484593837533 0.06343283582089553 0.05602240896358551 0.06716417910447761
0 0.23249299719887956 0.22388059701492538 0.04201680672268908 0.06343283582089553
0 0.09943977591036414 0.4048507462686567 0.036414565826330535 0.05970149253731343
0 0.7829131652661064 0.789179104477612 0.058823529411764705 0.07462686567164178
0 0.6120448179271709 0.32649253731343286 0.06162464985994382 0.08582089552238806
0 0.04481792717086835 0.4253731343283582 0.06442577030812324 0.06343283582089553
0 0.9621848739495799 0.5895522388059702 0.07282913165266107 0.07835820895522388
0 0.6904761904761905 0.10820895522388059 0.058823529411764705 0.07462686567164181
0 0.7478991596638656 0.022388059701492536 0.04481792717086835 0.05970149253731343
0 0.19047619047619047 0.7313432835820896 0.04481792717086835 0.04477611940298507
0 0.37815126050420167 0.166044776119403 0.047619047619047616 0.06716417910447761
0 0.22829131652661064 0.7761194029850746 0.04201680672268908 0.048507462686567165
0 0.9439775910364145 0.7481343283582089 0.03081232492997199 0.055970149253731345
0 0.3123249299719888 0.6511194029850746 0.03361344537815126 0.03731343283582089
0 0.5448179271708683 0.32276119402985076 0.05322128851540632 0.07835820895522388
0 0.6148459383753502 0.2667910447761194 0.06162464985994398 0.08208955223880597
0 0.5224089635854342 0.4552238805970149 0.05322128851540616 0.08208955223880597
