1 0.24297403042446206 0.24703651013788086 0.0384204909284952 0.031294452347083924
1 0.3774457486741952 0.1503082028832578 0.042689434364994665 0.07112375533428165
1 0.25898256831133504 0.45756282592735453 0.07043756670224126 0.08819345661450925
1 0.3219494839997022 0.2057847320439975 0.021344717182497332 0.04267425320056899
1 0.32621842743620166 0.10905642478937445 0.025613660618996798 0.06258890469416785
1 0.6784062609474076 0.46752015167415395 0.04055496264674493 0.06258890469416785
1 0.6058342225269167 0.6453295400098581 0.05549626467449306 0.07681365576102418
1 0.5876912129217939 0.53722143190175 0.042689434364994665 0.031294452347083924
1 0.3603699749281974 0.48743480316775284 0.064034151547492 0.09103840682788052
1 0.05834222679586014 0.4860123280610672 0.07043756670224119 0.09388335704125178
1 0.8705087155898836 0.06638217158880545 0.021344717182497332 0.05405405405405407
1 0.31234436126757836 0.28971076333844986 0.02774813233724653 0.04836415362731144
1 0.08288865155573207 0.5798956851023189 0.096051227321238 0.11095305832147921
1 0.5044468159100544 0.5315315314750074 0.04909284951974386 0.04267425320056899
