1 0.8544117647058823 0.5333333333333333 0.11470588235294117 0.13333333333333333
1 0.18529411764705883 0.4764705882352941 0.09411764705882353 0.09803921568627451
1 0.10441176470588236 0.4196078431372549 0.07058823529411765 0.12941176470588237
1 0.20441176470588235 0.2647058823529412 0.07941176470588235 0.09803921568627451
1 0.5617647058823529 0.515686274509804 0.08823529411764706 0.10196078431372549
1 0.3 0.6549019607843137 0.07058823529411765 0.09019607843137255
1 0.763235294117647 0.027450980392156862 0.07941176470588235 0.06274509803921569
1 0.888235294117647 0.7196078431372549 0.12941176470588237 0.13333333333333333
1 0.45 0.6431372549019608 0.061764705882352944 0.11764705882352941
1 0.18529411764705883 0.592156862745098 0.11176470588235295 0.13333333333333333
1 0.611764705882353 0.7509803921568627 0.07941176470588218 0.09803921568627451
1 0.7470588235294118 0.5686274509803921 0.061764705882352944 0.12156862745098039
1 0.42205882352941176 0.3411764705882353 0.08823529411764706 0.06666666666666667
1 0.06323529411764706 0.2549019607843137 0.10588235294117647 0.08627450980392157
1 0.4441176470588235 0.44901960784313727 0.061764705882352944 0.09411764705882353
1 0.057352941176470586 0.9156862745098039 0.05 0.11764705882352941
1 0.37941176470588234 0.6784313725490196 0.06764705882352941 0.08235294117647059
1 0.34705882352941175 0.4 0.07058823529411765 0.07450980392156863
1 0.5426470588235294 0.6843137254901961 0.07647058823529412 0.09019607843137255
1 0.039705882352941174 0.5529411764705883 0.10588235294117647 0.13333333333333333
