1 0.42226965475743966 0.9895685158277813 0.04695837780149413 0.04551920341394026
1 0.9718961222067459 0.5315315314750074 0.0832443970117396 0.10526315789473684
1 0.15972963341272245 0.08202939776234743 0.064034151547492 0.06543385490753911
1 0.09356101014698073 0.3039355144053062 0.10672358591248667 0.13940256045519211
1 0.2600498041704599 0.63821716447643 0.08110992529348986 0.11379800853485064
1 0.3208822481405773 0.3266951161122763 0.07043756670224119 0.09957325746799431
1 0.4905727497414311 0.5315315314750074 0.08110992529348986 0.10526315789473684
1 0.97936677322062 0.39639639633987234 0.08110992529348986 0.10810810810810811
1 0.251511917297461 0.027975343708293368 0.055496264674493125 0.07396870554765292
1 0.3198150122814524 0.7790422000383076 0.07257203842049093 0.08819345661450925
1 0.07435076468273313 0.5798956851023189 0.064034151547492 0.10526315789473668
1 0.267520455184334 0.23281175907102453 0.07470651013874066 0.11095305832147938
