1 0.9472727272727273 0.7624242424242424 0.09090909090909091 0.10181818181818182
1 0.46636363636363637 0.6642424242424242 0.0890909090909091 0.0993939393939394
1 0.7709090909090909 0.9393939393939394 0.08 0.10424242424242425
1 0.49454545454545457 0.9466666666666667 0.10181818181818182 0.12363636363636364
1 0.81 0.703030303030303 0.07454545454545475 0.11636363636363636
1 0.13818181818181818 0.10303030303030303 0.04909090909090909 0.11878787878787879
1 0.09 0.5527272727272727 0.07272727272727272 0.06545454545454546
1 0.6245454545454545 0.4266666666666667 0.09272727272727273 0.06787878787878789
1 0.02727272727272727 0.4824242424242424 0.07454545454545454 0.11636363636363636
1 0.8118181818181818 0.4824242424242424 0.07818181818181819 0.11393939393939394
1 0.6936363636363636 0.059393939393939395 0.07272727272727272 0.08242424242424243
