1 0.012727272727272728 0.9684848484848485 0.07636363636363637 0.08484848484848485
1 0.3490909090909091 0.8351515151515152 0.08727272727272738 0.08
1 0.7481818181818182 0.9733333333333334 0.07090909090909091 0.07515151515151515
1 0.2872727272727273 0.7624242424242424 0.08 0.08727272727272728
1 0.46090909090909093 0.38181818181818183 0.045454545454545456 0.06303030303030303
1 0.53 0.8957575757575758 0.08 0.11878787878787879
1 0.30727272727272725 0.29454545454545455 0.05818181818181818 0.05818181818181818
1 0.11636363636363636 0.6315151515151515 0.05272727272727273 0.06545454545454546
1 0.8327272727272728 0.09090909090909091 0.056363636363636366 0.09454545454545454
1 0.5981818181818181 0.8909090909090909 0.07636363636363637 0.09696969696969697
