1 0.8150124509153905 0.43764817443375564 0.04055496264674493 0.06543385490753911
1 0.38384916382894446 0.9326695115603559 0.0384204909284952 0.059743954480796585
1 0.3945215224201931 0.6979611189572265 0.04695837780149413 0.0625889046941677
1 0.7339025256219007 0.01944049306817957 0.025613660618996798 0.06543385490753911
1 0.3753112769559455 0.7918444759984783 0.03628601921024546 0.06258890469416785
1 0.731768053903651 0.13323850160303022 0.0384204909284952 0.059743954480796585
1 0.5044468159100544 0.7520151730112805 0.04055496264674493 0.059743954480796585
1 0.7936677337328932 0.3323850165390188 0.0384204909284952 0.05974395448079651
1 0.6997509781299049 0.2612612612047372 0.025613660618996798 0.03982930298719772
1 0.7339025256219007 0.1929824560838268 0.04695837780149413 0.06543385490753911
1 0.9580220560381226 0.7093409198107116 0.051227321237993596 0.06827880512091039
1 0.8801138383220074 0.7648174489714512 0.04055496264674493 0.034139402560455195
1 0.21522589808721554 0.21574205779079692 0.029882604055496264 0.07396870554765292
1 0.8320882246613884 0.5827406353156902 0.029882604055496264 0.07112375533428165
1 0.8448950549708868 0.6424845897964868 0.03415154749199573 0.07112375533428165
1 0.9260049802643767 0.19867235651056933 0.04695837780149413 0.06258890469416785
1 0.8897189610541312 0.8117591274920771 0.044823906083244394 0.07112375533428165
1 0.2707221627617086 0.6865813181037415 0.0192102454642476 0.05689900426742532
1 0.7829953751416445 0.17022285437685666 0.021344717182497332 0.034139402560455195
1 0.9516186408833734 0.5144618301947799 0.03415154749199573 0.04836415362731152
1 0.7915332620146435 0.2669511616314797 0.042689434364994665 0.06258890469416785
1 0.7360369973401504 0.10478899946931755 0.029882604055496264 0.03698435277382646
1 0.25257915315658586 0.7975343764252208 0.03415154749199573 0.04267425320056899
1 0.19281394504559332 0.6993835940639122 0.0384204909284952 0.034139402560455195
1 0.47990039115018246 0.9924134660411525 0.03628601921024546 0.031294452347083924
1 0.6997509781299049 0.3323850165390188 0.03415154749199573 0.06258890469416777
