1 0.8781818181818182 0.45454545454545453 0.06727272727272728 0.08242424242424243
1 0.28363636363636363 0.6593939393939394 0.09818181818181818 0.13575757575757577
1 0.013636363636363636 0.3333333333333333 0.09090909090909091 0.20363636363636364
1 0.32181818181818184 0.35515151515151516 0.09090909090909091 0.11878787878787879
1 0.43 0.6254545454545455 0.08181818181818182 0.0993939393939394
1 0.7972727272727272 0.6896969696969697 0.05090909090909091 0.09696969696969697
1 0.08545454545454545 0.006060606060606061 0.10909090909090909 0.09212121212121212
1 0.0027272727272727275 0.04727272727272727 0.06545454545454546 0.14545454545454545
1 0.06272727272727273 0.7054545454545454 0.1290909090909091 0.17212121212121212
1 0.41545454545454547 0.7963636363636364 0.0890909090909091 0.09454545454545454
1 0.26 0.29333333333333333 0.13454545454545455 0.17212121212121212
1 0.10272727272727272 0.1890909090909091 0.13090909090909092 0.17696969696969697
1 0.005454545454545455 0.5818181818181818 0.04363636363636364 0.16242424242424242
1 0.89 0.3660606060606061 0.05090909090909091 0.06545454545454546
1 0.4827272727272727 0.7563636363636363 0.07818181818181819 0.10181818181818182
