1 0.6118181818181818 0.11393939393939394 0.04363636363636364 0.08242424242424243
1 0.26 0.3612121212121212 0.06 0.06060606060606061
1 0.13545454545454547 0.3236363636363636 0.05272727272727273 0.041212121212121214
1 0.04363636363636364 0.14303030303030304 0.0490909090909091 0.08
1 0.5136363636363637 0.3709090909090909 0.045454545454545456 0.08484848484848485
1 0.8336363636363636 0.32727272727272727 0.07454545454545454 0.05333333333333334
1 0.5436363636363636 0.5806060606060606 0.06181818181818161 0.08969696969696955
1 0.6454545454545455 0.2084848484848485 0.056363636363636366 0.09696969696969697
1 0.7036363636363636 0.26181818181818184 0.06181818181818182 0.06303030303030296
1 0.12181818181818181 0.11878787878787879 0.07636363636363637 0.0703030303030303
1 0.6481818181818182 0.34424242424242424 0.06363636363636363 0.07272727272727272
1 0.4263636363636364 0.2096969696969697 0.04909090909090909 0.06545454545454546
