1 0.35454545454545455 0.47515151515151516 0.05090909090909091 0.06060606060606061
1 0.20545454545454545 0.13818181818181818 0.06545454545454546 0.05090909090909091
1 0.11181818181818182 0.3878787878787879 0.04727272727272727 0.055757575757575756
1 0.04909090909090909 0.41818181818181815 0.045454545454545456 0.05333333333333334
1 0.6763636363636364 0.35515151515151516 0.034545454545454546 0.05333333333333334
1 0.6554545454545454 0.21696969696969698 0.04000000000000021 0.06060606060606061
1 0.3463636363636364 0.08969696969696969 0.06181818181818182 0.08
1 0.5 0.44 0.034545454545454546 0.05090909090909091
1 0.23545454545454544 0.5393939393939394 0.04363636363636364 0.05333333333333334
1 0.016363636363636365 0.2096969696969697 0.056363636363636366 0.08484848484848485
1 0.042727272727272725 0.36727272727272725 0.06 0.05333333333333334
1 0.2963636363636364 0.03515151515151515 0.05454545454545454 0.07030303030303031
1 0.5872727272727273 0.22666666666666666 0.05818181818181818 0.05333333333333334
1 0.10181818181818182 0.49454545454545457 0.04363636363636364 0.05818181818181818
1 0.5918181818181818 0.2812121212121212 0.034545454545454546 0.048484848484848554
1 0.40545454545454546 0.1393939393939394 0.05272727272727273 0.0727272727272727
1 0.27636363636363637 0.2593939393939394 0.05818181818181818 0.05818181818181818
1 0.7472727272727273 0.30303030303030304 0.04 0.05090909090909091
1 0.15636363636363637 0.45454545454545453 0.04727272727272727 0.04606060606060606
1 0.62 0.35878787878787877 0.03090909090909091 0.05333333333333334
1 0.011818181818181818 0.3575757575757576 0.05454545454545454 0.06787878787878789
1 0.27545454545454545 0.6048484848484849 0.05090909090909091 0.06060606060606061
1 0.85 0.1393939393939394 0.05090909090909091 0.050909090909090876
1 0.8218181818181818 0.29818181818181816 0.04909090909090909 0.048484848484848554
1 0.6618181818181819 0.4763636363636364 0.038181818181818185 0.05090909090909091
1 0.6536363636363637 0.33575757575757575 0.04909090909090909 0.05090909090909091
1 0.48545454545454547 0.1684848484848485 0.06 0.08484848484848485
1 0.6354545454545455 0.24727272727272728 0.04181818181818182 0.048484848484848485
1 0.5390909090909091 0.22303030303030302 0.034545454545454546 0.05818181818181818
1 0.06636363636363636 0.463030303030303 0.038181818181818185 0.05333333333333334
1 0.8227272727272728 0.06303030303030303 0.04 0.04606060606060606
1 0.5972727272727273 0.32242424242424245 0.03636363636363636 0.04606060606060606
1 0.1509090909090909 0.37454545454545457 0.05454545454545454 0.048484848484848485
1 0.6172727272727273 0.28363636363636363 0.038181818181818185 0.041212121212121214
1 0.1290909090909091 0.2084848484848485 0.05454545454545454 0.055757575757575756
1 0.43272727272727274 0.055757575757575756 0.04727272727272727 0.05333333333333334
1 0.4681818181818182 0.5175757575757576 0.04181818181818182 0.04606060606060606
