1 0.6172727272727273 0.31636363636363635 0.056363636363636366 0.0703030303030303
1 0.2672727272727273 0.8715151515151515 0.045454545454545456 0.08484848484848485
1 0.2872727272727273 0.09333333333333334 0.05272727272727273 0.06545454545454546
1 0.5918181818181818 0.9781818181818182 0.04181818181818182 0.08484848484848485
1 0.73 0.5248484848484849 0.06727272727272728 0.07030303030303044
1 0.4509090909090909 0.09454545454545454 0.06545454545454546 0.08
1 0.7727272727272727 0.6775757575757576 0.07090909090909091 0.09696969696969697
1 0.8190909090909091 0.13575757575757577 0.07090909090909091 0.08484848484848481
1 0.75 0.34424242424242424 0.04181818181818182 0.07515151515151515
1 0.8736363636363637 0.4509090909090909 0.07272727272727272 0.06303030303030303
1 0.3381818181818182 0.42787878787878786 0.038181818181818185 0.09212121212121212
1 0.1990909090909091 0.28363636363636363 0.05272727272727273 0.07515151515151515
1 0.22818181818181818 0.1709090909090909 0.056363636363636366 0.05333333333333334
1 0.42363636363636364 0.30424242424242426 0.05454545454545454 0.07515151515151515
1 0.4263636363636364 0.17333333333333334 0.06545454545454546 0.09212121212121212
1 0.9454545454545454 0.33090909090909093 0.06363636363636363 0.07272727272727272
1 0.9009090909090909 0.26545454545454544 0.05090909090909091 0.055757575757575756
1 0.27090909090909093 0.5987878787878788 0.05090909090909091 0.07757575757575758
1 0.6463636363636364 0.6751515151515152 0.07090909090909091 0.06545454545454546
