1 0.34761321909424725 0.022838499184339316 0.04895960832313342 0.06199021207177814
1 0.6413708690330477 0.04241435562805873 0.046511627906976744 0.07177814029363785
1 0.6976744186046512 0.03262642740619902 0.03916768665850673 0.04567699836867863
1 0.39657282741738065 0.05872756933115824 0.046511627906976744 0.05546492659053834
1 0.0073439412484700125 0.05872756933115824 0.03182374541003672 0.05872756933115824
1 0.7503059975520195 0.024469820554649267 0.04895960832313342 0.05546492659053834
1 0.8947368421052632 0.01468189233278956 0.051407588739290085 0.04567699836867863
1 0.32313341493268055 0.0701468189233279 0.0587515299877601 0.05872756933115824
1 0.4920440636474908 0.03262642740619902 0.0416156670746634 0.06525285481239804
1 0.43818849449204406 0.05872756933115824 0.056303549571603426 0.04241435562805873
1 0.8041615667074663 0.022838499184339316 0.046511627906976744 0.05872756933115824
