1 0.5823550336261696 0.34329065727136215 0.06830309498399147 0.09672830725462313
1 0.008182141416991405 0.6989094339427704 0.1152614727854856 0.1251778093883357
1 0.03486303789511307 0.8539592205715044 0.1344717182497332 0.13940256045519203
1 0.3027392385354546 0.673304882022429 0.0576307363927428 0.08819345661450925
1 0.4745642118545581 0.1825509702158856 0.04055496264674493 0.03698435277382646
1 0.2803272854938324 0.46562351644632655 0.04909284951974386 0.10241820768136557
1 0.13091426521635108 0.8952109986653878 0.0533617929562433 0.05689900426742532
1 0.08075417983748233 0.35182550791147593 0.08751334044823907 0.08819345661450925
1 0.36463891836469686 0.20673304702954137 0.0576307363927428 0.04551920341394026
1 0.19174670918646847 0.4314841138858714 0.0768409818569904 0.11948790896159317
1 0.5023123441918046 0.2949265036440506 0.06830309498399158 0.08250355618776671
1 0.6848096761021568 0.2465623500167391 0.05976520811099253 0.06827880512091039
1 0.04766986820461147 0.4257942134591288 0.11312700106723586 0.1337126600284495
1 0.251511917297461 0.7017543841561417 0.06403415154749206 0.10241820768136557
1 0.008182141416991405 0.5509720228474646 0.0768409818569904 0.09103840682788067
1 0.25257915315658586 0.8696064467450464 0.08110992529348986 0.06827880512091039
1 0.27285663447995834 0.560929348594264 0.051227321237993534 0.10241820768136542
1 0.44147990022168726 0.3020388791774788 0.06830309498399147 0.09103840682788052
