1 0.7733902524095208 0.9530583214793741 0.051227321237993596 0.06827880512091039
1 0.9921736035301184 0.16358463726884778 0.03415154749199573 0.07396870554765288
1 0.9046602630818793 0.27311522048364156 0.042689434364994665 0.06258890469416793
1 0.09356101014698073 0.7937411095305832 0.042689434364994665 0.07112375533428165
1 0.8299537529431387 0.7624466571834992 0.0576307363927428 0.05689900426742532
1 0.26218427588870963 0.39260312944523473 0.05122732123799366 0.07681365576102418
1 0.4233368906165645 0.18776671408250356 0.04055496264674493 0.05689900426742532
1 0.9921736035301184 0.5120910384068279 0.04055496264674493 0.06827880512091039
1 0.379580220392445 0.18776671408250356 0.029882604055496264 0.031294452347083924
1 0.3561010314916979 0.12802275960170698 0.04909284951974386 0.06258890469416785
1 0.6645321947787843 0.29871977240398295 0.03628601921024546 0.045519203413940335
1 0.1458555672440992 0.972972972972973 0.03628601921024546 0.05689900426742532
1 0.6506581286101611 0.9559032716927454 0.05336179295624333 0.06827880512091039
1 0.4329420133486883 0.4751066856330014 0.04909284951974386 0.06827880512091039
1 0.46069014568593486 0.2233285917496444 0.029882604055496264 0.02275960170697013
1 0.23870508698796258 0.5092460881934566 0.051227321237993596 0.06258890469416785
1 0.08929206671048126 0.7254623044096729 0.0384204909284952 0.034139402560455195
1 0.6282461755685389 0.25604551920341395 0.042689434364994665 0.034139402560455195
1 0.32835289915445137 0.267425320056899 0.04909284951974386 0.06827880512091039
1 0.5204553537969274 0.42532005689900426 0.04268943436499454 0.05405405405405406
1 0.6976165064116552 0.7752489331436699 0.05976520811099253 0.06827880512091039
1 0.22696549253758905 0.45803698435277385 0.04695837780149413 0.07112375533428165
1 0.570615439175796 0.30014224751066854 0.03628601921024546 0.054054054054053974
1 0.5140519386421781 0.5234708392603129 0.04268943436499478 0.06543385490753896
1 0.08929206671048126 0.8705547652916074 0.02774813233724653 0.03982930298719772
1 0.18641052989084414 0.5149359886201992 0.04695837780149413 0.06827880512091039
1 0.46495908912243433 0.11095305832147938 0.0384204909284952 0.034139402560455195
1 0.40946282444794124 0.561877667140825 0.03628601921024546 0.05120910384068263
1 0.3657061542238217 0.3541963015647226 0.04909284951974386 0.06827880512091031
1 0.435076485066938 0.3328591749644381 0.029882604055496264 0.05689900426742532
1 0.6101031659634162 0.9900426742532006 0.0384204909284952 0.04267425320056899
1 0.6389185341597876 0.43812233285917496 0.029882604055496264 0.03982930298719772
1 0.0946282460061056 0.6500711237553343 0.05336179295624333 0.059743954480796585
1 0.38811810726544393 0.011379800853485065 0.044823906083244394 0.051209103840682786
1 0.9622909994746222 0.7226173541963016 0.05976520811099253 0.07112375533428165
1 0.3219494839997022 0.4267425320056899 0.04695837780149413 0.06258890469416785
1 0.5844895053444193 0.02702702702702703 0.029882604055496264 0.05405405405405406
1 0.3091426536902038 0.34992887624466573 0.04055496264674493 0.06258890469416785
1 0.6965492705525304 0.38264580369843526 0.04695837780149413 0.06543385490753911
1 0.5759516184714204 0.1721194879089616 0.042689434364994665 0.05689900426742532
