1 0.12272727272727273 0.31757575757575757 0.07818181818181819 0.0993939393939394
1 0.4709090909090909 0.025454545454545455 0.07818181818181819 0.09696969696969697
1 0.2990909090909091 0.1903030303030303 0.07818181818181819 0.08242424242424243
1 0.9572727272727273 0.743030303030303 0.07636363636363637 0.11151515151515151
1 0.02 0.656969696969697 0.07272727272727272 0.06545454545454546
1 0.07818181818181819 0.9636363636363636 0.06 0.08727272727272728
1 0.44181818181818183 0.27636363636363637 0.06181818181818182 0.09212121212121212
1 0.12454545454545454 0.49454545454545457 0.06909090909090909 0.09696969696969697
1 0.5972727272727273 0.07151515151515152 0.08181818181818182 0.08242424242424243
1 0.09 0.15757575757575756 0.06363636363636363 0.1478787878787879
