1 0.4873710421640565 0.9274537695590327 0.0576307363927428 0.07396870554765292
1 0.5087157593465539 0.7453769559032717 0.044823906083244276 0.031294452347083924
1 0.14051938794847485 0.03698435277382646 0.021344717182497332 0.051209103840682786
1 0.10850231217472886 0.36984352773826457 0.05549626467449306 0.025604551920341393
1 0.13091426521635108 0.9530583214793741 0.038420490928495164 0.06258890469416785
1 0.22162931324196472 0.9672830725462305 0.04909284951974386 0.07112375533428165
1 0.24083955870621232 0.5334281650071123 0.03415154749199573 0.059743954480796425
1 0.9078619706592539 0.9174964438122333 0.04055496264674493 0.02844950213371266
1 0.0401992171907374 0.19203413940256045 0.04909284951974386 0.05689900426742532
1 0.04873710406373634 0.34992887624466573 0.042689434364994665 0.04267425320056899
1 0.5385983634020501 0.6002844950213371 0.03201707577374588 0.04836415362731136
1 0.5578086088662977 0.9203413940256046 0.032017075773746 0.05405405405405406
1 0.5289932406699263 0.9886201991465149 0.057630736392742916 0.04836415362731152
1 0.16399857684922192 0.883357041251778 0.051227321237993596 0.05405405405405406
1 0.7210956953124023 0.5533428165007113 0.04909284951974386 0.07112375533428165
1 0.7915332620146435 0.7126600284495022 0.051227321237993596 0.06258890469416785
1 0.851298470125636 0.9615931721194879 0.032017075773746 0.031294452347083924
1 0.9249377444052518 0.6557610241820768 0.05336179295624333 0.07112375533428165
1 0.7936677337328932 0.1593172119487909 0.05549626467449306 0.06258890469416785
1 0.17360369958134572 0.16500711237553342 0.03415154749199573 0.02275960170697013
1 0.6645321947787843 0.9416785206258891 0.04695837780149413 0.051209103840682786
1 0.8779793666037576 0.7140825035561877 0.023479188900747065 0.051209103840682786
