1 0.44468160779906185 0.6657183499288762 0.07043756670224119 0.07396870554765292
1 0.682675204383907 0.25177809388335703 0.04909284951974386 0.05405405405405406
1 0.7445748842131493 0.35135135135135137 0.064034151547492 0.10241820768136557
1 0.7189612235941526 0.01422475106685633 0.064034151547492 0.05689900426742532
1 0.5183208820786777 0.6998577524893315 0.023479188900747065 0.06258890469416785
1 0.8939879044906307 0.4352773826458037 0.061899679829242264 0.04551920341394026
1 0.8470295266891366 0.9615931721194879 0.06830309498399147 0.10526315789473684
1 0.6655994306379093 0.06401137980085349 0.05976520811099253 0.09388335704125178
1 0.571682675034921 0.5917496443812233 0.061899679829242264 0.08534850640113797
1 0.6303806472867887 0.9516358463726885 0.05336179295624333 0.031294452347083924
1 0.6229099962729145 0.13940256045519203 0.06616862326574173 0.11379800853485064
1 0.5215225896560522 0.8733997155049786 0.05976520811099253 0.05689900426742532
1 0.5919601563582935 0.8933143669985776 0.04055496264674493 0.03698435277382646
1 0.8448950549708868 0.40825035561877665 0.04695837780149413 0.031294452347083924
1 0.8278192812248889 0.3058321479374111 0.051227321237993596 0.11095305832147938
1 0.6997509781299049 0.8563300142247511 0.05976520811099253 0.09103840682788052
