1 0.4149326805385557 0.5367047308319739 0.03671970624235006 0.03915171288743882
1 0.3574051407588739 0.26916802610114193 0.03671970624235006 0.052202283849918436
1 0.38555691554467564 0.38499184339314846 0.044063647490820076 0.03588907014681892
1 0.47980416156670747 0.45187601957585644 0.02447980416156671 0.03915171288743882
1 0.2668298653610771 0.29526916802610115 0.03916768665850673 0.048939641109298535
1 0.4565483476132191 0.43230016313213704 0.03916768665850673 0.03915171288743882
1 0.12729498164014688 0.6280587275693311 0.0416156670746634 0.04567699836867863
1 0.08567931456548347 0.8270799347471451 0.046511627906976744 0.03588907014681911
1 0.04895960832313342 0.06851549755301795 0.06364749082007344 0.09461663947797716
1 0.28886168910648713 0.3719412724306688 0.04161566707466347 0.06199021207177814
1 0.33659730722154224 0.4469820554649266 0.02447980416156671 0.052202283849918436
1 0.09057527539779682 0.2544861337683524 0.051407588739290085 0.05546492659053834
