1 0.7883315544372689 0.6661925064890009 0.0384204909284952 0.06543385490753911
1 0.2845962289303319 0.3347558066312483 0.08537886872998933 0.11095305832147938
1 0.8779793666037576 0.34471313237804774 0.05336179295624333 0.05120910384068271
1 0.6741373175109081 0.8240872433311061 0.05336179295624333 0.06827880512091039
1 0.7563144786635229 0.545282122420722 0.04909284951974386 0.051209103840682786
1 0.7936677337328932 0.03319108401389414 0.044823906083244394 0.06827880512091039
1 0.20455353949596686 0.20815552213622698 0.05976520811099253 0.09388335704125178
1 0.5385983634020501 0.44286391473935643 0.057630736392742674 0.06543385490753911
1 0.6527926003284108 0.45282124048615585 0.029882604055496264 0.06258890469416785
1 0.3913198148428185 0.095779988708062 0.05336179295624333 0.07965860597439545
1 0.18000711473609493 0.7472735875700819 0.05549626467449306 0.06827880512091039
1 0.29206687994420594 0.1569464182955442 0.08964781216648879 0.12233285917496443
1 0.06794734952798394 0.11284968998828958 0.10672358591248667 0.1422475106685633
1 0.29206687994420594 0.6334755790352312 0.05336179295624333 0.05405405405405389
1 0.8342226963796382 0.5495495477407789 0.04909284951974386 0.06543385490753911
1 0.4927072214596808 0.6277856786084888 0.051227321237993596 0.07681365576102435
1 0.4553539663903105 0.06306306125429242 0.0768409818569904 0.0825035561877667
1 0.5812877977670448 0.6320531039285456 0.044823906083244394 0.06543385490753911
1 0.187477765749969 0.8752963471717888 0.025613660618996798 0.05689900426742532
1 0.03913198133161254 0.5808440000878629 0.0832443970117396 0.09957325746799431
1 0.0060476696987416725 0.3603603585515897 0.0192102454642476 0.09957325746799431
1 0.17040199200397113 0.3930772860053593 0.08537886872998933 0.1166429587482219
1 0.5055140517691792 0.24513987491005346 0.07043756670224131 0.09388335704125178
