1 0.3145454545454546 0.02303030303030303 0.03454545454545465 0.06545454545454546
1 0.8254545454545454 0.12242424242424242 0.04181818181818182 0.06303030303030303
1 0.013636363636363636 0.4290909090909091 0.06181818181818182 0.048484848484848485
1 0.24636363636363637 0.2315151515151515 0.04181818181818182 0.06303030303030303
1 0.4354545454545454 0.743030303030303 0.03090909090909101 0.07272727272727272
1 0.31545454545454543 0.1006060606060606 0.045454545454545456 0.055757575757575756
1 0.33181818181818185 0.2593939393939394 0.03090909090909101 0.055757575757575756
1 0.23545454545454544 0.01696969696969697 0.05818181818181818 0.05333333333333334
1 0.05 0.5236363636363637 0.09272727272727273 0.06787878787878775
1 0.3245454545454545 0.15393939393939393 0.038181818181818185 0.055757575757575756
1 0.023636363636363636 0.2775757575757576 0.025454545454545455 0.10424242424242425
1 0.64 0.5806060606060606 0.045454545454545456 0.0654545454545456
1 0.7190909090909091 0.5357575757575758 0.06 0.05818181818181818
1 0.32545454545454544 0.2096969696969697 0.05272727272727273 0.041212121212121214
1 0.21636363636363637 0.4703030303030303 0.05454545454545454 0.06303030303030303
