1 0.05454545454545454 0.02909090909090909 0.15818181818181817 0.17939393939393938
1 0.5218181818181818 0.01575757575757576 0.07090909090909091 0.12848484848484848
1 0.5472727272727272 0.25333333333333335 0.05090909090909091 0.06303030303030296
1 0.06545454545454546 0.7527272727272727 0.11818181818181818 0.20363636363636364
1 0.41545454545454547 0.019393939393939394 0.11272727272727273 0.09212121212121212
1 0.41818181818181815 0.5478787878787879 0.07818181818181828 0.10909090909090909
1 0.12545454545454546 0.52 0.11272727272727273 0.1696969696969697
1 0.24 0.012121212121212121 0.1290909090909091 0.12848484848484848
1 0.3927272727272727 0.17212121212121212 0.08727272727272728 0.10666666666666667
1 0.19090909090909092 0.24242424242424243 0.11272727272727273 0.17939393939393938
1 0.3527272727272727 0.8145454545454546 0.12363636363636364 0.15272727272727274
