1 0.07833537331701346 0.3066884176182708 0.09791921664626685 0.06525285481239804
1 0.6940024479804161 0.7601957585644372 0.03427172582619339 0.06851549755301795
1 0.2558139534883721 0.7422512234910277 0.06854345165238677 0.06199021207177833
1 0.7833537331701347 0.2561174551386623 0.051407588739290085 0.07504078303425775
1 0.9094247246022031 0.1468189233278956 0.056303549571603426 0.07177814029363784
1 0.9155446756425949 0.4551386623164764 0.046511627906976744 0.10766721044045677
1 0.7796817625458996 0.7879282218597063 0.06854345165238677 0.03915171288743882
1 0.36107711138310894 0.8727569331158238 0.0587515299877601 0.06851549755301795
1 0.7013463892288861 0.5350734094616639 0.051407588739290085 0.06525285481239804
1 0.3292533659730722 0.7471451876019576 0.07099143206854346 0.052202283849918436
1 0.17503059975520197 0.8384991843393148 0.09302325581395349 0.04567699836867863
1 0.13708690330477355 0.48450244698205547 0.0611995104039168 0.08156606851549755
1 0.3463892288861689 0.8091353996737357 0.06119951040391677 0.048939641109298535
1 0.42105263157894735 0.7520391517128875 0.06119951040391677 0.06851549755301795
1 0.06119951040391677 0.5579119086460033 0.07833537331701346 0.07504078303425775
1 0.9657282741738066 0.29853181076672103 0.03182374541003672 0.06851549755301795
1 0.4039167686658507 0.3637846655791191 0.08078335373317014 0.06199021207177814
1 0.08935128518971848 0.9119086460032626 0.0587515299877601 0.10440456769983687
1 0.22643818849449204 0.5546492659053833 0.051407588739290085 0.08156606851549755
1 0.1591187270501836 0.6818923327895595 0.06364749082007344 0.09787928221859707
1 0.8347613219094248 0.732463295269168 0.046511627906976744 0.07504078303425775
1 0.2717258261933905 0.33442088091353994 0.09302325581395342 0.07504078303425785
