1 0.4222766217870257 0.531810766721044 0.07343941248470012 0.03588907014681911
1 0.6156670746634026 0.3099510603588907 0.048959608323133556 0.052202283849918436
1 0.9143206854345165 0.8221859706362153 0.056303549571603426 0.06199021207177814
1 0.9167686658506732 0.2626427406199021 0.056303549571603426 0.06199021207177814
1 0.17380660954712362 0.46492659053833607 0.051407588739290085 0.048939641109298535
1 0.17380660954712362 0.9070146818923328 0.08567931456548347 0.07830342577487764
1 0.4749082007343941 0.6150081566068516 0.06119951040391677 0.09135399673735707
1 0.2582619339045288 0.9722675367047309 0.05385556915544669 0.03262642740619902
1 0.26560587515299877 0.6688417618270799 0.03916768665850673 0.08156606851549773
1 0.09424724602203183 0.28548123980424145 0.08567931456548347 0.08809135399673736
1 0.8151774785801713 0.2903752039151713 0.056303549571603426 0.06199021207177814
1 0.4614443084455324 0.1468189233278956 0.06609547123623011 0.048939641109298535
1 0.791921664626683 0.8809135399673735 0.03916768665850673 0.06851549755301795
1 0.5581395348837209 0.9053833605220228 0.03916768665850673 0.10440456769983687
1 0.4847001223990208 0.9526916802610114 0.05385556915544676 0.07177814029363784
1 0.1835985312117503 0.5954323001631321 0.03671970624235006 0.05546492659053852
1 0.7074663402692778 0.6166394779771615 0.06119951040391677 0.032626427406199206
1 0.12607099143206854 0.7030995106035889 0.07588739290085679 0.10440456769983687
1 0.37821297429620565 0.8515497553017944 0.02937576499388005 0.06525285481239804
