1 0.3913198148428185 0.6913229018492176 0.04695837780149413 0.05405405405405406
1 0.4980434007553052 0.6301564722617354 0.05336179295624333 0.04551920341394026
1 0.6410530058780373 0.5846372688477952 0.04909284951974386 0.059743954480796745
1 0.8267520453657641 0.32147937411095306 0.07897545357524013 0.08819345661450925
1 0.3251511915770768 0.8563300142247511 0.07257203842049093 0.09103840682788052
1 0.6954820346934055 0.6785206258890469 0.06616862326574173 0.05405405405405406
1 0.6634649589196595 0.6401137980085349 0.04055496264674493 0.06258890469416785
1 0.2856634647894567 0.930298719772404 0.064034151547492 0.08250355618776671
1 0.7861970827190191 0.21906116642958748 0.07897545357524013 0.11379800853485064
1 0.3539665597734482 0.7396870554765291 0.05549626467449306 0.07396870554765292
1 0.7285663463262764 0.6344238975817923 0.05976520811099253 0.07681365576102418
1 0.18320882231346952 0.7709815078236131 0.07043756670224119 0.09672830725462304
1 0.17680540715872034 0.6884779516358464 0.05976520811099253 0.03698435277382646
1 0.4169334754618153 0.43385490753911804 0.05976520811099253 0.07112375533428165
1 0.3198150122814524 0.7453769559032717 0.04695837780149413 0.034139402560455195
