1 0.5177478580171359 0.2169657422512235 0.044063647490820076 0.05872756933115824
1 0.5862913096695227 0.13376835236541598 0.07833537331701332 0.09461663947797716
1 0.07466340269277846 0.9853181076672104 0.0660954712362301 0.05872756933115824
1 0.9155446756425949 0.4730831973898858 0.07343941248470012 0.06525285481239804
1 0.10893512851897184 0.35073409461663946 0.04895960832313342 0.026101141924959218
1 0.3378212974296206 0.5595432300163132 0.06609547123623011 0.12071778140293637
1 0.828641370869033 0.5611745513866232 0.08078335373317014 0.11092985318107668
1 0.38922888616891066 0.3735725938009788 0.09057527539779682 0.06525285481239804
1 0.20318237454100369 0.6737357259380098 0.10771113831089352 0.06851549755301795
1 0.4039167686658507 0.8792822185970636 0.09302325581395349 0.1500815660685155
1 0.09057527539779682 0.5203915171288744 0.0832313341493268 0.15660685154975548
1 0.9388004895960832 0.9869494290375204 0.06119951040391677 0.04241435562805873
1 0.4455324357405141 0.01794453507340946 0.051407588739290085 0.052202283849918436
1 0.6719706242350061 0.4355628058727569 0.07833537331701346 0.08156606851549755
1 0.9302325581395349 0.20880913539967375 0.0416156670746634 0.09135399673735727
1 0.40024479804161567 0.08972267536704731 0.03671970624235006 0.052202283849918436
1 0.6842105263157895 0.27569331158238175 0.07099143206854346 0.07830342577487764
1 0.0208078335373317 0.28548123980424145 0.056303549571603426 0.1370309951060359
1 0.44063647490820074 0.6916802610114192 0.09547123623011015 0.13376835236541598
1 0.7576499388004896 0.01794453507340946 0.1419828641370869 0.052202283849918436
1 0.9877600979192166 0.2740619902120718 0.06119951040391677 0.05872756933115824
1 0.8237454100367197 0.1859706362153344 0.07588739290085679 0.03588907014681892
1 0.02447980416156671 0.4355628058727569 0.07343941248470012 0.10114192495921696
