0 0.046218487394957986 0.8955223880597015 0.04481792717086835 0.05223880597014925
0 0.6008403361344538 0.8544776119402985 0.06162464985994398 0.08582089552238806
0 0.22128851540616246 0.8302238805970149 0.05042016806722689 0.07462686567164178
0 0.1792717086834734 0.416044776119403 0.056022408963585436 0.06716417910447761
0 0.18487394957983194 0.12126865671641791 0.058823529411764705 0.0708955223880597
0 0.28851540616246496 0.9347014925373134 0.0476190476190477 0.06716417910447761
0 0.27871148459383754 0.7873134328358209 0.05042016806722689 0.055970149253731345
0 0.08123249299719888 0.5317164179104478 0.04201680672268908 0.06716417910447761
0 0.5196078431372549 0.3917910447761194 0.08123249299719872 0.11194029850746269
0 0.037815126050420166 0.5167910447761194 0.03921568627450982 0.05970149253731343
0 0.3753501400560224 0.5708955223880597 0.05042016806722689 0.06716417910447761
0 0.2969187675070028 0.457089552238806 0.058823529411764705 0.08582089552238806
