1 0.42717258261933905 0.2528548123980424 0.051407588739290085 0.07177814029363784
1 0.3818849449204406 0.04730831973898858 0.03427172582619339 0.09135399673735727
1 0.16156670746634028 0.1370309951060359 0.07588739290085679 0.09787928221859707
1 0.9730722154222766 0.42088091353996737 0.0587515299877601 0.08156606851549755
1 0.3219094247246022 0.06688417618270799 0.06854345165238677 0.10114192495921696
1 0.3818849449204406 0.12071778140293637 0.02937576499388005 0.05546492659053834
1 0.38555691554467564 0.17944535073409462 0.044063647490820076 0.06525285481239804
1 0.6009791921664627 0.026101141924959218 0.04895960832313342 0.06851549755301795
1 0.4663402692778458 0.8482871125611745 0.08078335373317014 0.07504078303425775
1 0.2215422276621787 0.011419249592169658 0.06364749082007344 0.09461663947797716
