1 0.21052631578947367 0.799347471451876 0.044063647490820076 0.052202283849918436
1 0.7148102815177478 0.1598694942903752 0.051407588739290085 0.03588907014681892
1 0.38922888616891066 0.399673735725938 0.07099143206854346 0.048939641109298535
1 0.642594859241126 0.9135399673735726 0.0416156670746634 0.03262642740619902
1 0.4969400244798042 0.8743882544861338 0.056303549571603426 0.04567699836867863
1 0.40514075887392903 0.8482871125611745 0.04895960832313342 0.06525285481239804
1 0.0208078335373317 0.34910277324632955 0.051407588739290085 0.07504078303425775
1 0.401468788249694 0.048939641109298535 0.056303549571603426 0.08482871125611746
1 0.17380660954712362 0.35889070146818924 0.0416156670746634 0.052202283849918436
1 0.5642594859241126 0.26916802610114193 0.0538555691554469 0.06199021207177814
1 0.35862913096695226 0.45024469820554647 0.03182374541003672 0.052202283849918436
1 0.35862913096695226 0.9135399673735726 0.05385556915544676 0.03915171288743882
1 0.025703794369645042 0.8548123980424144 0.0416156670746634 0.03915171288743882
1 0.8335373317013464 0.9820554649265906 0.03671970624235006 0.06199021207177814
1 0.49938800489596086 0.11419249592169657 0.044063647490820076 0.03915171288743882
1 0.8629130966952264 0.5546492659053833 0.03916768665850673 0.06199021207177814
1 0.6940024479804161 0.8776508972267537 0.04895960832313342 0.052202283849918436
1 0.7943696450428397 0.14355628058727568 0.0587515299877601 0.05872756933115828
1 0.3023255813953488 0.29853181076672103 0.05385556915544683 0.048939641109298535
1 0.5936352509179926 0.08809135399673736 0.056303549571603426 0.03262642740619902
1 0.1175030599755202 0.4371941272430669 0.0416156670746634 0.05872756933115824
1 0.7246022031823746 0.22022838499184338 0.046511627906976744 0.026101141924959218
1 0.583843329253366 0.14355628058727568 0.046511627906976605 0.061990212071778183
1 0.7894736842105263 0.6867862969004894 0.03671970624235006 0.04241435562805873
1 0.9742962056303549 0.9575856443719413 0.06854345165238677 0.09135399673735727
1 0.09179926560587515 0.6378466557911908 0.03427172582619339 0.06851549755301795
1 0.9388004895960832 0.24306688417618272 0.06119951040391677 0.03915171288743882
1 0.5165238678090576 0.6818923327895595 0.05140758873929022 0.06525285481239804
1 0.09179926560587515 0.9298531810766721 0.03182374541003672 0.04241435562805873
1 0.01591187270501836 0.5285481239804242 0.046511627906976744 0.05872756933115824
1 0.2484700122399021 0.4371941272430669 0.03916768665850673 0.04567699836867863
1 0.24479804161566707 0.2267536704730832 0.05385556915544676 0.05546492659053834
1 0.9192166462668299 0.45187601957585644 0.056303549571603426 0.07504078303425775
1 0.6731946144430845 0.02936378466557912 0.03916768665850673 0.052202283849918436
1 0.5520195838433293 0.8923327895595432 0.03916768665850673 0.06199021207177814
1 0.29008567931456547 0.9119086460032626 0.03671970624235006 0.04241435562805873
1 0.6646266829865362 0.12071778140293637 0.0416156670746634 0.06851549755301795
1 0.8653610771113831 0.2642740619902121 0.056303549571603426 0.048939641109298535
1 0.05018359853121175 0.9722675367047309 0.046511627906976744 0.02936378466557912
1 0.08567931456548347 0.8597063621533442 0.03182374541003672 0.04567699836867863
1 0.1481028151774786 0.8955954323001631 0.03427172582619339 0.03588907014681892
