1 0.5802205619079199 0.00995732574679943 0.10245464247598719 0.10810810810810811
1 0.395588758279318 0.7382645803698435 0.0576307363927428 0.04551920341394026
1 0.7339025256219007 0.4039829302987198 0.11312700106723586 0.13655761024182078
1 0.7296335821854012 0.7197724039829303 0.07257203842049093 0.06543385490753911
1 0.643187477596287 0.34708392603129445 0.07043756670224119 0.07965860597439545
1 0.6399857700189124 0.7539118065433855 0.044823906083244394 0.05689900426742532
1 0.539665599261175 0.3584637268847795 0.11099252934898612 0.07965860597439545
1 0.6004980432312924 0.5803698435277382 0.05976520811099253 0.07681365576102418
1 0.6463891851736616 0.5021337126600285 0.08751334044823907 0.09672830725462304
1 0.6784062609474076 0.13513513513513514 0.1152614727854856 0.18776671408250356
1 0.1746709354404706 0.32574679943101 0.08110992529348986 0.1337126600284496
1 0.15759516169447274 0.39829302987197723 0.05549626467449306 0.05405405405405406
1 0.24724297386096153 0.5106685633001422 0.05549626467449306 0.04551920341394026
1 0.395588758279318 0.8008534850640113 0.0576307363927428 0.06543385490753911
