1 0.30966952264381886 0.4257748776508972 0.0587515299877601 0.07830342577487764
1 0.2766217870257038 0.5057096247960848 0.08078335373317014 0.09135399673735727
1 0.35006119951040393 0.28548123980424145 0.044063647490820076 0.09461663947797716
1 0.26805385556915545 0.7944535073409462 0.07099143206854346 0.04893964110929835
1 0.01835985312117503 0.5203915171288744 0.046511627906976744 0.09135399673735745
1 0.9351285189718482 0.16639477977161501 0.08078335373317014 0.09135399673735727
1 0.19828641370869032 0.6460032626427407 0.06609547123623011 0.06851549755301795
1 0.0832313341493268 0.6574225122349103 0.08812729498164015 0.07504078303425757
1 0.17258261933904528 0.41272430668841764 0.06119951040391677 0.08156606851549755
1 0.3023255813953488 0.12561174551386622 0.08078335373317007 0.09135399673735727
1 0.1419828641370869 0.22185970636215335 0.06854345165238677 0.10766721044045677
1 0.35862913096695226 0.6639477977161501 0.0587515299877601 0.06525285481239804
