1 0.6655994306379093 0.01422475106685633 0.05549626467449306 0.05689900426742532
1 0.3721095693785709 0.49786628733997157 0.05336179295624333 0.06543385490753911
1 0.48630380630493164 0.07254623044096728 0.05549626467449306 0.06258890469416785
1 0.3144788329858281 0.6529160739687055 0.04909284951974386 0.059743954480796585
1 0.5887584487809189 0.33428165007112376 0.042689434364994665 0.04267425320056899
1 0.6506581286101611 0.112375533428165 0.042689434364994665 0.051209103840682786
1 0.6741373175109081 0.24751066856330015 0.05976520811099253 0.07396870554765292
1 0.6282461755685389 0.04836415362731152 0.03628601921024546 0.04551920341394026
1 0.48203486286843217 0.4238975817923186 0.0576307363927428 0.051209103840682786
1 0.4158662396026904 0.4665718349928876 0.04695837780149413 0.05689900426742532
1 0.30700818197195406 0.5092460881934566 0.05976520811099253 0.06827880512091039
