1 0.5390909090909091 0.45575757575757575 0.05272727272727273 0.0703030303030303
1 0.24818181818181817 0.3406060606060606 0.1 0.0993939393939394
1 0.15272727272727274 0.5212121212121212 0.06 0.08242424242424243
1 0.4772727272727273 0.5587878787878788 0.05090909090909091 0.08242424242424229
1 0.7763636363636364 0.46424242424242423 0.04909090909090909 0.06303030303030303
1 0.06 0.5018181818181818 0.0890909090909091 0.06060606060606061
1 0.045454545454545456 0.33575757575757575 0.07272727272727272 0.05333333333333334
1 0.6118181818181818 0.37212121212121213 0.05272727272727273 0.07515151515151515
1 0.42363636363636364 0.576969696969697 0.04909090909090909 0.07030303030303016
1 0.7872727272727272 0.5248484848484849 0.05454545454545454 0.08484848484848471
