1 0.6976744186046512 0.9412724306688418 0.08078335373317014 0.052202283849918436
1 0.8739290085679314 0.8515497553017944 0.03916768665850673 0.05872756933115824
1 0.019583843329253364 0.7487765089722676 0.06119951040391677 0.12398042414355628
1 0.9216646266829865 0.45187601957585644 0.056303549571603426 0.07830342577487764
1 0.5556915544675642 0.5464926590538336 0.14443084455324356 0.1500815660685155
1 0.6780905752753978 0.6215334420880914 0.11260709914320685 0.13050570962479607
1 0.8212974296205631 0.4910277324632953 0.0832313341493268 0.1500815660685155
1 0.3317013463892289 0.367047308319739 0.12974296205630356 0.1631321370309951
1 0.13219094247246022 0.9592169657422512 0.15422276621787026 0.1566068515497553
1 0.7674418604651163 0.31484502446982054 0.08812729498164015 0.1566068515497553
1 0.3084455324357405 0.8238172920065253 0.14687882496940025 0.1370309951060359
1 0.9363525091799265 0.9053833605220228 0.0832313341493268 0.07830342577487764
1 0.9167686658506732 0.053833605220228384 0.12239902080783353 0.09787928221859707
