1 0.4222766217870257 0.3866231647634584 0.06119951040391677 0.09135399673735717
1 0.795593635250918 0.9771615008156607 0.06609547123623011 0.04241435562805873
1 0.5042839657282742 0.1566068515497553 0.07833537331701346 0.06851549755301799
1 0.4847001223990208 0.6280587275693311 0.06609547123623011 0.09135399673735727
1 0.21297429620563035 0.013050570962479609 0.0832313341493268 0.03588907014681892
1 0.08812729498164015 0.9706362153344209 0.06364749082007344 0.05872756933115824
1 0.7050183598531212 0.564437194127243 0.07343941248470012 0.052202283849918436
1 0.8984088127294981 0.964110929853181 0.044063647490820076 0.09135399673735727
1 0.5177478580171359 0.9690048939641109 0.06119951040391677 0.09461663947797716
1 0.5630354957160343 0.4812398042414356 0.04895960832313342 0.10114192495921696
1 0.631578947368421 0.7210440456769984 0.08567931456548347 0.08156606851549737
1 0.16523867809057527 0.8988580750407831 0.06119951040391677 0.04241435562805873
