1 0.02447980416156671 0.9282218597063622 0.03671970624235006 0.09461663947797716
1 0.5740514075887393 0.6590538336052202 0.08567931456548347 0.052202283849918436
1 0.8567931456548348 0.9755301794453507 0.04895960832313342 0.04241435562805873
1 0.9302325581395349 0.5856443719412724 0.0416156670746634 0.052202283849918436
1 0.9706242350061199 0.7177814029363785 0.051407588739290085 0.06525285481239804
1 0.9143206854345165 0.833605220228385 0.051407588739290085 0.05872756933115824
1 0.8849449204406364 0.9200652528548124 0.044063647490820076 0.05546492659053834
1 0.33659730722154224 0.9380097879282219 0.051407588739290085 0.06851549755301795
1 0.8910648714810282 0.634584013050571 0.03916768665850673 0.03915171288743882
1 0.799265605875153 0.768352365415987 0.0416156670746634 0.07504078303425775
1 0.6487148102815178 0.6411092985318108 0.051407588739290085 0.04241435562805873
1 0.09424724602203183 0.7243066884176182 0.02692778457772338 0.06199021207177814
1 0.48959608323133413 0.7438825448613376 0.044063647490820076 0.06851549755301795
1 0.981640146878825 0.9070146818923328 0.03916768665850673 0.07177814029363784
