1 0.15422276621787026 0.009787928221859706 0.044063647490820076 0.08156606851549755
1 0.07221542227662178 0.4926590538336052 0.036719706242350075 0.08156606851549755
1 0.6866585067319462 0.48776508972267535 0.04895960832313342 0.06525285481239804
1 0.7343941248470012 0.6508972267536705 0.07833537331701346 0.10114192495921696
1 0.4883720930232558 0.41272430668841764 0.056303549571603426 0.06199021207177814
1 0.7613219094247246 0.5220228384991843 0.05385556915544676 0.08482871125611746
1 0.6193390452876377 0.4632952691680261 0.0587515299877601 0.07177814029363784
1 0.3671970624235006 0.5089722675367048 0.07099143206854346 0.09461663947797716
1 0.3525091799265606 0.8858075040783034 0.0416156670746634 0.09135399673735727
1 0.014687882496940025 0.14192495921696574 0.0416156670746634 0.10114192495921696
1 0.6107711138310894 0.8972267536704731 0.05630354957160329 0.06851549755301795
1 0.19706242350061198 0.7145187601957586 0.051407588739290085 0.04241435562805873
1 0.34149326805385555 0.02773246329526917 0.056303549571603426 0.06851549755301795
1 0.7576499388004896 0.866231647634584 0.07588739290085679 0.06525285481239804
1 0.36107711138310894 0.1566068515497553 0.046511627906976744 0.08809135399673731
1 0.5312117503059975 0.03425774877650897 0.056303549571603426 0.08156606851549755
1 0.4981640146878825 0.27895595432300163 0.0587515299877601 0.10766721044045677
1 0.6768665850673194 0.8923327895595432 0.0416156670746634 0.07504078303425775
1 0.13341493268053856 0.15171288743882544 0.03916768665850673 0.05872756933115824
1 0.408812729498164 0.01957585644371941 0.056303549571603426 0.07830342577487764
1 0.543451652386781 0.8107667210440457 0.07343941248469998 0.04567699836867863
1 0.4773561811505508 0.8254486133768353 0.044063647490820076 0.06199021207177814
1 0.1003671970624235 0.2300163132137031 0.046511627906976744 0.06525285481239804
1 0.6731946144430845 0.7487765089722676 0.06609547123623011 0.06525285481239804
1 0.36964504283965727 0.7161500815660685 0.046511627906976744 0.06525285481239804
1 0.43818849449204406 0.13866231647634583 0.056303549571603426 0.06851549755301795
1 0.07588739290085679 0.01468189233278956 0.0587515299877601 0.07177814029363784
1 0.3990208078335373 0.768352365415987 0.03427172582619339 0.08482871125611746
1 0.36964504283965727 0.23491027732463296 0.0587515299877601 0.09787928221859707
1 0.10403916768665851 0.5823817292006526 0.03916768665850673 0.06199021207177814
1 0.08812729498164015 0.10114192495921696 0.0587515299877601 0.07504078303425775
1 0.2741738066095471 0.6835236541598695 0.0611995104039167 0.06525285481239804
1 0.7282741738066095 0.9445350734094616 0.06854345165238677 0.06851549755301795
1 0.6744186046511628 0.9869494290375204 0.04895960832313342 0.03588907014681892
1 0.36107711138310894 0.965742251223491 0.03427172582619339 0.06199021207177814
