1 0.5030599755201959 0.16150081566068517 0.04161566707466354 0.03588907014681892
1 0.3953488372093023 0.2561174551386623 0.03427172582619339 0.02936378466557912
1 0.5018359853121175 0.28874388254486133 0.03182374541003672 0.03588907014681892
1 0.5716034271725826 0.011419249592169658 0.03671970624235006 0.03915171288743882
1 0.6389228886168911 0.26101141924959215 0.03671970624235006 0.04567699836867863
1 0.6609547123623011 0.037520391517128875 0.02937576499388005 0.02936378466557912
1 0.1799265605875153 0.3442088091353997 0.03671970624235006 0.04241435562805873
1 0.4944920440636475 0.5171288743882545 0.03671970624235006 0.04567699836867863
1 0.5789473684210527 0.23491027732463296 0.02937576499388005 0.02936378466557912
1 0.598531211750306 0.3539967373572594 0.02937576499388005 0.05546492659053834
1 0.6719706242350061 0.19249592169657423 0.02692778457772338 0.05546492659053834
1 0.817625458996328 0.7569331158238173 0.051407588739290085 0.048939641109298535
1 0.5507955936352509 0.4355628058727569 0.03427172582619325 0.03588907014681892
1 0.8947368421052632 0.7047308319738989 0.056303549571603426 0.06851549755301795
1 0.7564259485924113 0.7879282218597063 0.0587515299877601 0.03588907014681892
1 0.6927784577723378 0.1272430668841762 0.03182374541003672 0.04567699836867863
1 0.3806609547123623 0.9575856443719413 0.046511627906976744 0.03588907014681892
1 0.6854345165238678 0.8238172920065253 0.04895960832313342 0.048939641109298535
1 0.47368421052631576 0.9249592169657422 0.04895960832313342 0.03588907014681892
1 0.9877600979192166 0.6117455138662317 0.02692778457772338 0.07177814029363784
1 0.9596083231334149 0.6655791190864601 0.056303549571603426 0.052202283849918436
