1 0.24112607099143207 0.29526916802610115 0.0587515299877601 0.08809135399673736
1 0.7906976744186046 0.8156606851549756 0.03671970624235006 0.10440456769983687
1 0.3684210526315789 0.7406199021207178 0.0416156670746634 0.06199021207177814
1 0.9828641370869033 0.7846655791190864 0.06854345165238677 0.05872756933115842
1 0.04773561811505508 0.03262642740619902 0.07343941248470012 0.05872756933115824
1 0.7417380660954712 0.5774877650897227 0.09302325581395349 0.08482871125611746
1 0.2423500611995104 0.9461663947797716 0.056303549571603426 0.04241435562805873
1 0.2386780905752754 0.4159869494290375 0.056303549571603426 0.03588907014681892
1 0.05997552019583843 0.3425774877650897 0.09302325581395349 0.07830342577487764
1 0.19828641370869032 0.47145187601957583 0.06119951040391677 0.06199021207177814
1 0.028151774785801713 0.7928221859706363 0.0587515299877601 0.05546492659053834
1 0.9914320685434517 0.16639477977161501 0.03916768665850673 0.03915171288743882
1 0.6988984088127295 0.48776508972267535 0.04895960832313342 0.06525285481239804
1 0.8739290085679314 0.4061990212071778 0.09791921664626684 0.08156606851549755
1 0.7441860465116279 0.3768352365415987 0.06119951040391677 0.08156606851549755
1 0.022031823745410038 0.46492659053833607 0.03916768665850673 0.07504078303425775
1 0.4528763769889841 0.7014681892332789 0.06364749082007344 0.052202283849918436
1 0.944920440636475 0.7226753670473083 0.07099143206854346 0.06199021207177814
1 0.2741738066095471 0.18270799347471453 0.061199510403916836 0.06199021207177809
1 0.412484700122399 0.9477977161500816 0.06364749082007344 0.07177814029363784
1 0.8555691554467564 0.29200652528548127 0.06119951040391677 0.09787928221859715
1 0.6132190942472461 0.011419249592169658 0.06609547123623025 0.048939641109298535
1 0.565483476132191 0.8972267536704731 0.0416156670746634 0.07504078303425775
1 0.5214198286413708 0.8254486133768353 0.02937576499388019 0.09461663947797716
1 0.16156670746634028 0.16965742251223492 0.10281517747858017 0.05546492659053829
1 0.2937576499388005 0.6247960848287113 0.044063647490820076 0.04567699836867863
1 0.2802937576499388 0.02773246329526917 0.08078335373317014 0.03915171288743882
1 0.8555691554467564 0.6884176182707994 0.046511627906976744 0.06851549755301795
