1 0.6235294117647059 0.3509803921568627 0.03823529411764706 0.054901960784313725
1 0.5176470588235295 0.3843137254901961 0.04117647058823546 0.047058823529411764
1 0.5720588235294117 0.903921568627451 0.041176470588235294 0.047058823529411764
1 0.6852941176470588 0.5568627450980392 0.05 0.043137254901960784
1 0.5808823529411765 0.3862745098039216 0.0441176470588237 0.03529411764705882
1 0.7205882352941176 0.34509803921568627 0.05588235294117647 0.0392156862745098
1 0.7132352941176471 0.2901960784313726 0.04411764705882353 0.0392156862745098
1 0.8588235294117647 0.23137254901960785 0.05 0.043137254901960784
1 0.011764705882352941 0.3803921568627451 0.05 0.09019607843137255
1 0.8661764705882353 0.592156862745098 0.058823529411764705 0.058823529411764705
1 0.7955882352941176 0.3627450980392157 0.05588235294117647 0.043137254901960784
