1 0.43676470588235294 0.5137254901960784 0.047058823529411764 0.054901960784313725
1 0.3161764705882353 0.2627450980392157 0.04411764705882353 0.050980392156862744
1 0.35294117647058826 0.18627450980392157 0.05588235294117639 0.06274509803921569
1 0.013235294117647059 0.39019607843137255 0.041176470588235294 0.058823529411764705
1 0.04264705882352941 0.6176470588235294 0.052941176470588235 0.058823529411764705
1 0.07058823529411765 0.7411764705882353 0.06470588235294118 0.058823529411764705
1 0.23529411764705882 0.3568627450980392 0.047058823529411764 0.047058823529411764
1 0.09411764705882353 0.3431372549019608 0.07352941176470588 0.058823529411764705
1 0.42205882352941176 0.8098039215686275 0.03235294117647059 0.054901960784313725
1 0.3735294117647059 0.13529411764705881 0.04411764705882353 0.058823529411764705
