1 0.8720588235294118 0.9549019607843138 0.07058823529411765 0.11764705882352941
1 0.5058823529411764 0.6196078431372549 0.04411764705882353 0.06274509803921569
1 0.4470588235294118 0.10588235294117647 0.05588235294117647 0.09019607843137255
1 0.4661764705882353 0.38235294117647056 0.047058823529411764 0.09019607843137255
1 0.4838235294117647 0.6862745098039216 0.05 0.050980392156862744
1 0.36617647058823527 0.7215686274509804 0.05588235294117656 0.06666666666666667
1 0.4279411764705882 0.48823529411764705 0.047058823529411764 0.054901960784313725
1 0.6647058823529411 0.7588235294117647 0.05 0.07058823529411765
1 0.8529411764705882 0.26666666666666666 0.07647058823529412 0.10588235294117647
1 0.6558823529411765 0.5470588235294118 0.07058823529411765 0.043137254901960784
1 0.7102941176470589 0.3392156862745098 0.05588235294117647 0.07450980392156863
1 0.6 0.6372549019607843 0.07941176470588235 0.08235294117647059
1 0.8720588235294118 0.6215686274509804 0.07647058823529412 0.03529411764705882
