1 0.23970588235294119 0.8294117647058824 0.04411764705882353 0.047058823529411764
1 0.21176470588235294 0.5980392156862745 0.03529411764705882 0.06274509803921569
1 0.27058823529411763 0.5823529411764706 0.047058823529411764 0.058823529411764705
1 0.12794117647058822 0.8313725490196079 0.052941176470588235 0.07450980392156863
1 0.2676470588235294 0.5058823529411764 0.026470588235294117 0.06274509803921569
1 0.27205882352941174 0.09803921568627451 0.032352941176470675 0.06274509803921569
1 0.11470588235294117 0.592156862745098 0.04411764705882353 0.08235294117647059
1 0.023529411764705882 0.8 0.04411764705882353 0.07450980392156863
1 0.24705882352941178 0.7549019607843137 0.041176470588235294 0.06666666666666667
1 0.22205882352941175 0.2725490196078431 0.041176470588235294 0.058823529411764705
1 0.29411764705882354 0.45098039215686275 0.041176470588235294 0.06274509803921569
1 0.24558823529411763 0.6274509803921569 0.029411764705882353 0.07058823529411765
1 0.22205882352941175 0.027450980392156862 0.058823529411764705 0.08235294117647059
1 0.27647058823529413 0.6529411764705882 0.03823529411764706 0.06274509803921569
