1 0.9176470588235294 0.0196078431372549 0.1 0.043137254901960784
1 0.17205882352941176 0.023529411764705882 0.09411764705882353 0.058823529411764705
1 0.8294117647058824 0.707843137254902 0.09117647058823529 0.09019607843137255
1 0.3220588235294118 0.5470588235294118 0.04999999999999992 0.03529411764705882
1 0.03823529411764706 0.1450980392156863 0.07647058823529412 0.03137254901960784
1 0.4411764705882353 0.592156862745098 0.04411764705882353 0.047058823529411764
1 0.2867647058823529 0.7156862745098039 0.052941176470588235 0.07058823529411765
1 0.15735294117647058 0.13137254901960785 0.047058823529411764 0.03529411764705882
1 0.24705882352941178 0.5431372549019607 0.041176470588235294 0.043137254901960784
1 0.16911764705882354 0.7058823529411765 0.04411764705882353 0.054901960784313725
