1 0.21176470588235294 0.2019607843137255 0.07941176470588235 0.10196078431372549
1 0.36764705882352944 0.8960784313725491 0.10294117647058815 0.09019607843137255
1 0.9470588235294117 0.5686274509803921 0.1411764705882353 0.07450980392156863
1 0.20588235294117646 0.03725490196078431 0.07352941176470588 0.11372549019607843
1 0.5029411764705882 0.09215686274509804 0.06470588235294118 0.1411764705882353
1 0.05 0.27450980392156865 0.12941176470588237 0.12941176470588237
1 0.4455882352941177 0.043137254901960784 0.03823529411764706 0.0784313725490196
1 0.4852941176470588 0.4137254901960784 0.029411764705882353 0.06666666666666667
1 0.4338235294117647 0.5647058823529412 0.05588235294117647 0.10980392156862745
1 0.023529411764705882 0.6607843137254902 0.09705882352941177 0.10196078431372549
1 0.9838235294117647 0.1627450980392157 0.023529411764705882 0.10588235294117647
