1 0.8235294117647058 0.12352941176470589 0.09411764705882353 0.06666666666666667
1 0.6882352941176471 0.615686274509804 0.047058823529411764 0.08235294117647059
1 0.8220588235294117 0.4568627450980392 0.052941176470588235 0.058823529411764705
1 0.8794117647058823 0.40980392156862744 0.06764705882352941 0.07058823529411765
1 0.8 0.40980392156862744 0.03823529411764706 0.0392156862745098
1 0.40588235294117647 0.9921568627450981 0.058823529411764705 0.06666666666666667
1 0.40294117647058825 0.9294117647058824 0.03235294117647059 0.07450980392156863
1 0.6823529411764706 0.3764705882352941 0.05 0.07058823529411765
1 0.7308823529411764 0.27450980392156865 0.0529411764705884 0.11372549019607843
1 0.6205882352941177 0.8215686274509804 0.04411764705882353 0.09803921568627451
1 0.6485294117647059 0.1568627450980392 0.05 0.07058823529411765
1 0.6352941176470588 0.6686274509803921 0.05588235294117647 0.07450980392156863
1 0.675 0.44901960784313727 0.035294117647058657 0.06666666666666667
1 0.9941176470588236 0.7254901960784313 0.05588235294117647 0.11372549019607843
