1 0.6088235294117647 0.7254901960784313 0.04705882352941193 0.050980392156862744
1 0.7852941176470588 0.48627450980392156 0.041176470588235294 0.06666666666666667
1 0.6323529411764706 0.3686274509803922 0.052941176470588235 0.058823529411764705
1 0.7176470588235294 0.7843137254901961 0.047058823529411764 0.07058823529411765
1 0.5779411764705882 0.3803921568627451 0.0470588235294116 0.03529411764705882
1 0.8838235294117647 0.37450980392156863 0.052941176470588235 0.047058823529411764
1 0.8794117647058823 0.7725490196078432 0.09411764705882353 0.10588235294117647
1 0.4852941176470588 0.30392156862745096 0.03823529411764706 0.058823529411764705
1 0.5294117647058824 0.34901960784313724 0.058823529411764705 0.06274509803921569
1 0.7176470588235294 0.3607843137254902 0.058823529411764705 0.058823529411764705
