1 0.29420135166245565 0.7738264580369844 0.02774813233724653 0.06543385490753911
1 0.4564212022494354 0.07396870554765292 0.025613660618996798 0.06258890469416785
1 0.15759516169447274 0.4779516358463727 0.0384204909284952 0.04836415362731152
1 0.6026325149495421 0.4366998577524893 0.0576307363927428 0.07681365576102418
1 0.20028459605946738 0.8392603129445235 0.03415154749199573 0.05689900426742532
1 0.9665599429111216 0.06685633001422475 0.02774813233724653 0.04551920341394026
1 0.7648523655365218 0.14793741109530584 0.044823906083244394 0.051209103840682786
1 0.1650658127083468 0.6073968705547653 0.03628601921024546 0.06543385490753911
1 0.1266453217798516 0.2773826458036984 0.032017075773746 0.059743954480796585
1 0.3432942011821995 0.8435277382645804 0.044823906083244394 0.04836415362731152
