1 0.55 0.4411764705882353 0.02647058823529395 0.058823529411764705
1 0.6411764705882353 0.0803921568627451 0.05294117647058807 0.058823529411764705
1 0.5779411764705882 0.2725490196078431 0.03529411764705899 0.050980392156862744
1 0.6779411764705883 0.00784313725490196 0.03529411764705882 0.07450980392156863
1 0.09852941176470588 0.10196078431372549 0.061764705882352944 0.08235294117647059
1 0.9897058823529412 0.3627450980392157 0.03529411764705882 0.09803921568627451
1 0.775 0.07058823529411765 0.05 0.07450980392156863
1 0.5279411764705882 0.5745098039215686 0.023529411764705882 0.09019607843137255
1 0.888235294117647 0.7764705882352941 0.020588235294117647 0.07058823529411765
1 0.7897058823529411 0.4235294117647059 0.052941176470588235 0.047058823529411764
