0 0.43996494303242767 0.8399532710280374 0.024539877300613598 0.05841121495327103
0 0.4171779141104294 0.8387850467289719 0.026292725679228746 0.04906542056074766
0 0.6126205083260298 0.5887850467289719 0.05258545135845749 0.07476635514018679
0 0.7230499561787905 0.44509345794392524 0.033304119193689745 0.035046728971962614
0 0.5144609991235758 0.7897196261682243 0.04382120946538125 0.0397196261682243
0 0.6064855390008764 0.6939252336448598 0.024539877300613498 0.04439252336448598
0 0.5574057843996494 0.8142523364485982 0.04732690622261174 0.07009345794392523
0 0.5801928133216476 0.7535046728971962 0.04382120946538144 0.06775700934579439
0 0.3689745836985101 0.9766355140186916 0.054338299737072646 0.06775700934579439
0 0.6187554776511832 0.8422897196261683 0.049079754601226995 0.037383177570093455
0 0.5398773006134969 0.7453271028037384 0.05083260297984225 0.07476635514018691
0 0.36459246275197194 0.8913551401869159 0.056091148115687994 0.08411214953271028
0 0.5328659070990359 0.5397196261682243 0.03680981595092025 0.053738317757009345
0 0.40315512708150747 0.5654205607476636 0.05433829973707274 0.06542056074766354
0 0.4364592462751972 0.9392523364485982 0.07712532865907089 0.08644859813084112
0 0.6993865030674846 0.5549065420560748 0.028045574057843997 0.042056074766355006
0 0.287467134092901 0.9883177570093458 0.05433829973707274 0.04906542056074766
0 0.5687992988606485 0.6962616822429907 0.03856266432953549 0.0514018691588785
0 0.38299737072743206 0.8200934579439252 0.049079754601226995 0.08177570093457943
0 0.48729184925503943 0.9824766355140186 0.06134969325153374 0.056074766355140186
0 0.6687116564417178 0.5899532710280374 0.040315512708150744 0.04205607476635514
0 0.5039439088518843 0.9205607476635514 0.05258545135845749 0.06775700934579439
0 0.5390008764241893 0.633177570093458 0.05258545135845769 0.06775700934579439
0 0.628396143733567 0.8913551401869159 0.07537248028045573 0.05841121495327103
0 0.7370727432077125 0.5245327102803738 0.06485539000876424 0.0794392523364486
0 0.558282208588957 0.8983644859813084 0.015775635407537247 0.037383177570093455
0 0.43996494303242767 0.5841121495327103 0.03330411919368984 0.05841121495327103
0 0.7502191060473269 0.9077102803738317 0.07537248028045573 0.10046728971962617
0 0.4750219106047327 0.6378504672897196 0.035056967572304996 0.056074766355140186
0 0.6319018404907976 0.6401869158878505 0.04557405784399649 0.04906542056074766
0 0.4198071866783523 0.9906542056074766 0.049079754601226995 0.02570093457943925
