0 0.33216476774758985 0.04789719626168224 0.05433829973707274 0.06542056074766354
0 0.15600350569675722 0.8714953271028038 0.03680981595092025 0.04439252336448598
0 0.1901840490797546 0.1764018691588785 0.029798422436459245 0.04672897196261682
0 0.5241016652059597 0.6214953271028038 0.03856266432953549 0.04439252336448598
0 0.36459246275197194 0.616822429906542 0.05083260297984225 0.07009345794392523
0 0.3689745836985101 0.3469626168224299 0.05609114811568789 0.0630841121495327
0 0.44171779141104295 0.36565420560747663 0.04557405784399649 0.06074766355140187
0 0.5056967572304996 0.1530373831775701 0.049079754601226995 0.04672897196261682
0 0.21560035056967572 0.12967289719626168 0.040315512708150744 0.0514018691588785
0 0.24715162138475022 0.02570093457943925 0.03155127081507449 0.04205607476635514
0 0.5056967572304996 0.1985981308411215 0.03856266432953549 0.05841121495327103
0 0.31200701139351444 0.1658878504672897 0.05258545135845749 0.0514018691588785
0 0.45135845749342685 0.49182242990654207 0.06660823838737949 0.09345794392523364
0 0.4127957931638913 0.29906542056074764 0.04382120946538125 0.05140186915887857
0 0.43207712532865905 0.6436915887850467 0.040315512708150744 0.04205607476635514
0 0.5600350569675723 0.4392523364485981 0.040315512708150744 0.05841121495327103
0 0.39176161262050835 0.23481308411214954 0.040315512708150744 0.037383177570093455
0 0.42418930762489043 0.433411214953271 0.03856266432953549 0.05841121495327103
0 0.9482909728308502 0.32242990654205606 0.05959684487291849 0.07242990654205607
0 0.4715162138475022 0.625 0.03680981595092025 0.04205607476635514
0 0.3006134969325153 0.11799065420560748 0.033304119193689745 0.035046728971962614
0 0.27695004382120947 0.23598130841121495 0.057843996494303246 0.056074766355140186
0 0.37510955302366344 0.26635514018691586 0.05959684487291849 0.06308411214953277
0 0.9973707274320771 0.3235981308411215 0.021034180543382998 0.04906542056074766
