0 0.07292161531516322 0.9854430428034142 0.05463182897862233 0.04746835443037975
0 0.24394299298737224 0.3177215238160725 0.05938242280285035 0.05063291139240506
0 0.5622327792106502 0.5946202579932877 0.05463182897862233 0.0759493670886076
0 0.48147268419877365 0.017088612423667424 0.047505938242280284 0.060126582278481014
0 0.6133016628211014 0.009177220018604134 0.052256532066508314 0.06329113924050633
0 0.4363420428686074 0.8018987390059459 0.06175771971496437 0.07911392405063292
0 0.29738717350993754 0.3541139288793636 0.05938242280285029 0.079113924050633
0 0.546793349281909 0.22753165039835097 0.06413301662707839 0.10126582278481013
0 0.9434679336049494 0.16107595419581933 0.07363420427553444 0.08227848101265822
0 0.695249406289035 0.010759498499616792 0.047505938242280284 0.04430379746835443
0 0.6370546319422417 0.5028481060945535 0.06413301662707839 0.09493670886075932
0 0.5871733967878473 0.662658232676832 0.0688836104513064 0.10126582278481013
0 0.528978622441054 0.472784814955313 0.06413301662707839 0.07911392405063292
0 0.3864608077142131 0.4601265871072117 0.0665083135391924 0.08860759493670886
0 0.8460807602082748 0.5962025364743003 0.08076009501187649 0.10443037974683544
0 0.5040380048638569 0.6009493719173383 0.06888361045130655 0.08544303797468354
0 0.34133016638404684 0.412658232676832 0.06175771971496437 0.07278481012658228
0 0.44703087897312044 0.5344936757148067 0.05463182897862233 0.06962025316455696
0 0.7985748219659946 0.9917721567274649 0.0498812351543943 0.05063291139240506
0 0.7688836105645694 0.7575949415375914 0.06413301662707839 0.06645569620253164
0 0.9957244656714578 0.20854430862619908 0.04513064133016627 0.07278481012658228
0 0.020665083248654906 0.19430380229708516 0.052256532066508314 0.03164556962025312
0 0.16437054643155277 0.2765822833097434 0.05463182897862233 0.060126582278481014
0 0.9850356295669447 0.9363924098920219 0.07600950118764846 0.0949367088607595
0 0.7985748219659946 0.6753164605249332 0.06175771971496437 0.07911392405063292
0 0.7273159146025742 0.6927215238160724 0.06175771971496437 0.0791139240506331
0 0.5812351545075622 0.532911397233794 0.0665083135391924 0.08544303797468354
0 0.4351543944125504 0.07563291622113578 0.04275534441805225 0.06329113924050633
0 0.6216152020135005 0.21803797951227502 0.06175771971496437 0.0949367088607595
0 0.19643705474509196 0.2196202579932877 0.05463182897862233 0.07911392405063292
0 0.5076009502320278 0.3889240554616421 0.052256532066508175 0.0949367088607595
0 0.533729216265282 0.7512658276135409 0.07125890736342057 0.08227848101265822
0 0.6774346794481798 0.7670886124236674 0.06175771971496437 0.0759493670886076
0 0.4684085511821466 0.6753164605249332 0.06175771971496437 0.08544303797468354
0 0.8971496438187262 0.9363924098920219 0.07125890736342043 0.08544303797468354
0 0.9019002376429542 0.06772152381607249 0.07125890736342043 0.08544303797468354
0 0.47553444191848865 0.4537974731831611 0.05463182897862233 0.06645569620253164
0 0.5111638956001988 0.8224683592591104 0.06175771971496451 0.08544303797468354
0 0.700000000113263 0.8588607643224015 0.057007125890736345 0.08227848101265822
0 0.531353919353168 0.16424051115784463 0.05463182897862233 0.08544303797468354
0 0.5705463184030493 0.8462025364743003 0.06413301662707852 0.06962025316455696
0 0.872209026241529 0.9917721567274649 0.04513064133016627 0.0379746835443038
0 0.6524940618709827 0.6104430428034142 0.06175771971496437 0.07911392405063292
0 0.5194774347925979 0.3129746883730345 0.05463182897862233 0.0949367088607595
0 0.8401425179279898 0.787658232676832 0.057007125890736345 0.07911392405063292
0 0.5705463184030493 0.04240506811986996 0.05463182897862246 0.0759493670886076
0 0.20593824239354802 0.14367089090468008 0.07125890736342043 0.09177215189873418
0 0.7403800476192012 0.03132911875278135 0.0831353919239905 0.08227848101265822
0 0.7605700713721704 0.8493670934363257 0.052256532066508314 0.07911392405063292
0 0.528978622441054 0.007594941537591476 0.0498812351543943 0.06962025316455696
