0 0.31401425189473564 0.5126582278481012 0.0498812351543943 0.060126582278481014
0 0.36627078396124396 0.4541139240506329 0.03800475059382423 0.060126582278481014
0 0.29144893122965254 0.24050632911392406 0.052256532066508314 0.07911392405063292
0 0.7166270784980611 0.3829113924050633 0.04513064133016627 0.06645569620253164
0 0.30926365807050765 0.3829113924050633 0.03800475059382423 0.06645569620253164
0 0.203562945481434 0.5427215189873418 0.057007125890736345 0.0759493670886076
0 0.3365795725598188 0.47310126582278483 0.03800475059382423 0.056962025316455694
0 0.13230403811801358 0.37183544303797467 0.05463182897862233 0.0759493670886076
0 0.9743467934624316 0.870253164556962 0.1021377672209026 0.12658227848101267
0 0.5194774347925979 0.805379746835443 0.047505938242280284 0.060126582278481014
0 0.7748218528448544 0.0490506329113924 0.052256532066508314 0.0759493670886076
0 0.6216152020135005 0.10917721518987342 0.0688836104513064 0.0981012658227848
0 0.1382422803982986 0.0031645569620253164 0.0498812351543943 0.0379746835443038
0 0.5040380048638569 0.9034810126582279 0.05463182897862246 0.08544303797468354
0 0.20593824239354802 0.38449367088607594 0.052256532066508314 0.0759493670886076
0 0.16318289797549576 0.10917721518987342 0.04513064133016627 0.07911392405063292
0 0.4066508314671822 0.44936708860759494 0.04513064133016627 0.060126582278481014
0 0.42565320676409435 0.7278481012658228 0.0498812351543943 0.06329113924050633
0 0.8377672210158759 0.0981012658227848 0.0665083135391924 0.07911392405063292
0 0.006413301775970821 0.24525316455696203 0.03800475059382423 0.0949367088607595
0 0.2688836105645694 0.47151898734177217 0.047505938242280284 0.056962025316455694
0 0.5099762471441418 0.5363924050632911 0.05463182897862219 0.07278481012658228
0 0.2795724466690825 0.4177215189873418 0.052256532066508384 0.06962025316455696
0 0.6714964371678949 0.3670886075949367 0.057007125890736345 0.08544303797468354
0 0.20118764856931998 0.7325949367088608 0.05938242280285035 0.07278481012658228
0 0.37339667469758603 0.5142405063291139 0.047505938242280284 0.06329113924050633
0 0.47672209037454566 0.8085443037974683 0.057007125890736345 0.0759493670886076
0 0.8377672210158759 0.6724683544303798 0.10451306413301663 0.14556962025316456
0 0.7665083136524554 0.17088607594936708 0.08076009501187649 0.08544303797468354
0 0.06342042766670716 0.36550632911392406 0.05938242280285035 0.06645569620253164
0 0.2498812352676573 0.5917721518987342 0.057007125890736345 0.05379746835443038
0 0.7178147269541181 0.7088607594936709 0.07363420427553444 0.10759493670886076
0 0.2498812352676573 0.24525316455696203 0.04513064133016627 0.0759493670886076
0 0.0681710214909352 0.9161392405063291 0.0665083135391924 0.0759493670886076
0 0.20712589084960503 0.23575949367088608 0.0498812351543943 0.06329113924050633
0 0.540855107001624 0.8607594936708861 0.052256532066508175 0.06329113924050633
0 0.24394299298737224 0.3401898734177215 0.05463182897862233 0.06329113924050633
0 0.6418052257664696 0.24367088607594936 0.052256532066508314 0.06645569620253164
0 0.6762470309921228 0.4287974683544304 0.047505938242280284 0.06962025316455696
0 0.14418052267858364 0.4889240506329114 0.045130641330166234 0.060126582278481014
0 0.5052256533199138 0.7262658227848101 0.04275534441805212 0.06329113924050633
0 0.16793349179972378 0.4224683544303797 0.06175771971496437 0.07911392405063292
0 0.37458432315364304 0.7009493670886076 0.05463182897862233 0.07911392405063292
0 0.19881235165720598 0.47310126582278483 0.052256532066508314 0.07911392405063292
