0 0.7114068441971173 0.45627376425855515 0.06463878326996197 0.07351077313054499
0 0.2256653993301972 0.6451204055766794 0.06653992395437262 0.07604562737642571
0 0.6980988594062428 0.5437262357414449 0.04752851711026616 0.048162230671736375
0 0.4614068441971173 0.5031685678073511 0.053231939163498096 0.06590621039290241
0 0.1733840305089044 0.5994930291508238 0.060836501901140684 0.08365019011406843
0 0.22946768069901846 0.5614702154626109 0.07034220532319392 0.08618504435994931
0 0.489923954463277 0.45373891001267425 0.057034220532319393 0.060836501901140684
0 0.5127376426762048 0.4879594423320659 0.049429657794676805 0.058301647655259824
0 0.4119771864024405 0.46134347275031684 0.055133079847908745 0.07097591888466413
0 0.5365019012313379 0.4550063371356147 0.043726235741444866 0.05576679340937896
0 0.7579847909651781 0.45627376425855515 0.04752851711026616 0.06337135614702155
0 0.2598859316495888 0.6134347275031685 0.05133079847908734 0.06844106463878341
0 0.6781368822199311 0.6172370088719898 0.045627376425855515 0.06337135614702155
0 0.3425855514214519 0.40430925221799746 0.043726235741444866 0.06337135614702155
0 0.5906844107370413 0.4740177439797212 0.060836501901140684 0.08365019011406843
0 0.6648288974290565 0.5082382762991128 0.06463878326996197 0.07858048162230671
0 0.3083650191020603 0.6045627376425855 0.058935361216730035 0.07858048162230687
