0 0.4442965780374215 0.45602026336244456 0.06653992395437262 0.08365019011406843
0 0.6534220533225926 0.2583016321837373 0.06653992395437262 0.08618504435994938
0 0.716159695908144 0.9845373736286043 0.053231939163498096 0.060836501901140684
0 0.18384030427316295 0.47122938883772975 0.07604562737642585 0.08365019011406843
0 0.37870722442525423 0.5143219110177044 0.06273764258555133 0.09632446134347261
0 0.39581749058495 0.4357414293953977 0.034220532319391636 0.03802281368821293
0 0.5022813689119462 0.4078580326907082 0.06653992395437262 0.08618504435994931
0 0.4804182510412238 0.49150822280477663 0.06273764258555133 0.08365019011406843
0 0.5108365019917941 0.5295310364929895 0.043726235741444866 0.0557667934093791
0 0.6657794677712618 0.15690746234850286 0.058935361216730035 0.0836501901140684
0 0.4385931559841896 0.539670453476513 0.06653992395437262 0.09632446134347275
