0 0.37955555555555553 0.5296208530805687 0.042666666666666665 0.07109004739336493
0 0.3075555555555556 0.1481042654028436 0.03911111111111101 0.052132701421800945
0 0.5004444444444445 0.4419431279620853 0.03911111111111111 0.05924170616113744
0 0.6222222222222222 0.7843601895734598 0.035555555555555556 0.04976303317535545
0 0.23466666666666666 0.19194312796208532 0.03911111111111111 0.03317535545023697
0 0.76 0.2985781990521327 0.042666666666666665 0.05924170616113751
0 0.5342222222222223 0.9691943127962085 0.028444444444444446 0.03317535545023697
0 0.536 0.5 0.049777777777777775 0.08530805687203792
0 0.6177777777777778 0.5462085308056872 0.044444444444444446 0.07109004739336493
0 0.7297777777777777 0.48578199052132703 0.04088888888888889 0.05924170616113744
0 0.5591111111111111 0.8080568720379147 0.028444444444444446 0.04739336492890995
0 0.6746666666666666 0.28554502369668244 0.051555555555555556 0.06398104265402837
0 0.7297777777777777 0.9514218009478673 0.03911111111111111 0.054502369668246446
0 0.816 0.8092417061611374 0.03733333333333354 0.04976303317535545
0 0.6666666666666666 0.6445497630331753 0.042666666666666665 0.06635071090047394
0 0.32 0.07464454976303317 0.048 0.06635071090047395
