0 0.2782222222222222 0.42890995260663506 0.032 0.04739336492890995
0 0.6568888888888889 0.259478672985782 0.051555555555555556 0.0924170616113744
0 0.5377777777777778 0.1481042654028436 0.07111111111111111 0.0971563981042654
0 0.29333333333333333 0.6409952606635071 0.03911111111111111 0.054502369668246446
0 0.6595555555555556 0.4597156398104265 0.08711111111111111 0.12085308056872038
0 0.6373333333333333 0.19549763033175355 0.08 0.1066350710900474
0 0.3466666666666667 0.39454976303317535 0.033777777777777775 0.05687203791469194
0 0.3022222222222222 0.9135071090047393 0.033777777777777775 0.04976303317535545
0 0.7253333333333334 0.9407582938388626 0.042666666666666464 0.07345971563981042
0 0.6062222222222222 0.5106635071090048 0.058666666666666666 0.0971563981042654
