0 0.368 0.36018957345971564 0.060444444444444446 0.08530805687203792
0 0.45511111111111113 0.4585308056872038 0.044444444444444446 0.06635071090047394
0 0.5475555555555556 0.7511848341232228 0.032 0.03317535545023697
0 0.41155555555555556 0.38388625592417064 0.03911111111111111 0.04028436018957346
0 0.5386666666666666 0.18601895734597157 0.037333333333333336 0.04739336492890995
0 0.3511111111111111 0.2725118483412322 0.028444444444444446 0.04976303317535552
0 0.41333333333333333 0.7345971563981043 0.033777777777777775 0.04028436018957346
0 0.05511111111111111 0.3767772511848341 0.05333333333333334 0.052132701421800945
0 0.4488888888888889 0.5343601895734598 0.03911111111111111 0.0592417061611373
0 0.4702222222222222 0.6315165876777251 0.02311111111111111 0.023696682464454975
0 0.5022222222222222 0.6220379146919431 0.032 0.04265402843601896
0 0.49955555555555553 0.47393364928909953 0.035555555555555556 0.045023696682464455
