0 0.988795518207283 0.3283582089552239 0.036414565826330535 0.048507462686567165
0 0.8753501400560224 0.3376865671641791 0.0392156862745098 0.03731343283582089
0 0.22969187675070027 0.15671641791044777 0.047619047619047616 0.0708955223880597
0 0.3641456582633053 0.43843283582089554 0.058823529411764705 0.08208955223880597
0 0.3137254901960784 0.333955223880597 0.05322128851540616 0.06343283582089553
0 0.21988795518207283 0.4197761194029851 0.047619047619047616 0.04477611940298507
0 0.27450980392156865 0.21455223880597016 0.05042016806722681 0.06716417910447761
0 0.8417366946778712 0.3787313432835821 0.05042016806722689 0.04477611940298507
0 0.15966386554621848 0.1865671641791045 0.07002801120448184 0.10074626865671642
0 0.26330532212885155 0.3414179104477612 0.0392156862745098 0.055970149253731345
0 0.4579831932773109 0.43843283582089554 0.04481792717086835 0.0708955223880597
0 0.2815126050420168 0.09888059701492537 0.06442577030812324 0.08582089552238806
