0 0.23380726698262244 0.32109004739336494 0.053712480252764615 0.04739336492890995
0 0.325434439178515 0.7997630331753555 0.04107424960505529 0.03317535545023697
0 0.31437598736176936 0.8412322274881516 0.037914691943127965 0.04265402843601896
0 0.43285939968404424 0.7417061611374408 0.05055292259083728 0.026066350710900472
0 0.740916271721959 0.6149289099526066 0.03475513428120063 0.026066350710900472
0 0.636650868878357 0.6516587677725119 0.03475513428120081 0.03317535545023697
0 0.5402843601895735 0.7760663507109005 0.04739336492890995 0.035545023696682464
0 0.641390205371248 0.6943127962085308 0.04739336492890995 0.03317535545023697
0 0.5118483412322274 0.707345971563981 0.04739336492890995 0.037914691943127965
0 0.631911532385466 0.7369668246445498 0.0315955766192733 0.030805687203791468
0 0.4439178515007899 0.2476303317535545 0.03475513428120063 0.03317535545023697
0 0.608214849921011 0.6421800947867299 0.044233807266982623 0.02843601895734597
0 0.6619273301737757 0.7428909952606635 0.03475513428120063 0.030805687203791468
0 0.4439178515007899 0.7085308056872038 0.05687203791469194 0.035545023696682464
0 0.660347551342812 0.8969194312796208 0.044233807266982623 0.04739336492890995
0 0.5560821484992101 0.7476303317535545 0.044233807266982623 0.026066350710900472
0 0.7156398104265402 0.6338862559241706 0.04739336492891013 0.035545023696682464
0 0.45339652448657186 0.9383886255924171 0.044233807266982623 0.04739336492890995
0 0.6113744075829384 0.8732227488151659 0.037914691943127965 0.04028436018957346
