0 0.4826666666666667 0.6184834123222749 0.030222222222222223 0.04265402843601896
0 0.3884444444444444 0.3767772511848341 0.060444444444444446 0.08293838862559241
0 0.712 0.28554502369668244 0.033777777777777775 0.05687203791469201
0 0.9644444444444444 0.014218009478672985 0.042666666666666665 0.052132701421800945
0 0.9626666666666667 0.6646919431279621 0.048 0.06635071090047394
0 0.42133333333333334 0.25829383886255924 0.06222222222222222 0.08293838862559241
0 0.45422222222222225 0.41232227488151657 0.04266666666666657 0.052132701421800945
0 0.37422222222222223 0.9052132701421801 0.051555555555555556 0.07109004739336493
0 0.3502222222222222 0.6907582938388626 0.033777777777777775 0.04976303317535545
0 0.049777777777777775 0.9063981042654028 0.07111111111111111 0.07582938388625593
0 0.28888888888888886 0.14099526066350712 0.062222222222222325 0.07582938388625589
0 0.8115555555555556 0.5687203791469194 0.05333333333333334 0.08293838862559241
0 0.7733333333333333 0.6362559241706162 0.037333333333333336 0.06398104265402843
0 0.6871111111111111 0.7132701421800948 0.033777777777777775 0.054502369668246446
0 0.3502222222222222 0.24289099526066352 0.06933333333333333 0.08530805687203792
0 0.45866666666666667 0.3068720379146919 0.04622222222222222 0.061611374407582936
0 0.8853333333333333 0.8672985781990521 0.024888888888888887 0.037914691943127965
0 0.5111111111111111 0.5402843601895735 0.05333333333333334 0.07345971563981042
0 0.7146666666666667 0.5319905213270142 0.032 0.06635071090047394
0 0.9777777777777777 0.28080568720379145 0.037333333333333336 0.054502369668246446
0 0.5626666666666666 0.4537914691943128 0.03911111111111111 0.05924170616113744
0 0.9564444444444444 0.33293838862559244 0.035555555555555556 0.04739336492890995
0 0.8791111111111111 0.6528436018957346 0.042666666666666665 0.06635071090047394
0 0.08888888888888889 0.6682464454976303 0.064 0.08767772511848342
0 0.6888888888888889 0.4774881516587678 0.032 0.04265402843601896
0 0.6693333333333333 0.3056872037914692 0.05511111111111111 0.06635071090047394
0 0.5413333333333333 0.6800947867298578 0.044444444444444446 0.054502369668246446
0 0.944 0.2571090047393365 0.030222222222222223 0.030805687203791402
0 0.9848888888888889 0.6208530805687204 0.033777777777777775 0.054502369668246446
0 0.12355555555555556 0.4146919431279621 0.06933333333333333 0.08056872037914692
0 0.15733333333333333 0.8258293838862559 0.033777777777777775 0.035545023696682464
0 0.10044444444444445 0.9300947867298578 0.05688888888888889 0.07345971563981042
0 0.456 0.5722748815165877 0.037333333333333336 0.035545023696682464
0 0.10044444444444445 0.8388625592417062 0.032 0.02843601895734597
