0 0.36088888888888887 0.027251184834123223 0.05688888888888889 0.061611374407582936
0 0.52 0.22511848341232227 0.06222222222222222 0.0995260663507109
0 0.44266666666666665 0.27488151658767773 0.058666666666666666 0.08767772511848342
0 0.2 0.17180094786729858 0.044444444444444446 0.04976303317535545
0 0.5084444444444445 0.0533175355450237 0.032 0.04265402843601896
0 0.30044444444444446 0.49881516587677727 0.060444444444444446 0.0971563981042654
0 0.24711111111111111 0.009478672985781991 0.05333333333333334 0.05924170616113744
0 0.7742222222222223 0.5521327014218009 0.08 0.07819905213270142
0 0.9075555555555556 0.017772511848341232 0.051555555555555556 0.052132701421800945
0 0.5822222222222222 0.29265402843601895 0.051555555555555556 0.06398104265402843
0 0.2248888888888889 0.518957345971564 0.07822222222222222 0.0947867298578199
0 0.152 0.1848341232227488 0.044444444444444446 0.03317535545023697
0 0.12177777777777778 0.35545023696682465 0.07466666666666667 0.0971563981042654
0 0.6382222222222222 0.4158767772511848 0.06577777777777778 0.08056872037914692
0 0.42933333333333334 0.07819905213270142 0.035555555555555556 0.04976303317535545
