0 0.18044444444444444 0.09597156398104266 0.02311111111111111 0.02843601895734597
0 0.33955555555555555 0.041469194312796206 0.02666666666666667 0.023696682464454975
0 0.30044444444444446 0.0462085308056872 0.028444444444444446 0.026066350710900472
0 0.21066666666666667 0.36255924170616116 0.030222222222222223 0.02843601895734597
0 0.14844444444444443 0.2559241706161137 0.030222222222222223 0.04265402843601902
0 0.6062222222222222 0.5912322274881516 0.037333333333333336 0.061611374407582936
0 0.3937777777777778 0.04739336492890995 0.028444444444444446 0.030805687203791468
0 0.39644444444444443 0.7630331753554502 0.051555555555555556 0.06635071090047394
0 0.232 0.1848341232227488 0.028444444444444446 0.030805687203791468
0 0.2897777777777778 0.5272511848341233 0.04088888888888889 0.06398104265402843
