0 0.016 0.43483412322274884 0.04622222222222222 0.05924170616113744
0 0.22044444444444444 0.5699052132701422 0.049777777777777775 0.07109004739336493
0 0.3848888888888889 0.39454976303317535 0.058666666666666666 0.08056872037914692
0 0.6577777777777778 0.38388625592417064 0.04622222222222222 0.06635071090047394
0 0.5795555555555556 0.7417061611374408 0.06222222222222222 0.08767772511848342
0 0.104 0.7606635071090048 0.033777777777777775 0.04265402843601896
0 0.40444444444444444 0.7180094786729858 0.044444444444444446 0.061611374407582936
0 0.9342222222222222 0.518957345971564 0.058666666666666666 0.07345971563981042
0 0.5448888888888889 0.6552132701421801 0.049777777777777775 0.09004739336492891
0 0.528 0.5853080568720379 0.04622222222222222 0.07582938388625593
