0 0.15911111111111112 0.5675355450236966 0.051555555555555556 0.059241706161137574
0 0.4471111111111111 0.693127962085308 0.049777777777777775 0.06635071090047394
0 0.5057777777777778 0.46208530805687204 0.06577777777777778 0.07819905213270142
0 0.35733333333333334 0.9490521327014217 0.033777777777777775 0.03317535545023697
0 0.6533333333333333 0.3886255924170616 0.060444444444444446 0.07582938388625593
0 0.5271111111111111 0.5876777251184834 0.06222222222222222 0.08530805687203805
0 0.22577777777777777 0.533175355450237 0.058666666666666666 0.07345971563981042
0 0.2986666666666667 0.8803317535545023 0.051555555555555556 0.06872037914691943
0 0.28888888888888886 0.976303317535545 0.04088888888888899 0.035545023696682464
0 0.36177777777777775 0.8779620853080569 0.03911111111111111 0.04976303317535545
0 0.20977777777777779 0.3068720379146919 0.08 0.0924170616113744
0 0.10222222222222223 0.8495260663507109 0.037333333333333336 0.052132701421800945
