0 0.5448888888888889 0.28080568720379145 0.04088888888888889 0.04739336492890995
0 0.49866666666666665 0.22867298578199052 0.04088888888888889 0.04028436018957346
0 0.7768888888888889 0.5592417061611374 0.042666666666666665 0.054502369668246446
0 0.48 0.6090047393364929 0.033777777777777775 0.02843601895734597
0 0.8755555555555555 0.3637440758293839 0.051555555555555556 0.07109004739336493
0 0.2897777777777778 0.5260663507109005 0.028444444444444446 0.03317535545023697
0 0.6106666666666667 0.6492890995260664 0.03911111111111111 0.04265402843601896
0 0.9555555555555556 0.2914691943127962 0.030222222222222223 0.04265402843601896
0 0.6968888888888889 0.509478672985782 0.032 0.052132701421800945
0 0.30844444444444447 0.8554502369668247 0.032 0.035545023696682464
0 0.7804444444444445 0.48933649289099523 0.03377777777777757 0.045023696682464455
0 0.6586666666666666 0.6279620853080569 0.044444444444444446 0.05924170616113744
0 0.42044444444444445 0.5841232227488151 0.035555555555555556 0.04502369668246459
0 0.7137777777777777 0.6172985781990521 0.044444444444444446 0.06635071090047394
0 0.808 0.5367298578199052 0.042666666666666464 0.05924170616113744
0 0.7448888888888889 0.518957345971564 0.049777777777777775 0.05687203791469194
0 0.46755555555555556 0.11848341232227488 0.033777777777777775 0.04028436018957346
0 0.5413333333333333 0.19786729857819904 0.04622222222222222 0.061611374407582936
0 0.7546666666666667 0.4158767772511848 0.05511111111111111 0.06398104265402843
0 0.5688888888888889 0.25829383886255924 0.032 0.045023696682464455
0 0.6675555555555556 0.5687203791469194 0.048 0.061611374407582936
0 0.672 0.4940758293838863 0.04622222222222222 0.06872037914691943
