0 0.5191111111111111 0.7132701421800948 0.05688888888888889 0.07109004739336493
0 0.45422222222222225 0.2523696682464455 0.06044444444444434 0.07819905213270135
0 0.23022222222222222 0.8862559241706162 0.04088888888888889 0.061611374407582936
0 0.12088888888888889 0.2156398104265403 0.05688888888888889 0.07345971563981042
0 0.8577777777777778 0.11611374407582939 0.06933333333333333 0.08056872037914692
0 0.7644444444444445 0.9739336492890995 0.048 0.06635071090047394
0 0.4008888888888889 0.6753554502369669 0.05688888888888889 0.08293838862559241
0 0.232 0.43009478672985785 0.05688888888888889 0.05924170616113744
0 0.21155555555555555 0.7879146919431279 0.06755555555555555 0.0971563981042654
0 0.3377777777777778 0.5781990521327014 0.05333333333333334 0.07582938388625593
0 0.2871111111111111 0.27488151658767773 0.06222222222222222 0.08056872037914692
0 0.17333333333333334 0.48459715639810425 0.07111111111111111 0.08530805687203792
0 0.8444444444444444 0.6789099526066351 0.064 0.07582938388625593
0 0.9884444444444445 0.4834123222748815 0.030222222222222223 0.04976303317535545
0 0.9048888888888889 0.6587677725118484 0.07111111111111111 0.08293838862559241
0 0.1991111111111111 0.19194312796208532 0.060444444444444446 0.08767772511848342
0 0.26755555555555555 0.48459715639810425 0.06755555555555555 0.0924170616113744
0 0.5911111111111111 0.48696682464454977 0.033777777777777775 0.06635071090047394
0 0.5235555555555556 0.7713270142180095 0.060444444444444446 0.07109004739336493
0 0.6648888888888889 0.9656398104265402 0.051555555555555556 0.07819905213270142
0 0.2986666666666667 0.12914691943127962 0.07288888888888889 0.0924170616113744
0 0.8657777777777778 0.3590047393364929 0.06755555555555555 0.08056872037914692
0 0.9022222222222223 0.8127962085308057 0.05333333333333334 0.054502369668246446
0 0.12088888888888889 0.5912322274881516 0.06933333333333333 0.0947867298578199
0 0.904 0.7535545023696683 0.064 0.08056872037914692
0 0.2951111111111111 0.8187203791469194 0.051555555555555556 0.06872037914691943
0 0.6417777777777778 0.8921800947867299 0.060444444444444446 0.08056872037914692
0 0.616 0.6658767772511849 0.051555555555555556 0.06635071090047394
