0 0.7431111111111111 0.07938388625592417 0.05866666666666687 0.061611374407582936
0 0.5528888888888889 0.4656398104265403 0.07111111111111111 0.08767772511848342
0 0.5795555555555556 0.3684834123222749 0.07822222222222222 0.08056872037914692
0 0.23377777777777778 0.02014218009478673 0.044444444444444446 0.04028436018957346
0 0.7911111111111111 0.33293838862559244 0.05333333333333334 0.07582938388625593
0 0.38222222222222224 0.034360189573459717 0.05688888888888889 0.08293838862559241
0 0.42133333333333334 0.48696682464454977 0.035555555555555556 0.054502369668246446
0 0.21688888888888888 0.32701421800947866 0.08888888888888889 0.12085308056872038
0 0.5591111111111111 0.1872037914691943 0.044444444444444446 0.06398104265402843
0 0.059555555555555556 0.9111374407582938 0.09244444444444444 0.0995260663507109
0 0.6026666666666667 0.5165876777251185 0.044444444444444446 0.04028436018957346
