0 0.036444444444444446 0.7997630331753555 0.033777777777777775 0.04739336492890995
0 0.5448888888888889 0.4656398104265403 0.05333333333333334 0.04028436018957346
0 0.5564444444444444 0.5011848341232228 0.03911111111111111 0.05213270142180081
0 0.42844444444444446 0.6777251184834123 0.05333333333333334 0.06398104265402843
0 0.688 0.2950236966824645 0.030222222222222424 0.035545023696682394
0 0.48977777777777776 0.6907582938388626 0.060444444444444446 0.0947867298578199
0 0.15644444444444444 0.4372037914691943 0.04622222222222222 0.052132701421800945
0 0.060444444444444446 0.8436018957345972 0.049777777777777775 0.061611374407582936
0 0.25955555555555554 0.47511848341232227 0.02311111111111111 0.02843601895734597
0 0.088 0.7049763033175356 0.030222222222222223 0.04265402843601896
0 0.43644444444444447 0.2902843601895735 0.030222222222222223 0.030805687203791402
0 0.5413333333333333 0.43601895734597157 0.042666666666666665 0.04739336492890995
0 0.5688888888888889 0.3590047393364929 0.035555555555555556 0.04028436018957346
0 0.030222222222222223 0.49170616113744076 0.051555555555555556 0.06635071090047394
0 0.528 0.3933649289099526 0.028444444444444446 0.04739336492890995
0 0.5457777777777778 0.20023696682464456 0.030222222222222223 0.07345971563981042
0 0.4488888888888889 0.19312796208530805 0.030222222222222223 0.045023696682464455
0 0.47644444444444445 0.18838862559241706 0.030222222222222223 0.03317535545023697
0 0.6506666666666666 0.07938388625592417 0.03555555555555576 0.045023696682464455
0 0.5075555555555555 0.19549763033175355 0.028444444444444446 0.04028436018957346
0 0.7066666666666667 0.1670616113744076 0.02311111111111111 0.037914691943127965
0 0.384 0.15402843601895735 0.04622222222222222 0.06872037914691943
0 0.5724444444444444 0.06516587677725119 0.02311111111111111 0.03317535545023695
0 0.48 0.13507109004739337 0.02311111111111111 0.04028436018957346
0 0.6906666666666667 0.3341232227488152 0.032 0.04028436018957346
0 0.5591111111111111 0.4052132701421801 0.033777777777777775 0.045023696682464455
0 0.2693333333333333 0.731042654028436 0.03911111111111111 0.05924170616113744
0 0.5964444444444444 0.26066350710900477 0.03911111111111111 0.05213270142180088
0 0.08711111111111111 0.4514218009478673 0.048 0.06398104265402843
0 0.38666666666666666 0.273696682464455 0.033777777777777775 0.04028436018957339
0 0.7991111111111111 0.4253554502369668 0.048 0.06398104265402843
0 0.032 0.8755924170616114 0.03911111111111111 0.052132701421800945
0 0.1768888888888889 0.5284360189573459 0.03911111111111111 0.061611374407583075
0 0.6453333333333333 0.5876777251184834 0.044444444444444446 0.06398104265402857
0 0.4746666666666667 0.28791469194312796 0.024888888888888887 0.04028436018957346
0 0.42488888888888887 0.16943127962085308 0.028444444444444446 0.045023696682464455
0 0.4871111111111111 0.33293838862559244 0.032 0.04739336492890995
0 0.6604444444444444 0.3187203791469194 0.03022222222222202 0.04265402843601896
0 0.672 0.1848341232227488 0.032 0.04028436018957346
0 0.6515555555555556 0.3791469194312796 0.037333333333333336 0.052132701421800945
0 0.5973333333333334 0.4158767772511848 0.042666666666666665 0.04976303317535545
0 0.26311111111111113 0.5746445497630331 0.042666666666666665 0.06398104265402857
0 0.4657777777777778 0.24289099526066352 0.032 0.052132701421800945
0 0.21155555555555555 0.47985781990521326 0.03911111111111111 0.04976303317535545
0 0.552 0.008293838862559242 0.02666666666666667 0.02132701421800948
0 0.42844444444444446 0.21919431279620852 0.02666666666666667 0.04976303317535545
0 0.6231111111111111 0.3412322274881517 0.02666666666666687 0.035545023696682464
0 0.4266666666666667 0.26421800947867297 0.024888888888888787 0.02843601895734604
0 0.2737777777777778 0.42417061611374407 0.03911111111111111 0.05687203791469194
0 0.8871111111111111 0.39691943127962087 0.042666666666666665 0.06872037914691943
0 0.5075555555555555 0.3056872037914692 0.028444444444444446 0.04028436018957346
