0 0.7288888888888889 0.6872037914691943 0.05333333333333334 0.07109004739336493
0 0.3244444444444444 0.5971563981042654 0.028444444444444446 0.04502369668246459
0 0.104 0.6623222748815166 0.033777777777777775 0.052132701421800945
0 0.3244444444444444 0.8116113744075829 0.044444444444444446 0.061611374407582936
0 0.02311111111111111 0.7571090047393365 0.04622222222222222 0.061611374407582936
0 0.768 0.23222748815165878 0.051555555555555556 0.07109004739336493
0 0.8355555555555556 0.4253554502369668 0.051555555555555355 0.06398104265402843
0 0.6373333333333333 0.504739336492891 0.044444444444444446 0.061611374407582804
0 0.15555555555555556 0.8554502369668247 0.05688888888888889 0.07582938388625593
0 0.6 0.6101895734597157 0.05333333333333334 0.06872037914691943
0 0.39022222222222225 0.5450236966824644 0.04444444444444434 0.059241706161137574
0 0.288 0.5213270142180095 0.04622222222222222 0.05213270142180081
0 0.37333333333333335 0.031990521327014215 0.058666666666666666 0.08767772511848342
0 0.5315555555555556 0.4372037914691943 0.037333333333333336 0.052132701421800945
0 0.3448888888888889 0.6421800947867299 0.030222222222222223 0.03317535545023697
0 0.30666666666666664 0.8862559241706162 0.049777777777777775 0.06872037914691943
0 0.7111111111111111 0.5770142180094787 0.04088888888888889 0.04502369668246432
0 0.17866666666666667 0.3471563981042654 0.03911111111111111 0.06398104265402843
0 0.5244444444444445 0.2109004739336493 0.06577777777777778 0.09004739336492891
0 0.47555555555555556 0.7772511848341233 0.042666666666666665 0.06398104265402843
0 0.6017777777777777 0.533175355450237 0.051555555555555556 0.07109004739336493
0 0.7368888888888889 0.6327014218009479 0.05688888888888889 0.07819905213270142
0 0.2782222222222222 0.33767772511848343 0.04622222222222222 0.05687203791469194
0 0.5946666666666667 0.9715639810426541 0.051555555555555556 0.054502369668246446
0 0.5093333333333333 0.5853080568720379 0.064 0.07345971563981042
0 0.06933333333333333 0.7997630331753555 0.04622222222222222 0.05687203791469194
0 0.264 0.5699052132701422 0.05333333333333334 0.07109004739336493
0 0.20177777777777778 0.8850710900473934 0.042666666666666665 0.06398104265402843
0 0.7946666666666666 0.7417061611374408 0.037333333333333336 0.054502369668246446
0 0.24533333333333332 0.9739336492890995 0.044444444444444446 0.045023696682464455
0 0.496 0.5082938388625592 0.060444444444444446 0.07345971563981056
0 0.9075555555555556 0.8732227488151659 0.05333333333333334 0.06635071090047394
0 0.6933333333333334 0.3400473933649289 0.05333333333333334 0.07109004739336493
0 0.42844444444444446 0.6327014218009479 0.060444444444444446 0.08293838862559241
0 0.376 0.7914691943127962 0.049777777777777775 0.07109004739336493
