0 0.11911111111111111 0.8862559241706162 0.09066666666666667 0.07345971563981042
0 0.8471111111111111 0.20616113744075829 0.035555555555555556 0.03317535545023697
0 0.7671111111111111 0.3696682464454976 0.024888888888888887 0.030805687203791468
0 0.12711111111111112 0.9419431279620853 0.064 0.061611374407582936
0 0.7324444444444445 0.20616113744075829 0.035555555555555556 0.04976303317535545
0 0.7235555555555555 0.034360189573459717 0.032 0.037914691943127965
0 0.3973333333333333 0.8803317535545023 0.064 0.0971563981042654
0 0.6328888888888888 0.11729857819905214 0.028444444444444647 0.04028436018957346
0 0.7804444444444445 0.3234597156398104 0.024888888888888686 0.037914691943127965
0 0.5502222222222222 0.21800947867298578 0.028444444444444647 0.037914691943127965
0 0.29777777777777775 0.2914691943127962 0.04088888888888899 0.04265402843601896
0 0.20177777777777778 0.17417061611374407 0.06577777777777778 0.07582938388625593
0 0.18755555555555556 0.9265402843601895 0.05511111111111111 0.06398104265402843
0 0.4951111111111111 0.11137440758293839 0.030222222222222223 0.045023696682464455
0 0.7715555555555556 0.245260663507109 0.033777777777777775 0.04739336492890995
0 0.6364444444444445 0.3080568720379147 0.032 0.04028436018957346
0 0.6195555555555555 0.25355450236966826 0.030222222222222223 0.04976303317535545
0 0.8017777777777778 0.22393364928909953 0.028444444444444446 0.03317535545023697
0 0.9191111111111111 0.19075829383886256 0.035555555555555556 0.04265402843601896
0 0.6951111111111111 0.27488151658767773 0.037333333333333336 0.04265402843601896
0 0.2773333333333333 0.8542654028436019 0.06222222222222222 0.09004739336492891
0 0.5493333333333333 0.1504739336492891 0.035555555555555556 0.045023696682464455
0 0.8177777777777778 0.3921800947867299 0.037333333333333336 0.026066350710900472
0 0.6764444444444444 0.19786729857819904 0.02311111111111111 0.03317535545023697
