0 0.19733333333333333 0.3400473933649289 0.05333333333333334 0.07345971563981042
0 0.18933333333333333 0.4490521327014218 0.064 0.06398104265402843
0 0.5768888888888889 0.8613744075829384 0.04088888888888889 0.05924170616113744
0 0.7937777777777778 0.6575829383886256 0.058666666666666666 0.06872037914691943
0 0.060444444444444446 0.4703791469194313 0.058666666666666666 0.07109004739336493
0 0.6204444444444445 0.7808056872037915 0.044444444444444446 0.06872037914691943
0 0.37244444444444447 0.20497630331753555 0.030222222222222223 0.054502369668246446
0 0.18933333333333333 0.504739336492891 0.060444444444444446 0.07819905213270129
0 0.5902222222222222 0.42890995260663506 0.05333333333333334 0.06635071090047394
0 0.3857777777777778 0.3886255924170616 0.05333333333333334 0.061611374407582936
0 0.704 0.02014218009478673 0.04088888888888889 0.04976303317535545
0 0.9635555555555556 0.6208530805687204 0.06222222222222222 0.06872037914691943
0 0.12 0.46327014218009477 0.06222222222222222 0.06872037914691943
