0 0.20622222222222222 0.0533175355450237 0.04088888888888889 0.06635071090047394
0 0.776 0.9135071090047393 0.030222222222222223 0.052132701421800945
0 0.6026666666666667 0.035545023696682464 0.05333333333333334 0.07582938388625593
0 0.037333333333333336 0.3578199052132701 0.02666666666666667 0.052132701421800945
0 0.13333333333333333 0.24407582938388625 0.03911111111111111 0.037914691943127965
0 0.04533333333333334 0.683649289099526 0.021333333333333322 0.04028436018957346
0 0.12177777777777778 0.28791469194312796 0.03911111111111111 0.045023696682464455
0 0.7431111111111111 0.9383886255924171 0.028444444444444647 0.04739336492890995
0 0.7884444444444444 0.8033175355450237 0.03555555555555576 0.04028436018957346
0 0.42044444444444445 0.2796208530805687 0.058666666666666666 0.07345971563981042
0 0.13244444444444445 0.4431279620853081 0.04088888888888889 0.04976303317535545
