0 0.3982222222222222 0.5521327014218009 0.05333333333333334 0.07582938388625593
0 0.3591111111111111 0.0071090047393364926 0.033777777777777775 0.02843601895734597
0 0.6968888888888889 0.9869668246445498 0.04088888888888889 0.04976303317535545
0 0.13333333333333333 0.16350710900473933 0.044444444444444446 0.05687203791469194
0 0.92 0.7559241706161137 0.060444444444444446 0.061611374407582936
0 0.472 0.9632701421800948 0.02666666666666667 0.052132701421800945
0 0.448 0.8495260663507109 0.05333333333333334 0.07345971563981042
0 0.49066666666666664 0.990521327014218 0.037333333333333336 0.02843601895734597
0 0.6088888888888889 0.5829383886255924 0.060444444444444446 0.06872037914691943
0 0.5191111111111111 0.5343601895734598 0.05333333333333334 0.07109004739336479
0 0.3413333333333333 0.46919431279620855 0.051555555555555556 0.07345971563981042
0 0.6302222222222222 0.9727488151658767 0.051555555555555556 0.07109004739336493
0 0.3671111111111111 0.12440758293838862 0.03911111111111111 0.06398104265402843
0 0.8391111111111111 0.5462085308056872 0.06933333333333333 0.0924170616113744
0 0.4008888888888889 0.2334123222748815 0.042666666666666665 0.054502369668246446
0 0.6213333333333333 0.9300947867298578 0.049777777777777775 0.07109004739336493
0 0.4826666666666667 0.466824644549763 0.05333333333333334 0.06398104265402843
