0 0.33866666666666667 0.3542654028436019 0.037333333333333336 0.030805687203791468
0 0.1991111111111111 0.05924170616113744 0.032 0.04976303317535545
0 0.6542222222222223 0.18838862559241706 0.06577777777777778 0.07109004739336493
0 0.5928888888888889 0.5533175355450237 0.05333333333333334 0.07582938388625593
0 0.4008888888888889 0.5118483412322274 0.049777777777777775 0.061611374407583075
0 0.4097777777777778 0.3305687203791469 0.032 0.04739336492890995
0 0.6471111111111111 0.5592417061611374 0.05511111111111111 0.07819905213270142
0 0.5173333333333333 0.5485781990521327 0.058666666666666666 0.07109004739336493
0 0.23022222222222222 0.22748815165876776 0.024888888888888887 0.037914691943127965
0 0.6746666666666666 0.7109004739336493 0.05688888888888889 0.10900473933649289
0 0.7288888888888889 0.9135071090047393 0.06933333333333333 0.1066350710900474
0 0.3244444444444444 0.2914691943127962 0.04088888888888889 0.054502369668246446
0 0.7102222222222222 0.2618483412322275 0.08177777777777778 0.1066350710900474
0 0.8435555555555555 0.5781990521327014 0.09066666666666687 0.11374407582938388
0 0.45511111111111113 0.47985781990521326 0.044444444444444446 0.09004739336492891
0 0.41955555555555557 0.283175355450237 0.033777777777777775 0.06398104265402843
0 0.2808888888888889 0.7748815165876777 0.05688888888888889 0.07109004739336493
0 0.19733333333333333 0.18364928909952608 0.032 0.04265402843601896
