0 0.7973333333333333 0.19549763033175355 0.05688888888888889 0.07345971563981042
0 0.45955555555555555 0.12203791469194313 0.028444444444444446 0.02132701421800948
0 0.49866666666666665 0.12322274881516587 0.032 0.045023696682464455
0 0.6 0.8293838862559242 0.037333333333333336 0.05687203791469194
0 0.9742222222222222 0.4395734597156398 0.049777777777777775 0.05924170616113744
0 0.9155555555555556 0.5687203791469194 0.08177777777777778 0.08530805687203792
0 0.816 0.0924170616113744 0.0640000000000002 0.07582938388625593
0 0.9164444444444444 0.39928909952606634 0.08 0.08293838862559241
0 0.4017777777777778 0.2725118483412322 0.032 0.045023696682464524
0 0.832 0.669431279620853 0.07466666666666667 0.0971563981042654
0 0.7564444444444445 0.2796208530805687 0.05333333333333334 0.06398104265402843
0 0.9857777777777778 0.3696682464454976 0.060444444444444446 0.09004739336492891
0 0.43733333333333335 0.11137440758293839 0.021333333333333333 0.045023696682464455
0 0.4648888888888889 0.08530805687203792 0.033777777777777775 0.054502369668246446
0 0.4186666666666667 0.22393364928909953 0.048 0.07345971563981042
0 0.4657777777777778 0.14691943127962084 0.024888888888888887 0.030805687203791503
0 0.5377777777777778 0.035545023696682464 0.037333333333333336 0.06398104265402843
