0 0.8844444444444445 0.8471563981042654 0.03911111111111111 0.054502369668246446
0 0.3075555555555556 0.3246445497630332 0.0319999999999999 0.045023696682464455
0 0.8 0.49170616113744076 0.035555555555555556 0.04976303317535545
0 0.13777777777777778 0.40639810426540285 0.048 0.05924170616113744
0 0.36444444444444446 0.5497630331753555 0.032 0.04265402843601896
0 0.22133333333333333 0.5533175355450237 0.048 0.04976303317535545
0 0.7751111111111111 0.471563981042654 0.028444444444444446 0.037914691943127965
0 0.6213333333333333 0.24170616113744076 0.032 0.035545023696682464
0 0.014222222222222223 0.38981042654028436 0.03911111111111111 0.035545023696682464
0 0.5066666666666667 0.0462085308056872 0.02666666666666667 0.03317535545023697
0 0.7786666666666666 0.6765402843601895 0.035555555555555556 0.054502369668246446
0 0.504 0.29265402843601895 0.032 0.026066350710900472
0 0.3893333333333333 0.5651658767772512 0.02311111111111111 0.037914691943127965
0 0.24533333333333332 0.4703791469194313 0.05333333333333334 0.061611374407582936
0 0.042666666666666665 0.7274881516587678 0.058666666666666666 0.061611374407582936
0 0.26844444444444443 0.5260663507109005 0.04622222222222222 0.04976303317535545
0 0.3671111111111111 0.8353080568720379 0.058666666666666666 0.07345971563981042
0 0.4533333333333333 0.15995260663507108 0.02666666666666667 0.030805687203791468
0 0.6435555555555555 0.2725118483412322 0.030222222222222223 0.03554502369668253
0 0.8328888888888889 0.7369668246445498 0.030222222222222223 0.04265402843601896
0 0.344 0.39454976303317535 0.030222222222222324 0.037914691943127965
0 0.5546666666666666 0.17417061611374407 0.02666666666666667 0.04265402843601896
0 0.4622222222222222 0.2014218009478673 0.02666666666666667 0.02843601895734597
0 0.9404444444444444 0.8886255924170616 0.049777777777777775 0.061611374407582936
0 0.9235555555555556 0.7879146919431279 0.04622222222222222 0.05924170616113744
0 0.4231111111111111 0.9845971563981043 0.044444444444444446 0.04976303317535545
0 0.19466666666666665 0.46445497630331756 0.051555555555555556 0.054502369668246446
0 0.33511111111111114 0.36018957345971564 0.02844444444444434 0.030805687203791468
0 0.3164444444444444 0.5248815165876777 0.05688888888888899 0.07819905213270156
0 0.6195555555555555 0.17417061611374407 0.030222222222222223 0.035545023696682464
0 0.3022222222222222 0.4194312796208531 0.037333333333333336 0.037914691943127965
0 0.8933333333333333 0.1066350710900474 0.04088888888888889 0.054502369668246446
0 0.40444444444444444 0.6303317535545023 0.030222222222222223 0.04028436018957346
0 0.7288888888888889 0.3518957345971564 0.02311111111111111 0.035545023696682464
0 0.058666666666666666 0.5355450236966824 0.07111111111111111 0.05687203791469194
