0 0.032 0.3353080568720379 0.035555555555555556 0.04976303317535545
0 0.042666666666666665 0.9312796208530806 0.049777777777777775 0.05924170616113744
0 0.5155555555555555 0.792654028436019 0.05511111111111111 0.08293838862559241
0 0.09688888888888889 0.9075829383886256 0.06755555555555555 0.07819905213270142
0 0.04088888888888889 0.683649289099526 0.049777777777777775 0.04739336492890995
0 0.3448888888888889 0.4881516587677725 0.058666666666666666 0.07345971563981042
0 0.11466666666666667 0.8341232227488151 0.058666666666666666 0.06872037914691943
0 0.27111111111111114 0.6161137440758294 0.05511111111111111 0.07345971563981042
0 0.8968888888888888 0.3305687203791469 0.06577777777777778 0.0947867298578199
0 0.06133333333333333 0.36018957345971564 0.030222222222222223 0.045023696682464455
0 0.38133333333333336 0.9620853080568721 0.032 0.035545023696682464
0 0.8577777777777778 0.44549763033175355 0.024888888888888887 0.045023696682464455
0 0.368 0.8033175355450237 0.04088888888888889 0.06398104265402843
0 0.296 0.9372037914691943 0.048 0.07345971563981042
0 0.23466666666666666 0.504739336492891 0.04088888888888889 0.05687203791469181
0 0.011555555555555555 0.8388625592417062 0.03911111111111111 0.054502369668246446
0 0.9848888888888889 0.38744075829383884 0.058666666666666666 0.06872037914691943
0 0.19555555555555557 0.7488151658767772 0.060444444444444446 0.07345971563981042
0 0.9697777777777777 0.6966824644549763 0.08 0.1018957345971564
0 0.3333333333333333 0.08175355450236967 0.08 0.11848341232227488
0 0.888 0.471563981042654 0.049777777777777775 0.05687203791469194
0 0.058666666666666666 0.3933649289099526 0.048 0.04028436018957346
0 0.84 0.4940758293838863 0.07644444444444444 0.07109004739336493
0 0.33066666666666666 0.9620853080568721 0.04622222222222222 0.06872037914691943
0 0.7404444444444445 0.0485781990521327 0.06222222222222222 0.08293838862559241
0 0.41155555555555556 0.29739336492890994 0.05688888888888889 0.1018957345971564
0 0.030222222222222223 0.47511848341232227 0.051555555555555556 0.06398104265402843
