0 0.5644257703081232 0.7817164179104478 0.04481792717086835 0.06716417910447761
0 0.469187675070028 0.625 0.0392156862745098 0.05223880597014925
0 0.30532212885154064 0.7201492537313433 0.02801120448179264 0.04477611940298507
0 0.5140056022408963 0.5690298507462687 0.03921568627450996 0.03731343283582089
0 0.6484593837535014 0.5074626865671642 0.03081232492997199 0.048507462686567165
0 0.3641456582633053 0.5988805970149254 0.03361344537815126 0.04477611940298507
0 0.44677871148459386 0.6492537313432836 0.03361344537815126 0.041044776119402986
0 0.20728291316526612 0.9235074626865671 0.03361344537815126 0.041044776119402986
0 0.25210084033613445 0.8003731343283582 0.03081232492997199 0.03731343283582089
0 0.45938375350140054 0.457089552238806 0.0392156862745098 0.048507462686567165
0 0.2689075630252101 0.9347014925373134 0.03361344537815126 0.055970149253731345
0 0.29411764705882354 0.7779850746268657 0.028011204481792718 0.048507462686567165
0 0.41456582633053224 0.5466417910447762 0.04481792717086835 0.055970149253731345
0 0.5546218487394958 0.5205223880597015 0.03361344537815126 0.041044776119402986
0 0.3333333333333333 0.7052238805970149 0.036414565826330535 0.05223880597014925
0 0.5084033613445378 0.6063432835820896 0.03081232492997199 0.03731343283582089
0 0.27310924369747897 0.8208955223880597 0.028011204481792798 0.04477611940298507
0 0.5462184873949579 0.5988805970149254 0.03921568627450996 0.04477611940298507
0 0.5294117647058824 0.5279850746268657 0.028011204481792718 0.03731343283582089
0 0.36694677871148457 0.542910447761194 0.047619047619047616 0.03731343283582089
0 0.2689075630252101 0.7294776119402985 0.03081232492997199 0.041044776119402986
0 0.6078431372549019 0.5615671641791045 0.036414565826330694 0.05223880597014925
0 0.5210084033613446 0.6958955223880597 0.04481792717086835 0.05970149253731343
0 0.38095238095238093 0.503731343283582 0.03081232492997199 0.03731343283582089
0 0.5938375350140056 0.5279850746268657 0.03361344537815126 0.041044776119402986
0 0.2535014005602241 0.7593283582089553 0.0392156862745098 0.052238805970149044
0 0.42857142857142855 0.6268656716417911 0.028011204481792718 0.041044776119402986
0 0.5714285714285714 0.5447761194029851 0.03361344537815126 0.04477611940298507
0 0.561624649859944 0.48134328358208955 0.025210084033613446 0.04477611940298507
0 0.29411764705882354 0.6902985074626866 0.03081232492997199 0.04477611940298507
0 0.16526610644257703 0.9813432835820896 0.036414565826330535 0.06343283582089553
0 0.33473389355742295 0.9496268656716418 0.042016806722689155 0.06343283582089553
0 0.4481792717086835 0.5354477611940298 0.028011204481792718 0.041044776119402986
0 0.48739495798319327 0.5597014925373134 0.03081232492997199 0.041044776119402986
0 0.5070028011204482 0.4608208955223881 0.03361344537815126 0.055970149253731345
0 0.41876750700280113 0.6026119402985075 0.03081232492997199 0.041044776119402986
0 0.2338935574229692 0.8507462686567164 0.025210084033613446 0.04477611940298507
0 0.5784313725490197 0.498134328358209 0.036414565826330375 0.041044776119402986
0 0.24929971988795518 0.878731343283582 0.04481792717086835 0.055970149253731345
0 0.36554621848739494 0.9253731343283582 0.05322128851540616 0.07462686567164178
0 0.38935574229691877 0.6175373134328358 0.028011204481792718 0.041044776119402986
0 0.28711484593837533 0.9682835820895522 0.03921568627450989 0.041044776119402986
0 0.3627450980392157 0.6772388059701493 0.03081232492997199 0.03731343283582089
0 0.3179271708683473 0.8302238805970149 0.036414565826330535 0.06343283582089553
0 0.4425770308123249 0.6921641791044776 0.04201680672268908 0.041044776119402986
0 0.38375350140056025 0.875 0.03081232492997199 0.048507462686567165
0 0.42296918767507 0.4701492537313433 0.04201680672268908 0.04477611940298507
0 0.38235294117647056 0.5764925373134329 0.03361344537815126 0.033582089552238806
0 0.3403361344537815 0.6082089552238806 0.0392156862745098 0.06343283582089553
0 0.3179271708683473 0.7723880597014925 0.03361344537815126 0.05970149253731343
0 0.35714285714285715 0.7294776119402985 0.0392156862745098 0.05223880597014925
0 0.40476190476190477 0.9701492537313433 0.047619047619047616 0.0708955223880597
0 0.19607843137254902 0.8899253731343284 0.04481792717086835 0.041044776119402986
0 0.6176470588235294 0.5261194029850746 0.03081232492997199 0.041044776119402986
0 0.33613445378151263 0.8955223880597015 0.053221288515406084 0.06716417910447761
0 0.4677871148459384 0.5634328358208955 0.03361344537815126 0.04477611940298507
0 0.211484593837535 0.9664179104477612 0.05042016806722689 0.06343283582089553
0 0.21008403361344538 0.8507462686567164 0.025210084033613446 0.0708955223880597
