0 0.5404444444444444 0.1895734597156398 0.03911111111111111 0.052132701421800945
0 0.5448888888888889 0.707345971563981 0.06755555555555555 0.08530805687203792
0 0.6266666666666667 0.10071090047393365 0.04622222222222222 0.06872037914691943
0 0.6257777777777778 0.9028436018957346 0.06577777777777778 0.0971563981042654
0 0.044444444444444446 0.5687203791469194 0.058666666666666666 0.06635071090047394
0 0.5182222222222223 0.4786729857819905 0.048 0.06398104265402843
0 0.33066666666666666 0.1504739336492891 0.060444444444444446 0.10426540284360189
0 0.5226666666666666 0.9644549763033176 0.07288888888888909 0.07819905213270142
0 0.064 0.6611374407582938 0.07111111111111111 0.08530805687203792
0 0.456 0.7867298578199052 0.05511111111111111 0.0924170616113744
0 0.016 0.79739336492891 0.051555555555555556 0.08293838862559241
