0 0.5546666666666666 0.22867298578199052 0.060444444444444446 0.09004739336492891
0 0.41244444444444445 0.16824644549763032 0.049777777777777775 0.07345971563981042
0 0.24266666666666667 0.504739336492891 0.049777777777777775 0.0734597156398103
0 0.26755555555555555 0.9004739336492891 0.07466666666666667 0.11137440758293839
0 0.25155555555555553 0.17772511848341233 0.044444444444444446 0.04976303317535545
0 0.1431111111111111 0.01066350710900474 0.033777777777777775 0.03317535545023697
0 0.1751111111111111 0.48578199052132703 0.049777777777777775 0.045023696682464455
0 0.1288888888888889 0.08886255924170616 0.035555555555555556 0.04739336492890995
0 0.2871111111111111 0.13744075829383887 0.049777777777777775 0.06635071090047394
0 0.036444444444444446 0.06042654028436019 0.044444444444444446 0.04739336492890995
