0 0.7182222222222222 0.6741706161137441 0.06933333333333333 0.08530805687203792
0 0.7608888888888888 0.8518957345971564 0.06222222222222242 0.08530805687203792
0 0.33511111111111114 0.5248815165876777 0.05155555555555545 0.07819905213270156
0 0.33155555555555555 0.14099526066350712 0.044444444444444446 0.0639810426540284
0 0.29688888888888887 0.49170616113744076 0.048 0.06398104265402843
0 0.2897777777777778 0.7085308056872038 0.049777777777777775 0.06635071090047394
0 0.27466666666666667 0.1481042654028436 0.044444444444444446 0.054502369668246446
0 0.3448888888888889 0.8815165876777251 0.06933333333333333 0.08530805687203792
0 0.2862222222222222 0.2665876777251185 0.04622222222222222 0.06635071090047394
0 0.2408888888888889 0.21919431279620852 0.035555555555555556 0.054502369668246446
0 0.034666666666666665 0.5035545023696683 0.058666666666666666 0.06398104265402843
0 0.11288888888888889 0.0971563981042654 0.048 0.06872037914691943
0 0.8062222222222222 0.10308056872037914 0.028444444444444446 0.035545023696682464
0 0.12355555555555556 0.2665876777251185 0.04622222222222222 0.04976303317535545
0 0.7155555555555555 0.4466824644549763 0.05688888888888909 0.06872037914691943
0 0.23377777777777778 0.09360189573459715 0.037333333333333336 0.06398104265402843
