0 0.9528888888888889 0.4277251184834123 0.037333333333333336 0.037914691943127965
0 0.24622222222222223 0.07582938388625593 0.024888888888888887 0.04028436018957346
0 0.14133333333333334 0.5319905213270142 0.04622222222222222 0.04976303317535545
0 0.037333333333333336 0.5177725118483413 0.042666666666666665 0.061611374407582804
0 0.38133333333333336 0.12322274881516587 0.037333333333333336 0.045023696682464455
0 0.5128888888888888 0.7334123222748815 0.049777777777777775 0.07819905213270142
0 0.05333333333333334 0.6492890995260664 0.05155555555555554 0.06635071090047394
0 0.20266666666666666 0.4146919431279621 0.042666666666666665 0.04976303317535545
0 0.5297777777777778 0.19075829383886256 0.032 0.045023696682464455
0 0.06844444444444445 0.40639810426540285 0.05511111111111111 0.061611374407582936
0 0.424 0.25355450236966826 0.035555555555555556 0.045023696682464455
0 0.7137777777777777 0.6492890995260664 0.04088888888888889 0.052132701421800945
0 0.37244444444444447 0.0035545023696682463 0.032 0.023696682464454975
0 0.8231111111111111 0.4158767772511848 0.033777777777777775 0.04028436018957346
0 0.7635555555555555 0.44786729857819907 0.035555555555555556 0.04976303317535545
0 0.2248888888888889 0.018957345971563982 0.033777777777777775 0.04265402843601896
0 0.35733333333333334 0.3732227488151659 0.042666666666666665 0.035545023696682464
0 0.4026666666666667 0.2890995260663507 0.042666666666666665 0.04976303317535545
0 0.752 0.33886255924170616 0.04088888888888889 0.04739336492890995
0 0.7208888888888889 0.34360189573459715 0.037333333333333336 0.04028436018957346
0 0.8266666666666667 0.21208530805687204 0.033777777777777775 0.052132701421800945
0 0.6284444444444445 0.17417061611374407 0.030222222222222223 0.052132701421800945
0 0.8044444444444444 0.037914691943127965 0.028444444444444446 0.03317535545023697
0 0.6871111111111111 0.533175355450237 0.042666666666666665 0.07109004739336493
0 0.6035555555555555 0.017772511848341232 0.032 0.037914691943127965
0 0.4648888888888889 0.0995260663507109 0.030222222222222223 0.035545023696682464
0 0.9457777777777778 0.28199052132701424 0.04088888888888889 0.04028436018957339
0 0.11911111111111111 0.30213270142180093 0.037333333333333336 0.052132701421800945
0 0.8995555555555556 0.41706161137440756 0.042666666666666665 0.054502369668246446
0 0.059555555555555556 0.3459715639810427 0.051555555555555556 0.05687203791469194
0 0.9315555555555556 0.5355450236966824 0.042666666666666665 0.061611374407582936
0 0.3413333333333333 0.016587677725118485 0.030222222222222223 0.02843601895734597
0 0.5733333333333334 0.48696682464454977 0.035555555555555556 0.04265402843601896
0 0.19555555555555557 0.45260663507109006 0.042666666666666665 0.052132701421800945
0 0.32355555555555554 0.7180094786729858 0.060444444444444446 0.08767772511848342
