0 0.21333333333333335 0.523696682464455 0.06577777777777773 0.08293838862559241
0 0.7493333333333333 0.5213270142180095 0.058666666666666666 0.08056872037914678
0 0.5546666666666666 0.9158767772511849 0.05333333333333334 0.08767772511848342
0 0.41155555555555556 0.23459715639810427 0.06577777777777778 0.0924170616113744
0 0.30666666666666664 0.43364928909952605 0.05688888888888889 0.05924170616113744
0 0.648 0.6848341232227488 0.05333333333333334 0.06872037914691943
0 0.8213333333333334 0.773696682464455 0.037333333333333336 0.04739336492890995
0 0.3164444444444444 0.5390995260663507 0.060444444444444544 0.08530805687203792
0 0.8826666666666667 0.8151658767772512 0.03911111111111111 0.052132701421800945
0 0.8844444444444445 0.523696682464455 0.06577777777777778 0.06635071090047394
0 0.44266666666666665 0.6789099526066351 0.06755555555555555 0.0971563981042654
0 0.28 0.3542654028436019 0.05688888888888879 0.07345971563981042
0 0.5102222222222222 0.9277251184834123 0.058666666666666666 0.08056872037914692
0 0.45066666666666666 0.35071090047393366 0.060444444444444446 0.07582938388625593
0 0.13333333333333333 0.41706161137440756 0.03911111111111111 0.05687203791469194
0 0.5466666666666666 0.5177725118483413 0.05511111111111111 0.0734597156398103
0 0.9173333333333333 0.7440758293838863 0.049777777777777775 0.061611374407582936
0 0.5857777777777777 0.6030805687203792 0.06577777777777778 0.07819905213270129
0 0.014222222222222223 0.41706161137440756 0.048 0.06635071090047394
0 0.7182222222222222 0.6291469194312796 0.05511111111111111 0.08530805687203792
0 0.052444444444444446 0.7097156398104265 0.048 0.05687203791469194
0 0.1351111111111111 0.6184834123222749 0.044444444444444446 0.05687203791469194
0 0.45422222222222225 0.9680094786729858 0.0639999999999999 0.07345971563981042
0 0.2826666666666667 0.254739336492891 0.058666666666666666 0.08293838862559241
