0 0.3884444444444444 0.590047393364929 0.064 0.0734597156398103
0 0.6071111111111112 0.18601895734597157 0.019555555555555555 0.023696682464454975
0 0.45066666666666666 0.783175355450237 0.05333333333333334 0.08767772511848342
0 0.4471111111111111 0.34834123222748814 0.037333333333333336 0.03317535545023697
0 0.688 0.07938388625592417 0.02666666666666687 0.03317535545023697
0 0.30933333333333335 0.16943127962085308 0.02666666666666667 0.037914691943127965
0 0.5688888888888889 0.24052132701421802 0.02311111111111111 0.035545023696682464
0 0.4328888888888889 0.32582938388625593 0.017777777777777778 0.026066350710900472
0 0.8 0.3744075829383886 0.05333333333333334 0.06872037914691943
0 0.050666666666666665 0.034360189573459717 0.02666666666666667 0.02132701421800948
0 0.17244444444444446 0.4703791469194313 0.05333333333333334 0.07582938388625593
0 0.5022222222222222 0.7334123222748815 0.058666666666666666 0.08767772511848342
0 0.456 0.14691943127962084 0.019555555555555555 0.026066350710900507
0 0.5591111111111111 0.5876777251184834 0.06933333333333333 0.08293838862559255
