0 0.016 0.14691943127962084 0.048 0.04502369668246449
0 0.8551111111111112 0.28554502369668244 0.04088888888888889 0.05687203791469201
0 0.46844444444444444 0.5201421800947867 0.05688888888888889 0.07582938388625593
0 0.22044444444444444 0.14099526066350712 0.02666666666666667 0.040284360189573425
0 0.6515555555555556 0.12440758293838862 0.033777777777777775 0.052132701421800945
0 0.9937777777777778 0.4218009478672986 0.028444444444444446 0.05687203791469194
0 0.9288888888888889 0.46800947867298576 0.04622222222222222 0.045023696682464455
0 0.9057777777777778 0.1670616113744076 0.028444444444444446 0.04265402843601896
0 0.752 0.6137440758293838 0.06222222222222222 0.08056872037914692
0 0.49422222222222223 0.17535545023696683 0.060444444444444446 0.06872037914691943
0 0.9084444444444445 0.7571090047393365 0.049777777777777574 0.06872037914691943
0 0.6622222222222223 0.1670616113744076 0.035555555555555556 0.04265402843601896
0 0.3582222222222222 0.783175355450237 0.06933333333333333 0.0995260663507109
0 0.8871111111111111 0.7808056872037915 0.02666666666666667 0.04028436018957346
0 0.9742222222222222 0.3578199052132701 0.04622222222222222 0.05924170616113744
0 0.632 0.20734597156398105 0.048 0.04739336492890995
0 0.9155555555555556 0.42417061611374407 0.044444444444444446 0.054502369668246446
0 0.896 0.2156398104265403 0.042666666666666665 0.052132701421800945
