0 0.08444444444444445 0.5604265402843602 0.033777777777777775 0.037914691943127826
0 0.528 0.7097156398104265 0.032 0.02843601895734597
0 0.7253333333333334 0.9443127962085308 0.02311111111111091 0.035545023696682464
0 0.30933333333333335 0.5734597156398105 0.03911111111111111 0.04502369668246432
0 0.7271111111111112 0.7772511848341233 0.044444444444444446 0.04028436018957346
0 0.408 0.8507109004739336 0.02666666666666677 0.035545023696682464
0 0.25955555555555554 0.5651658767772512 0.044444444444444446 0.045023696682464455
0 0.4311111111111111 0.9443127962085308 0.024888888888888887 0.04028436018957346
0 0.1511111111111111 0.6232227488151659 0.033777777777777775 0.04028436018957346
0 0.8088888888888889 0.30450236966824645 0.07288888888888889 0.08293838862559241
0 0.035555555555555556 0.5651658767772512 0.05511111111111111 0.04976303317535545
0 0.5413333333333333 0.9016587677725119 0.02666666666666667 0.03317535545023697
0 0.6328888888888888 0.816350710900474 0.0320000000000002 0.04028436018957346
0 0.04711111111111111 0.4928909952606635 0.037333333333333336 0.035545023696682464
0 0.5164444444444445 0.4052132701421801 0.05688888888888889 0.06635071090047394
0 0.1111111111111111 0.5947867298578199 0.030222222222222223 0.02843601895734597
0 0.6151111111111112 0.7701421800947867 0.035555555555555354 0.02843601895734597
0 0.10044444444444445 0.6718009478672986 0.02666666666666667 0.03317535545023697
0 0.408 0.9004739336492891 0.02311111111111121 0.045023696682464455
0 0.8506666666666667 0.1848341232227488 0.07466666666666667 0.1018957345971564
0 0.19377777777777777 0.8151658767772512 0.02666666666666667 0.030805687203791468
0 0.8062222222222222 0.8981042654028436 0.035555555555555556 0.02843601895734597
0 0.9004444444444445 0.669431279620853 0.049777777777777775 0.04976303317535545
0 0.7866666666666666 0.7890995260663507 0.032 0.04028436018957346
0 0.7662222222222222 0.9063981042654028 0.02311111111111111 0.035545023696682464
0 0.7564444444444445 0.9419431279620853 0.019555555555555555 0.037914691943127965
0 0.42844444444444446 0.504739336492891 0.05333333333333334 0.05213270142180081
0 0.5386666666666666 0.830568720379147 0.032 0.035545023696682464
