0 0.6542222222222223 0.4087677725118483 0.06933333333333333 0.08530805687203792
0 0.9537777777777777 0.45734597156398105 0.051555555555555556 0.06872037914691943
0 0.9368888888888889 0.6327014218009479 0.035555555555555556 0.04265402843601896
0 0.7066666666666667 0.5746445497630331 0.05333333333333334 0.07345971563981056
0 0.24622222222222223 0.0947867298578199 0.05333333333333334 0.0924170616113744
0 0.7768888888888889 0.19549763033175355 0.06933333333333333 0.08530805687203792
0 0.4071111111111111 0.6552132701421801 0.042666666666666665 0.061611374407582936
0 0.8364444444444444 0.5888625592417062 0.064 0.07345971563981042
0 0.5795555555555556 0.7191943127962085 0.04088888888888889 0.06398104265402843
0 0.1688888888888889 0.12796208530805686 0.060444444444444446 0.07345971563981046
0 0.42044444444444445 0.70260663507109 0.04622222222222222 0.05924170616113744
0 0.08355555555555555 0.3696682464454976 0.060444444444444446 0.04739336492890995
0 0.752 0.2950236966824645 0.048 0.07109004739336486
0 0.7786666666666666 0.12322274881516587 0.058666666666666666 0.0924170616113744
0 0.17244444444444446 0.6789099526066351 0.042666666666666665 0.06635071090047394
0 0.26844444444444443 0.7298578199052133 0.042666666666666665 0.061611374407582936
0 0.6053333333333333 0.6113744075829384 0.04977777777777798 0.06635071090047394
0 0.8097777777777778 0.4597156398104265 0.060444444444444446 0.08293838862559241
0 0.8577777777777778 0.46327014218009477 0.048 0.061611374407582936
0 0.7928888888888889 0.8293838862559242 0.05333333333333334 0.06398104265402843
