0 0.8026666666666666 0.6990521327014217 0.051555555555555556 0.08056872037914692
0 0.1582222222222222 0.6623222748815166 0.042666666666666714 0.07345971563981042
0 0.296 0.6800947867298578 0.051555555555555556 0.04028436018957346
0 0.5466666666666666 0.30924170616113744 0.04622222222222222 0.054502369668246446
0 0.22133333333333333 0.41113744075829384 0.044444444444444446 0.08056872037914692
0 0.5182222222222223 0.06872037914691943 0.035555555555555556 0.061611374407582936
0 0.064 0.21445497630331753 0.05511111111111111 0.06872037914691943
0 0.6453333333333333 0.022511848341232227 0.04622222222222222 0.05687203791469194
0 0.576 0.1623222748815166 0.042666666666666665 0.07109004739336493
0 0.7493333333333333 0.49881516587677727 0.06577777777777778 0.06872037914691943
0 0.6204444444444445 0.8732227488151659 0.030222222222222223 0.045023696682464455
0 0.16533333333333333 0.5379146919431279 0.05688888888888889 0.08530805687203805
0 0.13155555555555556 0.26066350710900477 0.04622222222222222 0.037914691943127896
0 0.984 0.693127962085308 0.05688888888888889 0.10426540284360189
0 0.18488888888888888 0.25118483412322273 0.060444444444444446 0.07109004739336493
