0 0.3671111111111111 0.6481042654028436 0.051555555555555556 0.07345971563981042
0 0.7377777777777778 0.8317535545023697 0.037333333333333336 0.045023696682464455
0 0.5368888888888889 0.23933649289099526 0.049777777777777775 0.07819905213270142
0 0.3973333333333333 0.7630331753554502 0.04622222222222222 0.07345971563981042
0 0.4657777777777778 0.12322274881516587 0.02311111111111111 0.030805687203791468
0 0.4702222222222222 0.8104265402843602 0.044444444444444446 0.05687203791469194
0 0.6764444444444444 0.4372037914691943 0.044444444444444446 0.05687203791469194
0 0.04888888888888889 0.5817535545023697 0.06222222222222222 0.07109004739336493
0 0.8364444444444444 0.4087677725118483 0.042666666666666665 0.05924170616113744
0 0.6382222222222222 0.283175355450237 0.05333333333333334 0.07109004739336493
0 0.8702222222222222 0.35545023696682465 0.032 0.035545023696682464
0 0.9235555555555556 0.5367298578199052 0.04622222222222222 0.05687203791469194
0 0.8515555555555555 0.2523696682464455 0.07111111111111111 0.08293838862559234
0 0.4 0.5888625592417062 0.04622222222222222 0.07345971563981042
0 0.8826666666666667 0.08412322274881516 0.048 0.07819905213270142
0 0.7875555555555556 0.22630331753554503 0.049777777777777775 0.06872037914691943
0 0.3244444444444444 0.6528436018957346 0.049777777777777775 0.07109004739336493
0 0.544 0.8495260663507109 0.044444444444444446 0.07109004739336493
0 0.19555555555555557 0.2677725118483412 0.05511111111111111 0.07109004739336493
0 0.3448888888888889 0.7239336492890995 0.05688888888888889 0.08767772511848342
0 0.43555555555555553 0.04383886255924171 0.05866666666666677 0.07109004739336493
0 0.25066666666666665 0.35545023696682465 0.060444444444444446 0.07582938388625593
