1 0.12088888888888889 0.1386255924170616 0.15644444444444444 0.20616113744075834
1 0.7804444444444445 0.5995260663507109 0.03733333333333313 0.05924170616113744
1 0.5128888888888888 0.005924170616113744 0.035555555555555556 0.04976303317535545
1 0.9511111111111111 0.31161137440758296 0.05511111111111111 0.07109004739336493
1 0.40444444444444444 0.06635071090047394 0.07111111111111111 0.06398104265402842
1 0.8737777777777778 0.8625592417061612 0.12088888888888889 0.17298578199052134
1 0.4826666666666667 0.1362559241706161 0.05333333333333334 0.06398104265402847
1 0.528 0.9158767772511849 0.1368888888888889 0.20853080568720378
1 0.6675555555555556 0.5924170616113744 0.09244444444444444 0.12796208530805686
1 0.5271111111111111 0.2618483412322275 0.044444444444444446 0.030805687203791468
1 0.552 0.731042654028436 0.09244444444444444 0.12559241706161137
1 0.21333333333333335 0.2890995260663507 0.16888888888888884 0.1943127962085308
