1 0.4746666666666667 0.02014218009478673 0.10488888888888889 0.11137440758293839
1 0.42577777777777776 0.4928909952606635 0.09066666666666667 0.15639810426540285
1 0.17333333333333334 0.6883886255924171 0.06577777777777778 0.10426540284360189
0 0.6346666666666667 0.1386255924170616 0.06933333333333333 0.10426540284360193
1 0.23377777777777778 0.7227488151658767 0.08533333333333333 0.13981042654028436
1 0.18133333333333335 0.8862559241706162 0.05155555555555551 0.0924170616113744
1 0.5164444444444445 0.792654028436019 0.08711111111111111 0.14691943127962084
1 0.8737777777777778 0.40165876777251186 0.05333333333333334 0.07582938388625593
1 0.3422222222222222 0.5545023696682464 0.16 0.2227488151658769
0 0.5662222222222222 0.6457345971563981 0.05333333333333334 0.07582938388625593
1 0.6462222222222223 0.06398104265402843 0.09955555555555555 0.1090047393364929
1 0.912 0.17180094786729858 0.030222222222222223 0.035545023696682464
