0 0.528 0.5616113744075829 0.04622222222222222 0.054502369668246446
0 0.26844444444444443 0.9869668246445498 0.060444444444444446 0.054502369668246446
0 0.38666666666666666 0.6623222748815166 0.07822222222222222 0.0971563981042654
0 0.128 0.8625592417061612 0.08 0.1018957345971564
0 0.5973333333333334 0.7914691943127962 0.07111111111111111 0.08767772511848342
0 0.6106666666666667 0.8791469194312796 0.03911111111111111 0.054502369668246446
0 0.5857777777777777 0.9632701421800948 0.030222222222222223 0.04739336492890995
0 0.6871111111111111 0.542654028436019 0.08533333333333333 0.1018957345971564
0 0.8373333333333334 0.13270142180094788 0.04622222222222222 0.08056872037914689
0 0.7271111111111112 0.8364928909952607 0.058666666666666666 0.08056872037914692
0 0.10666666666666667 0.11492890995260663 0.15288888888888885 0.17772511848341233
0 0.011555555555555555 0.030805687203791468 0.07466666666666667 0.0971563981042654
