0 0.9155555555555556 0.31635071090047395 0.09422222222222222 0.07109004739336493
0 0.8826666666666667 0.4537914691943128 0.08 0.0924170616113744
0 0.792 0.4549763033175355 0.07466666666666667 0.0924170616113744
0 0.592 0.5521327014218009 0.07111111111111111 0.06635071090047394
0 0.9537777777777777 0.7002369668246445 0.09422222222222222 0.11137440758293839
0 0.5591111111111111 0.5035545023696683 0.09422222222222222 0.11137440758293839
0 0.6533333333333333 0.5853080568720379 0.08355555555555555 0.11137440758293839
0 0.5893333333333334 0.6149289099526066 0.06933333333333333 0.08530805687203792
0 0.5182222222222223 0.6575829383886256 0.064 0.08767772511848342
0 0.7155555555555555 0.3862559241706161 0.08533333333333354 0.1066350710900474
0 0.9697777777777777 0.29976303317535546 0.06577777777777778 0.07819905213270142
0 0.8266666666666667 0.36018957345971564 0.05333333333333334 0.08056872037914692
0 0.7662222222222222 0.5687203791469194 0.07288888888888889 0.0924170616113744
0 0.7511111111111111 0.693127962085308 0.08355555555555555 0.0995260663507109
0 0.6773333333333333 0.7665876777251185 0.07644444444444444 0.1066350710900474
0 0.8613333333333333 0.11966824644549763 0.05688888888888889 0.08056872037914692
