0 0.1368888888888889 0.5722748815165877 0.021333333333333333 0.02843601895734597
1 0.18755555555555556 0.46919431279620855 0.02666666666666667 0.045023696682464455
0 0.03822222222222222 0.6789099526066351 0.024888888888888887 0.030805687203791468
0 0.16533333333333333 0.6895734597156398 0.032 0.04265402843601896
0 0.1928888888888889 0.8056872037914692 0.030222222222222223 0.02843601895734597
0 0.8302222222222222 0.35545023696682465 0.037333333333333336 0.030805687203791468
1 0.344 0.36729857819905215 0.046222222222222324 0.052132701421800945
0 0.2995555555555556 0.8495260663507109 0.021333333333333333 0.030805687203791468
0 0.12355555555555556 0.5959715639810427 0.02311111111111111 0.026066350710900472
0 0.5217777777777778 0.5071090047393365 0.032 0.045023696682464455
1 0.07644444444444444 0.8886255924170616 0.02311111111111111 0.035545023696682464
0 0.2995555555555556 0.3127962085308057 0.02666666666666667 0.035545023696682464
0 0.312 0.566350710900474 0.030222222222222223 0.04976303317535545
0 0.5706666666666667 0.1895734597156398 0.024888888888888887 0.02843601895734597
0 0.5555555555555556 0.3862559241706161 0.037333333333333336 0.037914691943127965
1 0.6355555555555555 0.4324644549763033 0.049777777777777775 0.052132701421800945
0 0.4177777777777778 0.38388625592417064 0.024888888888888787 0.045023696682464455
1 0.28 0.8447867298578199 0.030222222222222123 0.05687203791469194
0 0.5795555555555556 0.22867298578199052 0.02666666666666667 0.04028436018957346
0 0.19822222222222222 0.5106635071090048 0.030222222222222223 0.030805687203791468
0 0.12266666666666666 0.5580568720379147 0.019555555555555555 0.028436018957346106
1 0.6444444444444445 0.49170616113744076 0.05333333333333334 0.07345971563981042
0 0.5342222222222223 0.3518957345971564 0.032 0.04028436018957346
1 0.20622222222222222 0.4218009478672986 0.033777777777777775 0.035545023696682464
0 0.5191111111111111 0.5580568720379147 0.028444444444444446 0.0355450236966826
0 0.5457777777777778 0.17417061611374407 0.024888888888888887 0.023696682464454975
1 0.6888888888888889 0.3305687203791469 0.035555555555555556 0.05687203791469194
1 0.8071111111111111 0.22511848341232227 0.02311111111111111 0.026066350710900472
0 0.6613333333333333 0.3708530805687204 0.032 0.030805687203791468
0 0.20622222222222222 0.48459715639810425 0.02311111111111111 0.02843601895734597
0 0.544 0.15639810426540285 0.02311111111111111 0.02132701421800948
0 0.2862222222222222 0.42417061611374407 0.024888888888888887 0.02843601895734597
0 0.10311111111111111 0.735781990521327 0.02311111111111111 0.037914691943127965
0 0.2568888888888889 0.4656398104265403 0.030222222222222223 0.03317535545023697
0 0.6471111111111111 0.13033175355450238 0.019555555555555555 0.023696682464454943
1 0.37244444444444447 0.7002369668246445 0.02666666666666667 0.037914691943127965
1 0.47733333333333333 0.46445497630331756 0.05333333333333334 0.08293838862559241
1 0.39644444444444443 0.47985781990521326 0.037333333333333336 0.05687203791469194
0 0.4026666666666667 0.4004739336492891 0.017777777777777778 0.02843601895734597
1 0.16177777777777777 0.4656398104265403 0.02311111111111111 0.026066350710900472
0 0.6071111111111112 0.08293838862559241 0.019555555555555555 0.023696682464454975
1 0.6391111111111111 0.3791469194312796 0.035555555555555556 0.054502369668246446
0 0.06933333333333333 0.43601895734597157 0.028444444444444446 0.02843601895734597
1 0.608 0.6220379146919431 0.06933333333333333 0.07345971563981042
0 0.896 0.4206161137440758 0.08355555555555555 0.09004739336492891
0 0.8115555555555556 0.38507109004739337 0.044444444444444446 0.04028436018957346
1 0.07733333333333334 0.9644549763033176 0.02311111111111111 0.037914691943127965
0 0.5297777777777778 0.9893364928909952 0.060444444444444446 0.045023696682464455
