0 0.528 0.9052132701421801 0.05333333333333334 0.06872037914691943
0 0.4266666666666667 0.23459715639810427 0.04088888888888879 0.05687203791469194
1 0.9048888888888889 0.669431279620853 0.037333333333333336 0.04976303317535545
0 0.6542222222222223 0.17180094786729858 0.02311111111111111 0.037914691943127965
0 0.4 0.061611374407582936 0.042666666666666665 0.054502369668246446
0 0.4071111111111111 0.273696682464455 0.04622222222222222 0.05450236966824638
0 0.4391111111111111 0.17890995260663506 0.04622222222222222 0.05924170616113744
0 0.8524444444444444 0.8175355450236966 0.02311111111111111 0.035545023696682464
1 0.5288888888888889 0.9715639810426541 0.09777777777777778 0.11848341232227488
0 0.6471111111111111 0.21208530805687204 0.024888888888888887 0.03317535545023697
