0 0.5475555555555556 0.15402843601895735 0.021333333333333333 0.026066350710900472
0 0.3111111111111111 0.7440758293838863 0.05333333333333334 0.06872037914691943
1 0.5697777777777778 0.6824644549763034 0.024888888888888887 0.04976303317535545
1 0.5608888888888889 0.54739336492891 0.028444444444444446 0.04976303317535532
0 0.44622222222222224 0.4940758293838863 0.060444444444444446 0.08767772511848342
1 0.3688888888888889 0.3293838862559242 0.019555555555555555 0.023696682464454975
1 0.4968888888888889 0.33175355450236965 0.028444444444444446 0.037914691943127965
0 0.36088888888888887 0.740521327014218 0.064 0.08293838862559241
1 0.3377777777777778 0.46445497630331756 0.044444444444444446 0.052132701421800945
1 0.13866666666666666 0.4490521327014218 0.06577777777777778 0.07819905213270142
1 0.6506666666666666 0.1943127962085308 0.03377777777777798 0.054502369668246446
0 0.5271111111111111 0.1362559241706161 0.017777777777777778 0.028436018957346005
1 0.6631111111111111 0.5604265402843602 0.064 0.08530805687203778
1 0.5955555555555555 0.4146919431279621 0.06577777777777798 0.1018957345971564
0 0.3884444444444444 0.6409952606635071 0.05511111111111111 0.07345971563981042
1 0.6231111111111111 0.05687203791469194 0.023111111111111315 0.03317535545023697
1 0.3457777777777778 0.20616113744075829 0.019555555555555555 0.026066350710900472
1 0.37244444444444447 0.34360189573459715 0.02666666666666667 0.016587677725118485
1 0.33066666666666666 0.2014218009478673 0.019555555555555555 0.023696682464454975
0 0.6693333333333333 0.8981042654028436 0.048 0.07819905213270142
0 0.5128888888888888 0.15165876777251186 0.021333333333333333 0.026066350710900472
0 0.5342222222222223 0.10545023696682465 0.02311111111111111 0.030805687203791468
1 0.34755555555555556 0.10781990521327015 0.019555555555555555 0.023696682464454975
