0 0.6008888888888889 0.3981042654028436 0.06222222222222222 0.06872037914691943
0 0.76 0.41113744075829384 0.06933333333333333 0.0971563981042654
0 0.8231111111111111 0.16824644549763032 0.09422222222222222 0.11848341232227488
0 0.021333333333333333 0.5082938388625592 0.05511111111111111 0.132701421800948
0 0.49866666666666665 0.6789099526066351 0.07111111111111111 0.08293838862559241
0 0.464 0.17417061611374407 0.06755555555555555 0.05687203791469194
0 0.672 0.08530805687203792 0.051555555555555556 0.08530805687203792
0 0.5297777777777778 0.7902843601895735 0.08711111111111111 0.04976303317535545
0 0.39555555555555555 0.669431279620853 0.09066666666666667 0.12559241706161137
0 0.936 0.9739336492890995 0.09777777777777778 0.07345971563981042
0 0.6951111111111111 0.1386255924170616 0.044444444444444446 0.05213270142180098
0 0.19733333333333333 0.4194312796208531 0.08888888888888889 0.12085308056872038
0 0.06133333333333333 0.02132701421800948 0.08177777777777778 0.061611374407582936
0 0.5146666666666667 0.09360189573459715 0.060444444444444446 0.1018957345971564
0 0.8231111111111111 0.04976303317535545 0.06577777777777778 0.0924170616113744
0 0.7004444444444444 0.3921800947867299 0.05511111111111111 0.08767772511848342
0 0.32266666666666666 0.24644549763033174 0.06755555555555555 0.0971563981042654
0 0.7022222222222222 0.6409952606635071 0.07288888888888889 0.10426540284360189
0 0.6266666666666667 0.22274881516587677 0.051555555555555556 0.07582938388625593
0 0.6551111111111111 0.48578199052132703 0.07822222222222222 0.0971563981042654
0 0.37955555555555553 0.8222748815165877 0.07644444444444444 0.04028436018957346
0 0.058666666666666666 0.7938388625592417 0.09955555555555555 0.14691943127962084
0 0.5164444444444445 0.5011848341232228 0.08177777777777778 0.11374407582938376
0 0.7786666666666666 0.12914691943127962 0.048 0.07582938388625593
0 0.136 0.6279620853080569 0.08533333333333333 0.0924170616113744
0 0.6177777777777778 0.0071090047393364926 0.060444444444444446 0.035545023696682464
0 0.8142222222222222 0.3234597156398104 0.08533333333333333 0.10900473933649289
0 0.25866666666666666 0.4087677725118483 0.05511111111111111 0.10426540284360189
0 0.8115555555555556 0.42417061611374407 0.051555555555555556 0.0971563981042654
0 0.7866666666666666 0.8945497630331753 0.058666666666666666 0.04976303317535545
0 0.9271111111111111 0.19549763033175355 0.08533333333333333 0.10900473933649289
1 0.24177777777777779 0.9680094786729858 0.06577777777777778 0.10426540284360189
0 0.13155555555555556 0.9869668246445498 0.06222222222222222 0.08767772511848342
