0 0.6382222222222222 0.5864928909952607 0.060444444444444446 0.07109004739336493
0 0.7351111111111112 0.21682464454976302 0.06577777777777778 0.06398104265402843
0 0.5946666666666667 0.6433649289099526 0.07466666666666667 0.0971563981042654
0 0.4533333333333333 0.04976303317535545 0.033777777777777775 0.030805687203791468
0 0.19555555555555557 0.8720379146919431 0.07644444444444444 0.08056872037914692
0 0.3048888888888889 0.745260663507109 0.05511111111111111 0.08767772511848342
0 0.7368888888888889 0.0971563981042654 0.035555555555555556 0.045023696682464455
0 0.7866666666666666 0.9881516587677726 0.06933333333333333 0.05687203791469194
0 0.3688888888888889 0.4146919431279621 0.04622222222222222 0.04739336492890995
0 0.3208888888888889 0.5272511848341233 0.04622222222222222 0.05924170616113744
0 0.248 0.6350710900473934 0.060444444444444446 0.08293838862559241
0 0.3431111111111111 0.17654028436018956 0.030222222222222223 0.04976303317535545
0 0.2613333333333333 0.7014218009478673 0.06755555555555566 0.06398104265402843
0 0.13244444444444445 0.981042654028436 0.05511111111111111 0.054502369668246446
0 0.3893333333333333 0.2156398104265403 0.032 0.04739336492890995
0 0.8337777777777777 0.5497630331753555 0.03911111111111111 0.04739336492890995
0 0.6044444444444445 0.5272511848341233 0.07644444444444444 0.09004739336492891
0 0.6462222222222223 0.966824644549763 0.06222222222222222 0.07819905213270142
0 0.6666666666666666 0.7808056872037915 0.07644444444444444 0.08530805687203792
0 0.12177777777777778 0.7334123222748815 0.07288888888888889 0.07819905213270142
0 0.7493333333333333 0.7890995260663507 0.07822222222222222 0.10426540284360189
1 0.08888888888888889 0.22748815165876776 0.06755555555555555 0.06398104265402843
0 0.6657777777777778 0.70260663507109 0.07644444444444444 0.0947867298578199
0 0.728 0.6196682464454977 0.07288888888888889 0.10426540284360189
0 0.5297777777777778 0.18364928909952608 0.02666666666666667 0.03317535545023697
0 0.5662222222222222 0.33649289099526064 0.07111111111111111 0.06635071090047394
0 0.2906666666666667 0.514218009478673 0.032 0.0331753554502371
0 0.20977777777777779 0.6101895734597157 0.04622222222222222 0.05924170616113744
0 0.05333333333333334 0.9028436018957346 0.05155555555555554 0.04739336492890995
0 0.40355555555555556 0.37203791469194314 0.037333333333333336 0.054502369668246446
0 0.2942222222222222 0.5485781990521327 0.032 0.04028436018957346
0 0.49955555555555553 0.17298578199052134 0.033777777777777775 0.04028436018957346
0 0.7768888888888889 0.509478672985782 0.08 0.08767772511848342
0 0.7688888888888888 0.05568720379146919 0.042666666666666665 0.061611374407582936
0 0.013333333333333334 0.245260663507109 0.048 0.06872037914691943
0 0.8017777777777778 0.01066350710900474 0.035555555555555556 0.04976303317535545
0 0.2826666666666667 0.4265402843601896 0.064 0.07819905213270142
0 0.40355555555555556 0.08175355450236967 0.037333333333333336 0.026066350710900472
0 0.08355555555555555 0.2796208530805687 0.06577777777777778 0.04265402843601896
0 0.4613333333333333 0.24407582938388625 0.042666666666666665 0.037914691943127965
0 0.30666666666666664 0.9277251184834123 0.051555555555555556 0.054502369668246446
0 0.6106666666666667 0.26066350710900477 0.060444444444444446 0.04976303317535538
0 0.664 0.235781990521327 0.06933333333333333 0.07819905213270142
0 0.44533333333333336 0.18246445497630331 0.026666666666666564 0.035545023696682464
0 0.36444444444444446 0.8874407582938388 0.08711111111111111 0.11848341232227488
0 0.2817777777777778 0.8009478672985783 0.04088888888888889 0.06635071090047394
0 0.288 0.2713270142180095 0.033777777777777775 0.04265402843601896
0 0.8382222222222222 0.8175355450236966 0.058666666666666666 0.0971563981042654
0 0.6017777777777777 0.7713270142180095 0.07644444444444444 0.10426540284360189
0 0.8346666666666667 0.09360189573459715 0.04088888888888889 0.07345971563981042
0 0.5448888888888889 0.15402843601895735 0.033777777777777775 0.037914691943127965
0 0.8862222222222222 0.013033175355450236 0.048 0.052132701421800945
0 0.4391111111111111 0.21682464454976302 0.044444444444444446 0.04739336492890995
0 0.5217777777777778 0.79739336492891 0.07644444444444444 0.10900473933649289
0 0.352 0.35308056872037913 0.05333333333333334 0.06872037914691943
0 0.9128888888888889 0.48578199052132703 0.07466666666666667 0.08530805687203792
0 0.43377777777777776 0.9928909952606635 0.058666666666666666 0.052132701421800945
0 0.7324444444444445 0.17061611374407584 0.058666666666666666 0.061611374407582936
0 0.06844444444444445 0.5710900473933649 0.05688888888888889 0.07819905213270156
0 0.7991111111111111 0.7784360189573459 0.06222222222222222 0.0995260663507109
0 0.8026666666666666 0.5864928909952607 0.064 0.0924170616113744
0 0.56 0.2843601895734597 0.05688888888888868 0.054502369668246446
0 0.9333333333333333 0.5556872037914692 0.060444444444444446 0.08056872037914692
0 0.6702222222222223 0.28791469194312796 0.06222222222222202 0.05924170616113744
0 0.928 0.7049763033175356 0.06577777777777778 0.0947867298578199
0 0.3333333333333333 0.6350710900473934 0.07822222222222222 0.11374407582938388
0 0.3857777777777778 0.26895734597156395 0.02666666666666667 0.045023696682464524
