0 0.42997198879551823 0.9794776119402985 0.05322128851540616 0.07462686567164178
0 0.3697478991596639 0.024253731343283583 0.04481792717086835 0.05970149253731343
0 0.5532212885154062 0.6138059701492538 0.06162464985994398 0.07462686567164178
0 0.3865546218487395 0.9552238805970149 0.06442577030812324 0.08955223880597014
0 0.8207282913165266 0.417910447761194 0.05322128851540616 0.07462686567164178
0 0.3445378151260504 0.0708955223880597 0.04481792717086835 0.055970149253731345
0 0.0784313725490196 0.667910447761194 0.036414565826330535 0.05223880597014925
0 0.13585434173669467 0.6343283582089553 0.039215686274509845 0.04477611940298529
0 0.1638655462184874 0.667910447761194 0.04201680672268908 0.06343283582089553
0 0.10364145658263306 0.11007462686567164 0.04481792717086835 0.0708955223880597
0 0.08263305322128851 0.7388059701492538 0.036414565826330535 0.04477611940298507
0 0.3291316526610644 0.8675373134328358 0.05042016806722689 0.0708955223880597
0 0.24929971988795518 0.9384328358208955 0.04201680672268908 0.05223880597014925
0 0.8557422969187675 0.621268656716418 0.05322128851540616 0.0708955223880597
0 0.11764705882352941 0.6921641791044776 0.04481792717086835 0.05970149253731343
