0 0.26666666666666666 0.10071090047393365 0.09244444444444444 0.12796208530805686
0 0.6906666666666667 0.6161137440758294 0.07466666666666667 0.09004739336492891
0 0.7546666666666667 0.7369668246445498 0.07466666666666667 0.06872037914691943
0 0.22133333333333333 0.7985781990521327 0.060444444444444446 0.06398104265402843
0 0.7751111111111111 0.5758293838862559 0.10488888888888889 0.17061611374407584
0 0.008888888888888889 0.8388625592417062 0.10844444444444444 0.12085308056872038
0 0.7991111111111111 0.7997630331753555 0.10133333333333333 0.11374407582938388
1 0.2551111111111111 0.5118483412322274 0.09422222222222222 0.18483412322274895
0 0.8311111111111111 0.7345971563981043 0.06577777777777778 0.061611374407582936
0 0.07111111111111111 0.2618483412322275 0.12622222222222224 0.10426540284360189
0 0.24 0.9289099526066351 0.08533333333333333 0.0995260663507109
0 0.39644444444444443 0.2571090047393365 0.051555555555555556 0.045023696682464386
0 0.9422222222222222 0.07345971563981042 0.07644444444444444 0.09715639810426539
0 0.22755555555555557 0.2618483412322275 0.09777777777777778 0.13507109004739337
0 0.05422222222222222 0.9466824644549763 0.060444444444444446 0.08530805687203792
0 0.31377777777777777 0.02132701421800948 0.08888888888888889 0.1066350710900474
0 0.42044444444444445 0.5793838862559242 0.04088888888888889 0.08530805687203792
0 0.424 0.9040284360189573 0.037333333333333336 0.05687203791469194
0 0.08888888888888889 0.8139810426540285 0.05511111111111111 0.061611374407582936
0 0.3448888888888889 0.957345971563981 0.024888888888888887 0.061611374407582936
