0 0.5164444444444445 0.54739336492891 0.07111111111111111 0.08293838862559229
0 0.608 0.5071090047393365 0.07288888888888889 0.07345971563981042
0 0.2328888888888889 0.8578199052132701 0.08533333333333333 0.10426540284360189
1 0.5555555555555556 0.816350710900474 0.08355555555555555 0.14454976303317535
0 0.6231111111111111 0.9170616113744076 0.07644444444444465 0.13744075829383887
0 0.6711111111111111 0.6765402843601895 0.08888888888888889 0.11137440758293839
0 0.4497777777777778 0.5213270142180095 0.08 0.08293838862559229
0 0.10488888888888889 0.07819905213270142 0.10844444444444444 0.13270142180094788
0 0.18844444444444444 0.6623222748815166 0.08177777777777778 0.09004739336492891
0 0.14133333333333334 0.976303317535545 0.05688888888888889 0.08056872037914692
0 0.3884444444444444 0.5734597156398105 0.037333333333333336 0.0592417061611373
0 0.19644444444444445 0.0971563981042654 0.1351111111111111 0.17061611374407584
0 0.7191111111111111 0.5023696682464455 0.09244444444444444 0.1066350710900474
0 0.25422222222222224 0.7298578199052133 0.08888888888888889 0.11848341232227488
0 0.2408888888888889 0.46800947867298576 0.12622222222222224 0.13270142180094788
0 0.6213333333333333 0.7701421800947867 0.07466666666666667 0.12796208530805686
