0 0.22268907563025211 0.47574626865671643 0.03081232492997199 0.04477611940298507
0 0.34593837535014005 0.13992537313432835 0.03361344537815126 0.05970149253731343
0 0.8683473389355743 0.43843283582089554 0.047619047619047616 0.055970149253731345
0 0.32212885154061627 0.31716417910447764 0.03361344537815118 0.055970149253731234
0 0.19887955182072828 0.7518656716417911 0.036414565826330535 0.055970149253731345
0 0.2030812324929972 0.41044776119402987 0.03361344537815126 0.05223880597014925
0 0.3165266106442577 0.7779850746268657 0.03361344537815126 0.048507462686567165
0 0.9019607843137255 0.416044776119403 0.04481792717086835 0.048507462686567165
0 0.18207282913165265 0.6623134328358209 0.028011204481792718 0.048507462686567165
0 0.2703081232492997 0.7145522388059702 0.03081232492997199 0.048507462686567165
0 0.09103641456582633 0.6567164179104478 0.03081232492997199 0.041044776119402986
0 0.5098039215686274 0.5541044776119403 0.04481792717086835 0.06343283582089553
0 0.03361344537815126 0.6492537313432836 0.04481792717086835 0.055970149253731345
0 0.21428571428571427 0.5690298507462687 0.028011204481792718 0.04477611940298507
0 0.30952380952380953 0.2462686567164179 0.04201680672268908 0.055970149253731345
