0 0.6834733893557423 0.3675373134328358 0.05042016806722689 0.07462686567164178
0 0.788515406162465 0.4664179104477612 0.058823529411764705 0.06716417910447761
0 0.5448179271708683 0.6436567164179104 0.05322128851540632 0.08208955223880597
0 0.469187675070028 0.3619402985074627 0.04201680672268908 0.048507462686567165
0 0.47759103641456585 0.44216417910447764 0.036414565826330535 0.05223880597014915
0 0.06022408963585434 0.9701492537313433 0.04201680672268908 0.05223880597014925
0 0.23249299719887956 0.48880597014925375 0.047619047619047616 0.048507462686567165
0 0.6386554621848739 0.17537313432835822 0.04308154163896278 0.05222297842705873
0 0.6680672268907563 0.539179104477612 0.06162464985994413 0.0708955223880597
0 0.5695041088993433 0.17815482502651114 0.03659506762132061 0.04878048780487805
0 0.09243697478991597 0.9123134328358209 0.04481792717086835 0.055970149253731345
